$coord
         16.662404930943         -6.498106439354         -0.868591365296     c 
         16.721528665157         -4.199214933853         -2.123091488103     c 
         14.755136324774         -2.500645200622         -1.854415148241     c 
         12.699400199639         -3.087542326422         -0.312475119566     c 
         10.564094556608         -1.367627702131         -0.061728618423     c 
          8.192722535012         -2.254715131053         -0.133240755259     n 
          6.678608136804         -0.236870859594         -0.050427456465     c 
          4.040177766386         -0.297723967872         -0.136216659527     c 
          2.723894793325         -2.649923155845         -0.265860943933     c 
          0.160736902561         -2.673706995849         -0.219760994910     c 
         -1.223369979479         -0.358849650464         -0.045875739786     c 
         -3.917186758764         -0.256833888225         -0.039649733273     c 
         -5.246169886209          1.835496116488          0.973145051828     c 
         -7.829249508048          1.928213240381          0.989830029732     c 
         -9.273076764785         -0.069534896169         -0.007469584585     c 
        -11.888617172813          0.020409874192          0.008834490225     n 
        -13.149918099697          2.333349670228         -0.228871997387     c 
        -12.234132150659          4.193755741395         -1.861604176665     c 
        -13.492824004950          6.468872251941         -2.088327503166     c 
        -15.672455776688          6.922759821293         -0.706111949226     c 
        -16.591047788483          5.078479517581          0.913306159910     c 
        -15.345913476086          2.798183130653          1.159196971797     c 
        -13.300793119347         -2.203291192830          0.256760591078     c 
        -12.500435360712         -4.118529142373          1.886633507012     c 
        -13.904685904392         -6.305789057342          2.122735020390     c 
        -16.116603529182         -6.616354227524          0.752115580525     c 
        -16.921046839994         -4.716600502734         -0.863799483285     c 
        -15.530141465144         -2.523000311021         -1.118678720612     c 
         -7.985427222511         -2.161297892405         -1.024034046457     c 
         -5.402110088655         -2.246106079807         -1.042525236875     c 
          0.284097102293          1.863372763442          0.000649875643     c 
          2.732360685729          1.925426954481         -0.067898983573     n 
          8.006609082579          1.978484977284          0.111372421466     o 
         10.501958392515          1.287913522116          0.128549624986     c 
         12.379921772887          3.202636096244          0.423405023265     c 
         11.730927752968          5.743374191521         -0.024383906735     c 
         13.504683490361          7.629548810497          0.234194783640     c 
         15.960282993408          7.052193293516          0.961750807884     c 
         16.611716924777          4.558311723086          1.461645771092     c 
         14.857881307972          2.650893020285          1.208368263136     c 
         12.630714731563         -5.422992975431          0.904040875384     c 
         14.608728594975         -7.108006978954          0.637923528356     c 
         18.206582244333         -7.816307110090         -1.077075708002     h 
         18.303503644260         -3.729292368102         -3.324592248843     h 
         14.785702515387         -0.723594422402         -2.859080566973     h 
          3.838071846686         -4.354770211933         -0.328574455942     h 
         -0.840854124622         -4.451149879711         -0.225445088036     h 
         -4.198694474271          3.359682138235          1.830768598352     h 
         -8.785412392132          3.522308093507          1.833263922909     h 
        -10.555297945700          3.825868745670         -2.962400982397     h 
        -12.776025847783          7.890934845776         -3.364170855850     h 
        -16.650402592942          8.702973472058         -0.891517903988     h 
        -18.280641069131          5.424779394469          2.003709637423     h 
        -16.045632136591          1.371952395446          2.440053696315     h 
        -10.794518943485         -3.860509544333          2.976964384621     h 
        -13.276119362168         -7.771522852539          3.395822919505     h 
        -17.208199658683         -8.328584707367          0.943663506126     h 
        -18.635682023647         -4.952186990229         -1.944563612264     h 
        -16.141676100842         -1.053875009921         -2.396396932246     h 
         -9.060828391461         -3.685628330273         -1.852650850149     h 
         -4.475954575121         -3.838843343839         -1.914435223371     h 
         -0.608252646934          3.705361138698         -0.032847737467     h 
          9.820147397542          6.178400791624         -0.594286529247     h 
         12.980203840669          9.568177137416         -0.134970456344     h 
         17.348239282187          8.534632942879          1.157603923892     h 
         18.507902591084          4.105834451363          2.068472662986     h 
         15.364667061023          0.727409628057          1.654315085855     h 
         11.012725343406         -5.879331358381          2.060111795317     h 
         14.546429230240         -8.905038434880          1.604429246193     h 
$end
