 NM
 UV
 MMASS
   694.876999999998     
 LFAKTOR
  0.5
 RFAKTOR
  1.0
 WIDTH
  0.20
 SHIFT
  0.00
 DATXY
   1    3.2197     0.004976     0.233546     6.164551     3.363690
   2    3.3009     0.132933     0.037563    -4.300196    -2.995422
   3    3.3750     0.021892     0.095703    -4.350512    -2.358245
   4    3.6596     0.192494     0.093245    -4.146377    -2.886829
   5    3.7552     0.136528     0.073712    12.038490     8.220532
   6    3.7889     0.034744     0.019029   -61.646651   -62.641253
   7    3.7937     0.071392     0.041323    58.728248    62.483648
   8    4.0770     0.077354     0.059750     1.413831    -0.032223
   9    4.0965     0.105750     0.048545    -2.535354    -1.091071
  10    4.1397     0.103155     0.068296   -39.980802   -27.400935
  11    4.1553     0.328912     0.171103    49.517722    35.770456
  12    4.2522     0.030990     0.018593   -72.268576   -54.799642
  13    4.2573     0.045889     0.020161    36.177016    28.110100
  14    4.2750     0.700722     0.377605    31.798776    23.590263
  15    4.4059     0.169759     0.082809    -3.091940    -1.752284
  16    4.5073     0.083671     0.039603     2.346673     1.671066
  17    4.5852     0.014784     0.011018    -1.002320    -0.712307
  18    4.6221     0.025023     0.014351     0.211012    -0.078810
  19    4.6688     0.020516     0.019831     0.195186    -1.217459
  20    4.9096     1.069727     0.521288    -3.814253    -2.668317
  21    5.0183     1.128123     0.655182    -3.279988    -2.436542
  22    5.1607     0.208240     0.107747     1.465305     0.354307
  23    5.1786     0.028127     0.032042    -7.551459    -2.905383
  24    5.1886     0.206084     0.107390     5.771334     0.885261
  25    5.3811     0.017039     0.010614    -3.247921    -2.380346
  26    5.4958     0.113249     0.065411     8.362156     6.245465
  27    5.5219     0.204912     0.126041     1.289767     1.140400
  28    5.5925     0.002502     0.001107    -8.315443    -6.580733
  29    5.6313     0.031038     0.014188    12.343657     9.223827
  30    5.6483     0.204854     0.098511     4.531760     3.236410
  31    5.6640     0.017154     0.005989     8.586249     6.001873
  32    5.6814     0.019345     0.008848   -10.738665    -8.248247
  33    5.7051     0.003231     0.007401    -2.646498    -0.606255
  34    5.7447     0.006631     0.004953     1.948301     1.512971
  35    5.7855     0.014022     0.002377    -2.562303    -3.161252
  36    5.8400     0.049971     0.025015    -4.791696    -3.362405
  37    5.8501     0.002663     0.001625     1.250899     2.740262
  38    5.8637     0.004624     0.001153     5.841372    -0.669459
  39    5.9099     0.005469     0.002834    -7.576374    -7.552987
  40    5.9144     0.002168     0.000764   -34.995093   -24.918209
  41    5.9192     0.006765     0.003543     7.854772    12.986486
  42    5.9576     0.229548     0.116609    22.544576    15.216334
  43    6.0189     0.007361     0.003195    -0.295291     0.606315
  44    6.0337     0.028244     0.015453     5.916635     4.382156
  45    6.0514     0.004555     0.001777     0.144390    -0.639035
  46    6.0779     0.083895     0.047070     5.307957     2.949180
  47    6.0970     0.007359     0.001475    -6.014196    -3.641628
  48    6.1330     0.010893     0.002957     0.863982     0.036837
  49    6.1499     0.010558     0.005443    -0.516703     0.029066
  50    6.1608     0.006264     0.002206    -0.110353     0.091192
  51    6.1908     0.000234     0.000129    -0.483182    -0.169757
  52    6.2167     0.003642     0.001492     2.322186     4.925367
  53    6.2860     0.007504     0.029440    -0.961026    -3.137431
  54    6.3105     0.006220     0.002974     3.390085    -5.087218
  55    6.3286     0.003018     0.085896     2.250194     6.884652
  56    6.3454     0.182584     0.127837    -7.234741    -5.377545
  57    6.4621     0.029997     0.026806   -10.125354    -8.152751
  58    6.4909     0.054617     0.062820    31.663164    33.449184
  59    6.4969     0.054113     0.020922   -26.241170   -15.240805
  60    6.5048     0.002782     0.001992     9.411602     6.302959
  61    6.5231     0.039148     0.018925    -8.894668    -6.283764
  62    6.5527     0.022093     0.010684    -6.917956    -4.850269
  63    6.5617     0.262291     0.151886    35.559107    30.352980
  64    6.5705     0.000039     0.000070     1.408842    -1.346235
  65    6.5735     0.008225     0.003855   -17.740043   -12.052739
  66    6.5783     0.160747     0.093146     2.862985     1.845648
  67    6.5967     0.078698     0.050387    26.126597     8.495745
  68    6.6047     0.008239     0.004067   -32.959220   -15.187649
  69    6.6355     0.473458     0.277033    64.991902    49.341513
  70    6.6432     0.022108     0.009930   -11.582799    -9.062647
  71    6.6451     0.361484     0.190138    12.869337    10.190560
  72    6.6557     0.039254     0.018116   -56.551569   -50.578836
  73    6.6758     0.012052     0.006777   -62.443149   -56.629959
  74    6.6828     0.105232     0.061390    11.145766     8.619523
  75    6.7028     0.071638     0.079260    27.689375    35.676136
  76    6.7079     0.081716     0.036672     0.165611    -2.029522
  77    6.7192     0.018504     0.009635    10.105928     5.571609
  78    6.7382     0.006421     0.010655     2.677365     7.891752
  79    6.7425     0.007410     0.007218    -1.583740    -3.240487
  80    6.7523     0.021007     0.006883    16.011795    -6.475221
  81    6.7644     0.031737     0.025092    11.998832     6.784752
  82    6.7862     0.029672     0.014905    27.637233    26.027236
  83    6.7915     0.018608     0.006976   -42.354112   -32.791864
  84    6.8079     0.141848     0.084770    -4.396368    -1.604755
  85    6.8285     0.144592     0.082153    -6.760968    -6.385089
  86    6.9323     0.001755     0.066214     1.854074     7.948340
  87    6.9417     0.003891     0.001562    -4.304880     2.083051
  88    6.9455     0.004309     0.001703    -1.728336    -2.879828
  89    6.9518     0.005953     0.002251    -0.364461    -1.832585
  90    6.9549     0.002356     0.001957    -1.080395     5.870044
  91    6.9554     0.000521     0.000957     0.590473    -7.367732
  92    6.9658     0.002853     0.003169     0.654582    -1.759495
  93    6.9777     0.009775     0.007906    -4.038147     1.045215
  94    6.9815     0.002562     0.001571     1.356478     2.125876
  95    6.9842     0.007891     0.005976    -9.022559   -12.439291
  96    7.0054     0.017511     0.012443     6.761798     5.498148
  97    7.0213     0.065218     0.029822    -3.982158    -7.060934
  98    7.0729     0.005060     0.005852   -11.629402    -8.976710
  99    7.0848     0.014173     0.008766    -7.304360    -0.472274
 100    7.0891     0.001572     0.000610    -1.688255    -1.424641
 101    7.1060     0.004652     0.003893   -24.721713    13.587558
 102    7.1068     0.012100     0.011359   -31.814654   -29.842639
 103    7.1305     0.001469     0.001865     3.084516    -0.250850
 104    7.1391     0.013289     0.054801   -11.404091   -44.856865
 105    7.1532     0.032635     0.021215    46.596599    32.906756
 106    7.1548     0.311807     0.209591   -75.420270   -58.306430
 107    7.1787     0.528760     0.280539    74.463388    49.498401
 108    7.1964     0.072911     0.034992     8.701896   -29.560294
 109    7.2012     0.128782     0.043147   -76.393876   -42.504325
 110    7.2040     0.058198     0.061387   140.817606   159.663263
 111    7.2144     0.026935     0.032329    -8.483449    -1.952044
 112    7.2176     0.024964     0.038715   -31.318208   -42.409278
 113    7.2235     0.038482     0.043088    29.073520    46.754705
 114    7.2257     0.028385     0.027769   -13.168972   -23.774979
 115    7.2335     0.021979     0.003152    37.627571    15.862631
 116    7.2551     0.006342     0.010653   -13.419972    -9.392734
 117    7.2923     0.043640     0.023386    40.652553    -5.807924
 118    7.2997     0.008285     0.006826   -14.269077   -13.302512
 119    7.3059     0.028147     0.018072     9.109142     0.375120
 120    7.3116     0.076395     0.036645    -3.776475     1.534790
 121    7.3228     0.016699     0.061969    19.568565    37.828177
 122    7.3313     0.005067     0.008329    46.336660   -33.983856
 123    7.3367     0.026681     0.029943  -129.311884   -74.685274
 124    7.3420     0.073444     0.053400    91.484107   118.664613
 125    7.3642     0.055025     0.033762   -86.589712   -72.495276
 126    7.3767     0.053927     0.042969    55.985356    71.855467
 127    7.3792     0.005087     0.018478   -40.355136   -37.767229
 128    7.4172     0.039357     0.039376   -53.607404   -39.531742
 129    7.4415     0.135376     0.084369   106.251499    84.224844
 130    7.4446     0.183097     0.111121   -72.015198   -57.006746
 131    7.4647     0.013631     0.013988    -8.976552    -5.023930
 132    7.4868     0.040487     0.051479   -34.082019   -39.022298
 133    7.4925     0.027771     0.024604     7.005720     0.718093
 134    7.5021     0.088167     0.057091    44.744420    43.705404
 135    7.5146     0.202744     0.105577    42.328873    28.664690
 136    7.5267     0.206756     0.125151     1.374688     5.364925
 137    7.5509     0.004377     0.003377    10.006830     6.631406
 138    7.5733     0.084084     0.047405   -12.379549    -8.529425
 139    7.5774     0.157344     0.094587    13.125871    13.896178
 140    7.5915     0.046356     0.033336   -14.407478   -16.368516
 141    7.6004     0.173050     0.104848    15.199648    12.123644
 142    7.6086     0.076730     0.042607    -6.347297    -7.839730
 143    7.6119     0.020665     0.014263    -0.252570     5.983876
 144    7.6315     0.000325     0.000207     1.717328     1.087252
 145    7.6343     0.078363     0.055981   -13.068560   -13.720645
 146    7.6402     0.016243     0.010776     7.341524     8.930558
 147    7.6601     0.249851     0.136889   -41.451497   -29.694992
 148    7.7011     0.047031     0.078145    -2.851791    -4.069741
 149    7.7373     0.001355     0.028222    -8.558994    -6.818928
 150    7.7434     0.015452     0.115533    13.200999    11.809945
 151    7.7681     0.020185     0.006250   -10.984527    -4.708817
 152    7.7889     0.000034     0.000100    -0.330475    -1.103469
 153    7.7936     0.000181     0.000992    -1.713469     0.423089
 154    7.8176     0.004434     0.005088     2.244935   -28.896108
 155    7.8248     0.001554     0.223631     6.402060    47.506644
 156    7.8304     0.000041     0.011807    -4.317204   -22.175027
 157    7.8358     0.001800     0.025409    -4.656003    11.168592
 158    7.8490     0.000422     0.017285    -0.159872    -9.917988
 159    7.8593     0.000163     0.000723     2.940242    10.366475
 160    7.8596     0.002664     0.003206    -1.006269    -2.865139
 161    7.8782     0.001398     0.000219     0.690651    -2.325701
 162    7.8860     0.004318     0.002105    -6.018642    -2.801676
 163    7.8908     0.003852     0.003508    -1.047491    -7.943736
 164    7.9011     0.008369     0.028095     1.179595     3.780627
 165    7.9049     0.007609     0.012524    29.019769    18.277808
 166    7.9095     0.009164     0.010454   -26.289513   -10.669183
 167    7.9192     0.033873     0.019575    -3.742945    -8.644785
 168    7.9279     0.006639     0.005557    12.378061    12.529600
 169    7.9375     0.106107     0.068599   -23.213029   -19.420162
 170    7.9426     0.043141     0.026885   -13.990918   -11.123279
 171    7.9477     0.040489     0.025334    27.250238    23.038537
 172    7.9616     0.046399     0.031319    -2.104744   -14.807543
 173    7.9887     0.011321     0.015434   -11.951191    12.189180
 174    8.0224     0.000328     0.000197     6.733203     3.552996
 175    8.0356     0.049150     0.028233     1.516600    -7.376240
 176    8.0521     0.002885     0.002301     1.391810     2.050294
 177    8.0643     0.003632     0.002063    12.468027    11.356623
 178    8.0800     0.007958     0.003496    -3.255857    -2.559670
 179    8.0893     0.011887     0.010050    19.700955     0.250371
 180    8.0978     0.006476     0.008708     0.176149    10.865192
 181    8.1286     0.029846     0.018816    -3.952194    -3.437089
 182    8.1356     0.026139     0.020475    22.020563    17.525478
 183    8.1422     0.009839     0.008288   -52.861588   -38.494274
 184    8.1486     0.021270     0.020254    26.855222    -3.501571
 185    8.1616     0.198798     0.191288   -24.101610     1.373167
 186    8.1718     0.044319     0.012932     6.326443     2.775673
 187    8.1734     0.015570     0.026523    11.011242    14.099603
 188    8.1880     0.003332     0.001924    -1.128293     1.604079
 189    8.2154     0.010295     0.004356   -11.462995   -10.388819
 190    8.2239     0.001711     0.007335     2.391219     5.263611
 191    8.2353     0.002697     0.002635     5.054313    -2.750393
 192    8.2373     0.006768     0.017014    -6.644835    -8.964722
 193    8.2458     0.009478     0.022199     7.189951     7.924743
 194    8.2469     0.000929     0.003285     5.755702    18.083174
 195    8.2568     0.002707     0.002573    -5.584081    -5.331395
 196    8.2725     0.007038     0.006542    -3.480167     0.855556
 197    8.2752     0.003128     0.005607    -5.330667   -11.977653
 198    8.2853     0.040831     0.065709     7.392898     6.903019
 199    8.2880     0.037999     0.029693    -0.968994    -2.563612
 200    8.2915     0.001911     0.001374     0.872524     0.623249
 201    8.3000     0.005807     0.022913    -0.044948     7.053708
 202    8.3055     0.004529     0.005642   -10.692976    -8.067024
 203    8.3104     0.009912     0.005029     4.314816    -0.840903
 204    8.3130     0.001079     0.000630    -0.798114    -0.835410
 205    8.3186     0.004022     0.003236    -7.190362    -5.838823
 206    8.3196     0.001796     0.002184     9.153340     3.681484
 207    8.3225     0.000636     0.000542    -4.928110    -2.626548
 208    8.3335     0.036178     0.023293    -8.072530    -6.060975
 209    8.3397     0.025358     0.018363     9.689025     7.029978
 210    8.3409     0.000556     0.000511    -1.565707     0.732687
 211    8.3440     0.012650     0.018830   -12.063547   -15.605695
 212    8.3478     0.006783     0.005691     5.587525     5.557752
 213    8.3542     0.001847     0.001367     2.806957     2.567751
 214    8.3571     0.004657     0.010672     1.105870     2.348076
 215    8.3645     0.002356     0.012106     5.890548     5.423165
 216    8.3725     0.038051     0.021286   -11.121585    -9.050928
 217    8.3737     0.042679     0.013269     2.552817     5.721492
 218    8.3827     0.007224     0.011834     2.909443     4.398651
 219    8.3907     0.009447     0.001830    -5.070637    -3.339370
 220    8.3938     0.002978     0.002273    -0.888058     0.973902
 221    8.4071     0.001636     0.000727    -2.694739    -2.767603
 222    8.4132     0.000369     0.000591     0.635227    -4.106131
 223    8.4321     0.019568     0.013600    -3.340178    -2.890505
 224    8.4362     0.000647     0.001694     2.211111     1.063421
 225    8.4495     0.002456     0.001189    -0.676895    -0.497869
 226    8.4586     0.002474     0.001936     3.823438     2.962399
 227    8.4618     0.003678     0.010908    -1.010131     1.181952
 228    8.4728     0.010105     0.003706     1.060727     0.425407
 229    8.4870     0.002809     0.000988    -2.352986    -1.154030
 230    8.4893     0.007987     0.001884     3.301832     2.863906
 231    8.4985     0.006436     0.016019    -1.064165    -9.353978
 232    8.5025     0.000155     0.003576    -2.933749    -0.094591
 233    8.5091     0.001316     0.000666     2.888537    -1.678548
 234    8.5163     0.003566     0.002940     8.630103    15.378121
 235    8.5370     0.000687     0.027756     1.232438    -8.991032
 236    8.5432     0.000526     0.000531    -2.809202    -0.453280
 237    8.5534     0.000048     0.000187    -0.376734     1.275495
 238    8.5717     0.003135     0.001277     1.752987     0.780934
 239    8.5752     0.001206     0.001472    -0.390012     2.506237
 240    8.5851     0.002807     0.002826    -2.978340    -0.792192
 241    8.5868     0.018694     0.013098    -4.471031    -2.077205
 242    8.6002     0.021405     0.015587    10.265960     4.264523
 243    8.6085     0.011849     0.010135    -9.413522    -8.952764
 244    8.6200     0.020609     0.042353    -0.773321    -1.858951
 245    8.6316     0.008341     0.005684     0.750678     1.130185
 246    8.6407     0.000231     0.000172     1.794166     1.581265
 247    8.6466     0.006122     0.005926    -1.357384    -1.178297
 248    8.6603     0.000095     0.000148    -0.194761     0.081524
 249    8.6639     0.000903     0.000247    -2.970172     0.578162
 250    8.6653     0.002686     0.004727    -0.704776    -1.714889
 251    8.6699     0.000184     0.000163     2.017838     1.739722
 252    8.6735     0.001576     0.001452    -3.273199    -3.049678
 253    8.6777     0.000232     0.000136    -0.497768    -1.034112
 254    8.6847     0.002796     0.002477    -0.275956    -0.346252
 255    8.6950     0.004787     0.001899     0.507700     0.318315
 256    8.6963     0.000562     0.000354     0.172913     0.231756
 257    8.7066     0.009708     0.007716    -3.589147    -3.304422
 258    8.7069     0.005795     0.004114    -1.329623    -0.499891
 259    8.7140     0.003502     0.000673     3.165906    -1.244988
 260    8.7197     0.009944     0.007157    -1.473513    -1.749914
 261    8.7248     0.001476     0.003820    -3.852590   -21.594561
 262    8.7299     0.022980     0.004599    -3.233733     1.271025
 263    8.7341     0.002634     0.001758    -3.042691    -2.617932
 264    8.7351     0.001297     0.001568     0.746206     0.502163
 265    8.7465     0.004065     0.002109    -7.612343    -5.629679
 266    8.7514     0.084070     0.047100     6.841929     1.625332
 267    8.7590     0.009901     0.045518    -9.049110    -9.116460
 268    8.7615     0.042456     0.033556    -1.506590    -3.773762
 269    8.7661     0.007150     0.012331    17.056108    28.149683
 270    8.7710     0.011825     0.011257     6.207458     8.545415
 271    8.7728     0.013629     0.016420    -1.690895     4.043417
 272    8.7844     0.014780     0.009739    -8.006572    -0.765640
 273    8.7892     0.008321     0.000644    -2.755237    -1.056632
 274    8.7925     0.020321     0.000330     4.378603     0.994939
 275    8.8131     0.005049     0.000251     0.364592     0.129120
 276    8.8151     0.008297     0.004380     7.653913     4.039878
 277    8.8232     0.004452     0.011917     2.683409     5.486098
 278    8.8286     0.000602     0.000093     8.598118     4.255692
 279    8.8342     0.000890     0.000237     3.285735     2.269048
 280    8.8466     0.026382     0.011236    -0.917423    -1.069355
 281    8.8545     0.002198     0.001490    -3.547464     1.184945
 282    8.8586     0.000342     0.000437    -3.359360    -6.118501
 283    8.8615     0.007551     0.005006    14.952267    14.784711
 284    8.8701     0.000041     0.000034     0.317295     0.950104
 285    8.8788     0.010700     0.007885    -7.089698   -12.290264
 286    8.8813     0.015681     0.009571     1.482708     3.908885
 287    8.8924     0.017366     0.007595     8.496078     7.978105
 288    8.8929     0.002216     0.002750   -11.995850    -5.358498
 289    8.9015     0.012882     0.010163     8.357560    -9.198999
 290    8.9078     0.004775     0.005750   -11.623336     0.291604
 291    8.9094     0.005797     0.003202     3.118779     0.888578
 292    8.9138     0.015102     0.016554    -8.082012    -0.645083
 293    8.9167     0.002386     0.009491     1.362691    -1.580900
 294    8.9219     0.006466     0.003031    -1.584938    -0.231279
 295    8.9250     0.012336     0.008791     3.198846     7.527740
 296    8.9315     0.032360     0.008006     0.202162    -1.325142
 297    8.9405     0.011222     0.014905    -7.929042   -11.033262
 298    8.9459     0.009198     0.003521     3.868715     3.298419
 299    8.9469     0.005638     0.006092    -1.500494     0.220184
 300    8.9521     0.001466     0.002301     3.074197     3.682821
 301    8.9550     0.022927     0.016528   -10.461412   -16.836801
 302    8.9623     0.002678     0.000560     0.734919     2.339315
 303    8.9734     0.002937     0.001401     0.423520     2.397000
 304    8.9794     0.019181     0.013472    19.074122    15.927768
 305    8.9838     0.071281     0.037695   -11.392626    -9.899608
 306    8.9867     0.006876     0.003045    -5.671272    -6.024613
 307    8.9938     0.006643     0.003399     0.808154     1.093042
 308    8.9962     0.005680     0.003675    19.561951    12.728603
 309    9.0027     0.007579     0.005004   -30.976101   -23.883332
 310    9.0057     0.002717     0.002125     9.126598     9.642406
 311    9.0131     0.026090     0.005553    19.071450     9.213203
 312    9.0161     0.003036     0.002937     1.075184     1.595727
 313    9.0202     0.010743     0.002690    -2.397198     0.105520
 314    9.0282     0.009194     0.001133    -2.192815    -2.258552
 315    9.0342     0.004180     0.001476    -7.402146    -4.683619
 316    9.0415     0.013757     0.007833    13.900903     9.416595
 317    9.0444     0.002685     0.010488     2.340685     3.280266
 318    9.0588     0.023386     0.010369    -4.315377    -5.387638
 319    9.0663     0.009139     0.003706     2.116199     5.327592
 320    9.0712     0.013487     0.003882     5.951939     5.252541
 321    9.0752     0.024772     0.014372   -14.784039    -2.222243
 322    9.0795     0.020784     0.022269     1.173962    -5.345202
 323    9.0834     0.018025     0.010119   -31.021065   -20.288353
 324    9.0893     0.010618     0.006532    15.919827    12.604419
 325    9.0926     0.001720     0.001570    21.316597    11.833431
 326    9.1006     0.002104     0.001918     3.058304     6.538538
 327    9.1043     0.003155     0.006607   -10.887323   -15.841633
 328    9.1062     0.005593     0.005673     8.151308    12.599430
 329    9.1162     0.004483     0.002371   -12.427526    -7.503886
 330    9.1210     0.101099     0.061796    33.273721    24.347043
 331    9.1218     0.002095     0.000965    -5.829513    -2.014979
 332    9.1295     0.004713     0.004120     5.188454     3.509061
 333    9.1321     0.003481     0.011350     1.926013     5.638567
 334    9.1437     0.005684     0.010067    -0.297036    -2.779805
 335    9.1487     0.001060     0.000579     7.625087    -1.953581
 336    9.1516     0.007270     0.006801    -6.698258    -3.404163
 337    9.1534     0.007813     0.003358    10.621200     6.456506
 338    9.1554     0.005778     0.006023    -9.287223    -8.229650
 339    9.1624     0.002410     0.001856     4.104941    -0.605774
 340    9.1665     0.001884     0.001348    -7.949629    -0.364726
 341    9.1699     0.000300     0.000049    -1.631870    -0.046655
 342    9.1728     0.002160     0.010144     6.327139     0.655041
 343    9.1753     0.004256     0.008649   -14.370120    -9.382047
 344    9.1818     0.001946     0.001242     4.110683     1.046571
 345    9.1868     0.007113     0.006556    12.194886   -11.700011
 346    9.1925     0.001012     0.000842   -10.363136    -1.790387
 347    9.1945     0.010676     0.004680   -27.532568     1.597036
 348    9.1966     0.001098     0.001125    -8.746525   -10.705811
 349    9.1984     0.013497     0.003462    23.664047     9.325611
 350    9.2059     0.011505     0.006784    -3.699669    -5.087666
 351    9.2126     0.002297     0.007215     4.105247    17.346605
 352    9.2204     0.000592     0.011868     4.254248    -2.955805
 353    9.2231     0.005004     0.018571     2.196154     5.332094
 354    9.2262     0.005433     0.004885    -4.430542    -4.119291
 355    9.2300     0.024743     0.021888    -6.155603    -5.457956
 356    9.2474     0.000538     0.000328    -0.172212     1.122139
 357    9.2494     0.000347     0.000695    -2.635344    -5.663966
 358    9.2528     0.000547     0.000076     3.177811     0.553713
 359    9.2596     0.001260     0.000656    -2.240524     3.480620
 360    9.2636     0.000621     0.009791     1.205480    -0.747826
 361    9.2688     0.000328     0.001584     0.224682    -2.027204
 362    9.2710     0.001297     0.000545    -1.070768    -1.782612
 363    9.2780     0.000195     0.003969     2.245517    -1.765036
 364    9.2799     0.003115     0.001128    -7.143294    -2.253553
 365    9.2823     0.000649     0.000969     3.067345     2.309145
 366    9.2920     0.001904     0.000243    -0.253820     0.014735
 367    9.2954     0.000329     0.002118     0.676854     0.392494
 368    9.3054     0.012342     0.012502    -4.581223    -2.674204
 369    9.3071     0.000515     0.002959     0.911372     2.363580
 370    9.3151     0.000372     0.000193    -0.961728    -0.716448
 371    9.3192     0.001451     0.002569     0.672517     0.373122
 372    9.3294     0.001542     0.000722     5.400743     4.354391
 373    9.3405     0.001838     0.004360     1.156506     1.696446
 374    9.3485     0.000130     0.000716    -0.623547    -1.825903
 375    9.3502     0.002626     0.003202    -0.996914    -0.403964
 376    9.3523     0.000271     0.000412    -0.250040     0.475955
 377    9.3535     0.005148     0.001271     3.467618     2.899199
 378    9.3562     0.003772     0.001787    -7.954860    -5.878827
 379    9.3648     0.000189     0.000129     0.276872     0.752356
 380    9.3893     0.004127     0.000353    -2.038522    -0.364466
 381    9.3906     0.000035     0.000126     0.234532     0.771711
 382    9.3923     0.000742     0.000650     4.730520     4.350234
 383    9.3948     0.000493     0.000738    -3.728887     0.929859
 384    9.4027     0.006989     0.005058    13.631816    11.714530
 385    9.4042     0.001435     0.001696    -4.689577     1.594629
 386    9.4095     0.001799     0.006066     3.710720     2.321913
 387    9.4136     0.005517     0.017997    -4.043057    -9.384841
 388    9.4150     0.000235     0.000404    -0.986632    -4.993144
 389    9.4248     0.000975     0.001473     2.090063     0.590654
 390    9.4327     0.000161     0.000106    -2.046455    -1.168217
 391    9.4372     0.003902     0.011989     5.719779    10.545352
 392    9.4463     0.000768     0.000917    -8.722930   -14.340741
 393    9.4503     0.000694     0.011506     3.818448     7.499827
 394    9.4578     0.000250     0.004088     1.593168     3.916966
 395    9.4614     0.000429     0.000441    -0.292963    -0.783113
 396    9.4644     0.000176     0.000978    -0.101353    -5.384341
 397    9.4690     0.000387     0.000317    -0.838903     0.372449
 398    9.4733     0.001379     0.003148     1.175215    -6.244937
 399    9.4757     0.001339     0.002664    -1.405269     7.514965
 400    9.4792     0.000193     0.000883    -0.456202    -1.025711
 401    9.4891     0.001192     0.000732    -0.959930    -1.326777
 402    9.4914     0.001179     0.001001     2.312493     2.747581
 403    9.4983     0.002972     0.005924     0.979233    -0.492221
 404    9.5087     0.000122     0.000305    -0.140434     0.057092
 405    9.5167     0.004355     0.014894     4.712224     4.718407
 406    9.5200     0.001005     0.002535    -2.869424    -6.803069
 407    9.5213     0.003117     0.002024     1.400404     5.063564
 408    9.5275     0.000113     0.002431     0.031208     0.732788
 409    9.5376     0.001109     0.004060     2.407265     2.110477
 410    9.5407     0.001632     0.003632    -0.045015     3.381280
 411    9.5448     0.000530     0.002212    -3.131451     5.619660
 412    9.5466     0.000520     0.010101     1.372187    -6.672648
 413    9.5493     0.003352     0.002927    -6.617143   -11.819050
 414    9.5540     0.000970     0.001497    -0.474599     0.029996
 415    9.5605     0.000363     0.000305     1.100044     0.664074
 416    9.5658     0.002161     0.002331     4.595490     3.405845
 417    9.5671     0.004943     0.003032   -12.863324     1.688132
 418    9.5708     0.004075     0.005294     4.694166    -1.463682
 419    9.5731     0.000924     0.001353     2.048675     1.515495
 420    9.5770     0.000735     0.003078    -1.195879    -0.364823
 421    9.5859     0.001570     0.002723    -4.034023    -7.868856
 422    9.5894     0.002373     0.002039     4.180444     4.488493
 423    9.5943     0.003968     0.003572     5.180391     5.038532
 424    9.5978     0.001176     0.000899    -1.309124    -4.203854
 425    9.5990     0.008282     0.003137     4.429863     1.468541
 426    9.6024     0.004562     0.002021     0.835054     0.235081
 427    9.6092     0.003669     0.002266    -1.804280    -1.236394
 428    9.6180     0.001428     0.003596     2.283680     3.782171
 429    9.6233     0.001393     0.000682    -4.577756    -5.549276
 430    9.6276     0.001602     0.002951    -2.086464    -1.411305
 431    9.6321     0.000643     0.000275     0.414501     0.538966
 432    9.6339     0.000780     0.000341    -0.648215    -1.085298
 433    9.6444     0.003002     0.002818    -1.388904    -1.198560
 434    9.6499     0.001177     0.000474    -2.729647    -4.245801
 435    9.6553     0.005922     0.001993    -6.114381    -4.040763
 436    9.6587     0.006114     0.003874     9.396743     6.991573
 437    9.6659     0.005989     0.004764     2.978741     3.010367
 438    9.6690     0.000936     0.000381    -4.367150    -3.633641
 439    9.6740     0.000017     0.000228    -0.650453    -2.059780
 440    9.6852     0.001531     0.002274     0.702508    -0.463663
 441    9.6867     0.005837     0.003300     5.527218     5.555792
 442    9.6884     0.005403     0.002207    -2.800727    -3.452286
 443    9.6925     0.001377     0.001011    -2.896517    -3.041770
 444    9.6931     0.001374     0.004734     0.106106     0.487893
 445    9.7018     0.008716     0.006883    -0.916379    -1.594287
 446    9.7062     0.002562     0.005559     6.085170     9.046739
 447    9.7095     0.001931     0.001316    -5.022487    -0.130565
 448    9.7107     0.002655     0.001829     0.655382    -5.754776
 449    9.7149     0.000291     0.000209     0.937167     0.718271
 450    9.7177     0.004683     0.002016    -1.124196    -1.155173
 451    9.7219     0.001202     0.006961     0.104917    -0.541983
 452    9.7232     0.001254     0.002483     1.473510     3.503559
 453    9.7360     0.007276     0.008469     1.362705     2.433107
 454    9.7371     0.009309     0.007645     3.521927     4.995178
 455    9.7414     0.002915     0.001679    -3.930565    -2.695162
 456    9.7446     0.003486     0.001353    -1.136140    -1.712075
 457    9.7502     0.002854     0.008095    -3.387614    -1.723333
 458    9.7534     0.001333     0.002510     0.950528     0.774096
 459    9.7558     0.002443     0.004688    -5.486677    -2.959413
 460    9.7578     0.003166     0.003667    11.819292     5.516409
 461    9.7605     0.003600     0.002154    -9.040412   -11.107087
 462    9.7684     0.000804     0.000730    -7.670412     0.930513
 463    9.7749     0.009874     0.002273    -1.343007     0.831054
 464    9.7789     0.000263     0.000406     8.066296     2.070847
 465    9.7885     0.001441     0.004254     2.644618    -3.481388
 466    9.7916     0.000940     0.000095     0.350846     0.282872
 467    9.7934     0.000092     0.000670    -1.367775     3.526245
 468    9.8061     0.006474     0.004964    -6.266070     2.699211
 469    9.8122     0.001754     0.001575     1.269491    -1.221214
 470    9.8176     0.003030     0.001310    -3.397040    -4.539368
 471    9.8211     0.000588     0.005320    -1.490135    -0.580308
 472    9.8239     0.019325     0.010981   -22.545857   -16.991508
 473    9.8283     0.004432     0.004169    24.666285    16.387867
 474    9.8510     0.003191     0.005348    -3.798236    -5.787765
 475    9.8531     0.002769     0.010242     1.032621     1.968603
 476    9.8572     0.002549     0.001737     2.282523     2.054625
 477    9.8637     0.003796     0.003524    -7.774034    -2.732801
 478    9.8656     0.001161     0.003535     9.348396     2.341948
 479    9.8756     0.003450     0.001975     4.709224     4.594698
 480    9.8771     0.032134     0.011126     3.247501     1.176587
 481    9.8851     0.029123     0.022403    -0.428475    -2.443450
 482    9.8911     0.005063     0.015437     0.096236    -0.340366
 483    9.8967     0.003371     0.007084    -3.200267    28.772880
 484    9.8971     0.002406     0.003724     6.909481    -7.937982
 485    9.9005     0.010804     0.011495   -18.824689   -18.610736
 486    9.9029     0.002352     0.002930     4.455949    -6.393560
 487    9.9060     0.016205     0.014409    29.901969    28.538372
 488    9.9109     0.014256     0.017383   -23.717995   -24.470444
 489    9.9153     0.000396     0.000466    -2.995896    -3.925861
 490    9.9183     0.002313     0.004111    -3.403942     1.255715
 491    9.9199     0.001937     0.012379     3.385310     1.077104
 492    9.9223     0.007627     0.007724    -2.233631    -0.614667
 493    9.9267     0.000648     0.000749    -0.275596    -0.303753
 494    9.9321     0.000751     0.001350    -0.189071    -1.395447
 495    9.9357     0.000419     0.000373     0.386030     1.134436
 496    9.9452     0.004742     0.002415    -1.830882    -0.828995
 497    9.9483     0.003043     0.004058    -3.918624     3.386988
 498    9.9498     0.000234     0.000918     1.855973    -0.992357
 499    9.9532     0.004558     0.013811     0.503702    -1.522729
 500    9.9613     0.009788     0.005312    -0.215875    -0.786797
 501    9.9631     0.007280     0.014483     4.058734     1.249305
 502    9.9655     0.000168     0.000496    -3.076548    -6.596290
 503    9.9684     0.001386     0.005680    -2.259064    -0.983873
 504    9.9733     0.001108     0.009552    -5.389344    -9.400896
 505    9.9779     0.000514     0.001965     2.957791     6.246735
 506    9.9836     0.004419     0.000276     3.748542     0.395680
 507    9.9887     0.013569     0.009364   -13.929116   -10.812717
 508    9.9917     0.047806     0.024084     2.728287     3.039158
 509    9.9942     0.016290     0.006068    -9.248735    -3.107761
 510    9.9976     0.000285     0.000155     1.929759     1.905692
