 NM
 UV
 MMASS
   714.867399999998     
 LFAKTOR
  0.5
 RFAKTOR
  1.0
 WIDTH
  0.20
 SHIFT
  0.00
 DATXY
   1    3.8200     0.950602     0.465537  -129.878266   -79.101286
   2    3.9105     0.060091     0.042813    20.039645    16.915084
   3    4.3008     0.393269     0.152485  -102.531406   -39.039932
   4    4.5652     0.067715     0.020579   -28.083484   -15.478994
   5    4.5806     0.117578     0.037634   -38.333279   -21.706353
   6    4.5831     0.089399     0.024443    19.629801    11.100034
   7    4.7146     0.228291     0.094995    91.149930    35.933175
   8    4.7224     0.002638     0.000780     7.703684     1.766403
   9    4.9037     1.033221     0.500343   250.062856   157.888588
  10    4.9049     1.049038     0.515239  -204.592500  -159.672778
  11    5.1514     0.399842     0.372986   605.476632   487.050805
  12    5.1737     0.596368     0.282226  -791.424386  -544.442855
  13    5.1829     0.253283     0.062414   278.777304    49.017957
  14    5.1913     0.116338     0.027101   140.399057    40.994341
  15    5.1961     0.023843     0.011732   -22.070132   -16.727704
  16    5.2311     0.000674     0.000502     8.626604     7.442426
  17    5.2515     0.001259     0.000884     2.098578     3.809289
  18    5.2536     0.006902     0.003871     2.139331     1.879333
  19    5.3245     0.320298     0.198183    -8.790197    -1.244771
  20    5.3491     0.252661     0.138302     3.331236     2.463518
  21    5.4936     0.153915     0.067169    94.391953    62.356492
  22    5.5327     0.182354     0.098877   -57.065672     4.660274
  23    5.6630     0.258795     0.091912  -144.679278   -86.024253
  24    5.6723     0.367806     0.169628    88.824255    50.957648
  25    5.8258     0.008451     0.005787    11.194116     9.261570
  26    5.9032     0.006095     0.002759    13.658226    -5.779888
  27    5.9968     0.032336     0.024319   -51.791517   -44.922488
  28    6.0023     0.015140     0.010609    52.571724    43.073042
  29    6.0885     0.180240     0.093210  -172.396683  -124.068975
  30    6.0955     0.128982     0.053946   136.830675    88.453359
  31    6.1314     0.003388     0.016775   -11.251481    11.136753
  32    6.1359     0.003405     0.001049    17.266726     9.524269
  33    6.1405     0.028961     0.045272    30.593093    28.827785
  34    6.2430     0.003212     0.004489   -13.511483   -15.971291
  35    6.2564     0.000692     0.000466     2.155858    -3.210323
  36    6.2569     0.000859     0.000254     0.138835    -1.359219
  37    6.3061     0.014288     0.006457   -34.747272   -16.085665
  38    6.3205     0.032139     0.021962     3.460874     2.870421
  39    6.3434     0.031780     0.026701    44.697360    36.951172
  40    6.3770     0.001653     0.009647   -13.607655   -29.305047
  41    6.3823     0.014437     0.006650   -50.590826   -34.388217
  42    6.4042     0.015341     0.009806   -33.911035   -27.113623
  43    6.4281     0.016752     0.013094    76.157868    67.318418
  44    6.4369     0.009936     0.027814   -55.851442   -67.677202
  45    6.4553     0.179612     0.110071  -193.442971  -151.443372
  46    6.4624     0.092855     0.082206   114.851339   107.792668
  47    6.4704     0.191819     0.095450    12.467494    -4.722969
  48    6.4866     0.044940     0.027706   113.205392    88.901431
  49    6.5311     0.003206     0.136403   -36.135911  -181.941558
  50    6.5479     0.177707     0.094173   201.393066   220.230367
  51    6.5600     0.052057     0.017267   -40.615560   -23.320534
  52    6.5684     0.160936     0.089854   106.133017    57.070708
  53    6.5687     0.152515     0.090601  -139.532817  -132.956048
  54    6.5887     0.090797     0.112867   -75.590025   -55.242376
  55    6.5976     0.001587     0.003296   -31.942758    46.124035
  56    6.6336     0.029140     0.070823   143.986180   225.673732
  57    6.6435     0.021124     0.005664   -64.309617   -33.129540
  58    6.6501     0.030834     0.024724   -36.451041   -32.624743
  59    6.6557     0.070126     0.058731  -103.471476   -36.457806
  60    6.6839     0.019127     0.003152   -31.641862   -12.737597
  61    6.7051     0.092037     0.070325   129.835512   104.248567
  62    6.7154     0.020244     0.010627    33.711220    24.402697
  63    6.7225     0.004244     0.005755    -0.660537   -12.707929
  64    6.7393     0.019831     0.004296    -2.707282    13.995583
  65    6.7439     0.056528     0.018252   118.686547    52.138553
  66    6.8241     0.258535     0.180504   127.756715   106.748719
  67    6.8477     0.192634     0.103535   -85.215477   -54.776718
  68    6.8586     0.006088     0.001313   -26.522542     4.395116
  69    6.8761     0.004302     0.004166    -1.397308    -2.121901
  70    6.8774     0.594216     0.366954     8.620515   -27.039959
  71    6.8911     0.069993     0.043363   -55.794159   -59.931011
  72    6.8942     0.000528     0.000492    12.624927    12.453390
  73    6.9019     0.020543     0.019741    -1.001718    -1.010117
  74    6.9082     0.000260     0.000361    -1.676186     0.308058
  75    6.9086     0.008103     0.006816   -52.242116   -48.241449
  76    6.9350     0.000018     0.002744    -1.952283   -24.690310
  77    6.9381     0.009631     0.009842     7.202105    11.721380
  78    6.9425     0.027783     0.037387   -34.567270   -32.921307
  79    6.9503     0.000314     0.000914    -2.821300     6.878074
  80    6.9925     0.050019     0.034294    32.543720    26.944281
  81    7.0142     0.027938     0.020471   -46.799332   -40.065570
  82    7.0205     0.011904     0.005107    12.288277    11.184050
  83    7.0801     0.015524     0.010002   -39.357251   -19.338369
  84    7.0824     0.054439     0.030777    -3.499553    -2.237968
  85    7.0996     0.004684     0.001758     6.822500     8.238470
  86    7.1004     0.006497     0.002077     3.750099     6.394228
  87    7.1067     0.002835     0.002058    16.700368    14.068109
  88    7.1130     0.066695     0.066183   -70.710352   -64.028773
  89    7.1260     0.016348     0.010566    19.573356    17.563848
  90    7.1269     0.093127     0.057277    27.690909    12.831233
  91    7.1277     0.178737     0.102275   107.290195    77.136351
  92    7.1302     0.027628     0.032980   -30.906979    19.026090
  93    7.1366     0.031594     0.030221   205.515210   183.102067
  94    7.1479     0.039137     0.011183  -199.768823  -106.678189
  95    7.1802     0.047423     0.011571   -62.299113   -26.438011
  96    7.1993     0.001525     0.001990   -38.623894   -44.974834
  97    7.2078     0.010541     0.001250    20.052317     4.495561
  98    7.2094     0.000430     0.000279     3.472915    -2.888898
  99    7.2126     0.008627     0.003502    31.520483    17.274739
 100    7.2276     0.000162     0.000004     4.979734     0.363263
 101    7.2432     0.011948     0.001682   -35.531437   -12.858981
 102    7.2450     0.054823     0.013957    76.715461    18.717317
 103    7.2828     0.008554     0.010637     2.046354     2.266202
 104    7.2875     0.090105     0.075173    10.811177     6.282645
 105    7.3120     0.069450     0.051735    70.292037    85.452481
 106    7.3178     0.017759     0.004680    26.752977     8.020700
 107    7.3214     0.055386     0.024677   -74.097818   -41.193759
 108    7.3304     0.061843     0.042473   -83.025676   -69.005011
 109    7.3541     0.031358     0.024244  -159.521387  -140.391542
 110    7.3596     0.035071     0.030690  -245.295060  -232.437519
 111    7.3654     0.291755     0.164611    70.012301    25.090877
 112    7.3755     0.009422     0.003707    32.449593   -15.449536
 113    7.3840     0.048438     0.041961    21.015126    15.540204
 114    7.3878     0.000517     0.002340   -33.456323    98.266285
 115    7.4008     0.211441     0.157104   399.729224   320.822679
 116    7.4015     0.031280     0.034290    40.801508  -141.523042
 117    7.4349     0.050714     0.019586    99.156607    23.427284
 118    7.4566     0.000342     0.004431     0.220494    26.024276
 119    7.4597     0.020686     0.013292    26.809988    -0.147764
 120    7.4640     0.116552     0.066595   -27.373738   -27.620195
 121    7.4708     0.000446     0.000262     2.157108    -3.062122
 122    7.4979     0.007671     0.003993    62.381787    44.983203
 123    7.5500     0.029246     0.000585    -0.111138     4.363900
 124    7.5564     0.086400     0.063958   233.077049   205.958953
 125    7.5572     0.107522     0.074436   -51.804577   -40.963474
 126    7.5720     0.101701     0.051266   106.480041    75.599520
 127    7.5962     0.013830     0.019872    61.988970    74.673975
 128    7.6062     0.016194     0.010844     0.095714     0.071935
 129    7.6288     0.009088     0.000998    91.245233    35.046139
 130    7.6492     0.001459     0.006302     4.345774   -56.735901
 131    7.6755     0.016935     0.002957    60.633312    25.337040
 132    7.6834     0.014271     0.017288    -2.519963   -29.710689
 133    7.6878     0.012932     0.010149   -35.760718   -31.713791
 134    7.7096     0.014127     0.007512    -7.691595    -6.497454
 135    7.7107     0.016380     0.008910   -11.652241    -9.527085
 136    7.7188     0.206925     0.110858  -146.427713  -107.175736
 137    7.7254     0.008421     0.007163    20.999477    19.375479
 138    7.7279     0.013160     0.031604   -17.503234   -11.284559
 139    7.7340     0.074806     0.035838  -243.920135  -168.821565
 140    7.7425     0.035187     0.032555   -60.446575   -29.061746
 141    7.7483     0.028501     0.010763   -44.344501   -27.229926
 142    7.7708     0.296717     0.158333   -50.982164   -16.956130
 143    7.8287     0.122991     0.075531   -31.326802   -28.045964
 144    7.8299     0.019267     0.025869    34.313331    39.857718
 145    7.8550     0.023640     0.012783    -2.142028    -1.579331
 146    7.8622     0.005004     0.004887     1.394139     0.601397
 147    7.8707     0.005613     0.007774    24.964028    29.926931
 148    7.9025     0.005200     0.004804     3.064100     2.944462
 149    7.9126     0.013656     0.011858    42.424710    35.893487
 150    7.9128     0.021406     0.022479    13.889045     6.747546
 151    7.9177     0.002692     0.002837     4.675026     4.843637
 152    7.9194     0.044006     0.018880   -87.848896   -57.744480
 153    7.9300     0.001205     0.043876     7.243896  -112.797584
 154    7.9371     0.035615     0.030697    41.982131    58.224526
 155    7.9390     0.017214     0.051312  -151.994845   318.537350
 156    7.9495     0.048931     0.176472  -254.968307   -67.762990
 157    7.9562     0.001699     0.002565     2.620382    -3.036509
 158    7.9575     0.001513     0.001867    -7.616143    -4.643737
 159    7.9662     0.009899     0.004518   -33.540865     3.534772
 160    7.9925     0.087137     0.041436  -116.962184   -92.043157
 161    7.9955     0.024876     0.042938     7.497209    23.685311
 162    8.0029     0.158496     0.094203   223.780127    97.630906
 163    8.0072     0.369203     0.191364   548.425138   212.132197
 164    8.0168     0.014582     0.010579    20.723637    -6.668542
 165    8.0275     0.039138     0.015357  -104.242669   -65.787629
 166    8.0308     0.024364     0.015796    24.957534    22.242716
 167    8.0366     0.036868     0.060255    22.075232    77.305197
 168    8.0497     0.008948     0.001129   -62.176147   -22.978818
 169    8.0567     0.011858     0.000211    48.592953    -1.873751
 170    8.0635     0.045222     0.013551   186.214489    -9.125782
 171    8.0649     0.010539     0.018139   -23.367750   -45.472028
 172    8.0704     0.010893     0.008902   -16.218166   -13.810943
 173    8.0747     0.004704     0.003056   -76.381564   -61.484943
 174    8.0857     0.128102     0.090431   300.797459   236.478884
 175    8.0878     0.025714     0.033473  -203.182435  -234.340589
 176    8.0935     0.020212     0.014511  -155.926069   125.809115
 177    8.0942     0.120748     0.078183  -119.985738   -86.799307
 178    8.0999     0.000166     0.000572    -0.047009    -0.164560
 179    8.1325     0.002092     0.007720    19.924480    39.483364
 180    8.1373     0.030813     0.028791    20.274089    24.872419
 181    8.1415     0.000125     0.001832    -4.694837   -25.103733
 182    8.1482     0.018631     0.026050   123.269362   154.856463
 183    8.1519     0.079107     0.053486  -279.556773  -228.201277
 184    8.1598     0.009312     0.003733    -2.406851    -0.377469
 185    8.1668     0.093347     0.046606    15.088016   -45.667150
 186    8.1694     0.021265     0.017131   -27.719135   -42.871913
 187    8.1822     0.029733     0.022544  -259.566855  -226.290782
 188    8.1852     0.206989     0.103448   260.184186   180.826052
 189    8.1877     0.106594     0.057499   162.554224   107.147957
 190    8.1904     0.013496     0.001201   -28.666547    -4.964374
 191    8.1998     0.007678     0.006151   -81.420303   -73.129581
 192    8.2038     0.009211     0.006447   -40.289254   -33.729154
 193    8.2220     0.002258     0.017384   -20.059121   -53.386495
 194    8.2261     0.003701     0.015078   -24.904774   -50.319549
 195    8.2382     0.000555     0.006818    -2.453149    11.740647
 196    8.2453     0.003713     0.012139    -5.588299   -10.618772
 197    8.2495     0.032691     0.026294  -164.748594  -152.619023
 198    8.2561     0.095201     0.055089    46.701624    36.411360
 199    8.2575     0.035369     0.020886   142.023128   106.411024
 200    8.2637     0.003862     0.005281    -0.602223    34.181926
 201    8.2668     0.014493     0.012417     6.696728     0.281617
 202    8.2698     0.009325     0.014496    -3.519855   -26.232383
 203    8.2784     0.030923     0.015841    -3.131022    -8.674967
 204    8.2842     0.026693     0.026109    56.265700    55.689671
 205    8.2932     0.042559     0.013513     5.967110     3.269135
 206    8.3157     0.031543     0.012907     6.700612     4.229462
 207    8.3206     0.009711     0.015837   -24.214376   -34.343186
 208    8.3321     0.007108     0.001265   -48.608449   -20.481756
 209    8.3374     0.000512     0.000316    -0.557109    -0.787054
 210    8.3384     0.003703     0.002030    -2.080354    -1.531594
 211    8.3496     0.000088     0.000163    -0.811552    -1.301131
 212    8.3564     0.007113     0.008018    62.780065    12.452082
 213    8.3619     0.002256     0.009371     8.494754    17.310199
 214    8.3716     0.003298     0.001662    -9.637612    -6.821537
 215    8.3832     0.001618     0.000189     5.390524    -1.674022
 216    8.3894     0.013044     0.024394    60.776711    58.804125
 217    8.3944     0.004774     0.011080    20.175451    29.208673
 218    8.4014     0.022931     0.017496     0.392659     0.451277
 219    8.4059     0.004358     0.002546   -11.659066    -7.614045
 220    8.4085     0.002075     0.001522   -10.472012    -8.231679
 221    8.4139     0.011759     0.007296   -31.907501   -23.552883
 222    8.4142     0.002745     0.001567   -13.329731    -7.570242
 223    8.4242     0.047767     0.033093   107.347226    89.231586
 224    8.4280     0.019223     0.022178   -14.710857   -16.045418
 225    8.4298     0.008732     0.000132   -51.924130    -6.049779
 226    8.4379     0.004077     0.002811    -2.461357    -1.794074
 227    8.4544     0.004707     0.004702     4.240490     4.212309
 228    8.4577     0.000466     0.000526    -0.813916    -0.581327
 229    8.4592     0.025780     0.021148     7.199155    28.371589
 230    8.4643     0.003507     0.001319     1.455779     0.942503
 231    8.4646     0.001945     0.000641     0.905525     0.639602
 232    8.4689     0.005116     0.000548   -18.734107     6.043160
 233    8.4770     0.026647     0.017168     7.817492     4.378014
 234    8.4892     0.005036     0.000615   -19.632545    -5.945204
 235    8.4895     0.006990     0.000817   -20.668154    -7.860276
 236    8.4920     0.000396     0.006282     6.158032   -49.093942
 237    8.4957     0.003596     0.046962    24.288815    83.910832
 238    8.4985     0.000022     0.000528    -0.270443    -0.373225
 239    8.5007     0.001366     0.004220   -19.587883   -34.201817
 240    8.5102     0.006662     0.002587   -29.619458   -18.466569
 241    8.5132     0.008201     0.003518    -4.180560    -8.047998
 242    8.5157     0.000043     0.000988     1.182996     5.951629
 243    8.5412     0.000254     0.001467    -1.841638    -9.357068
 244    8.5483     0.010263     0.008239   -21.011859   -44.610792
 245    8.5504     0.000130     0.002011    -1.475384     4.456389
 246    8.5556     0.004446     0.019862   -67.180470   -37.965457
 247    8.5576     0.001446     0.044723   -21.300310   130.847199
 248    8.5762     0.003921     0.000484    -3.262827    -1.149903
 249    8.5773     0.018628     0.015101   -40.383101   -34.132589
 250    8.5935     0.001870     0.006168    10.517197    31.262904
 251    8.5960     0.002042     0.001002     4.891276     3.432174
 252    8.6048     0.000747     0.000010    -5.395845    -0.453378
 253    8.6184     0.022650     0.009400   -32.686590   -21.468404
 254    8.6191     0.004751     0.001869   -13.092040    -8.232172
 255    8.6236     0.007573     0.013568    13.831423    23.621293
 256    8.6272     0.001626     0.003379    12.179724    17.577815
 257    8.6483     0.013541     0.002250   -33.617013   -13.698837
 258    8.6660     0.005855     0.001300    27.417842    11.196936
 259    8.6811     0.005614     0.001844    -0.216115    -1.832323
 260    8.6813     0.011153     0.001634     1.365287    -0.334189
 261    8.6877     0.062292     0.028741   -67.084322   -45.620442
 262    8.6901     0.005542     0.002266    15.073991    -2.594709
 263    8.7076     0.014175     0.004873   -25.213927   -20.767039
 264    8.7209     0.000080     0.000018     0.127700     0.018555
 265    8.7215     0.000069     0.000022     0.081659    -0.000221
 266    8.7319     0.019529     0.025392   -21.710411   -27.103139
 267    8.7334     0.010256     0.006946    30.744298    25.251002
 268    8.7431     0.010861     0.013083   -26.827003   -42.809487
 269    8.7469     0.005546     0.015592     6.108117     3.382484
 270    8.7493     0.000457     0.001012     3.894385     0.347005
 271    8.7572     0.000714     0.004495     3.558700     8.857162
 272    8.7631     0.000336     0.000290     5.530740    -5.059403
 273    8.7799     0.000390     0.005556    -3.145717   -12.494047
 274    8.7811     0.010766     0.003000    -7.831964    -8.046839
 275    8.7816     0.012765     0.006678   -17.893404   -13.772268
 276    8.7950     0.000930     0.008457     6.218662    31.288511
 277    8.7958     0.003917     0.004317   -32.308606   -26.045988
 278    8.7991     0.000614     0.001416    -5.838818    -9.096994
 279    8.8068     0.047145     0.032455    83.788965    69.532339
 280    8.8215     0.007868     0.007943    17.007007    12.215474
 281    8.8232     0.000030     0.000884     0.175097     0.975128
 282    8.8349     0.003024     0.002270     4.274381     2.967991
 283    8.8369     0.002696     0.002433     5.441247     4.274943
 284    8.8381     0.001695     0.000172   -14.834767     4.574277
 285    8.8450     0.007596     0.008059    35.636760    41.692478
 286    8.8487     0.017819     0.023154    11.728731    13.363717
 287    8.8608     0.018979     0.016812    16.207200    10.135040
 288    8.8611     0.041009     0.020937   -63.881130   -45.554620
 289    8.8730     0.000906     0.003030     2.857221    -6.773585
 290    8.8776     0.003116     0.004627     3.149981    11.526869
 291    8.8819     0.003887     0.001271     0.831420    -3.189231
 292    8.8846     0.004637     0.001792    10.947999    -0.004926
 293    8.8904     0.008915     0.000122     9.137345    -1.357595
 294    8.8974     0.028715     0.016367     2.973320     5.593605
 295    8.9012     0.002854     0.000673   -10.590978    -5.095971
 296    8.9079     0.004172     0.004791   -39.759487    42.844130
 297    8.9175     0.001300     0.046477     0.941932  -146.270645
 298    8.9201     0.000725     0.006582     7.242802    21.775276
 299    8.9301     0.011797     0.029587     1.570279    16.311249
 300    8.9335     0.020695     0.019336     8.453691    18.488458
 301    8.9355     0.004943     0.025429   -13.999080   -10.241315
 302    8.9512     0.017184     0.013513    57.965485    50.937778
 303    8.9535     0.000593     0.000589     1.177418     0.992247
 304    8.9619     0.008542     0.007585    -1.251933    -4.643770
 305    8.9632     0.006038     0.010239     5.652267   -23.484229
 306    8.9645     0.003508     0.006581     5.154595   -20.208948
 307    8.9760     0.002025     0.002069   -30.496170    31.044196
 308    8.9778     0.001491     0.002869    -0.403318    -0.221840
 309    8.9823     0.013365     0.045719   -18.852941   -35.273913
 310    8.9846     0.009720     0.001854   -24.611891    -9.508160
 311    8.9896     0.007485     0.003951    -2.354081    -0.999484
 312    8.9968     0.000957     0.000574     2.412663     1.112698
 313    8.9980     0.010084     0.006439    23.814512    21.583929
 314    9.0024     0.009575     0.009893    18.653386    -6.857979
 315    9.0035     0.000319     0.000931     3.914190     6.740453
 316    9.0065     0.000300     0.003502     1.758794     6.316518
 317    9.0088     0.006946     0.002877    20.535744     9.631437
 318    9.0094     0.002342     0.001059   -11.811087    -7.463707
 319    9.0167     0.019950     0.011476   -37.844827   -29.187797
 320    9.0184     0.006509     0.003342    16.226313     7.206415
 321    9.0187     0.008596     0.006593    34.495473    22.166223
 322    9.0212     0.005898     0.009841   -18.937419   -25.797549
 323    9.0237     0.003460     0.005864     3.476091     9.961838
 324    9.0296     0.001567     0.005069     5.090420     4.684700
 325    9.0314     0.009895     0.014062    23.370004    22.143244
 326    9.0341     0.055207     0.009271  -115.262024   -47.029435
 327    9.0455     0.031460     0.021377    38.749626    31.915684
 328    9.0480     0.002278     0.001363     1.627343     1.321372
 329    9.0692     0.000286     0.003295     0.239946     0.919189
 330    9.0751     0.011345     0.000952    47.811565    -0.283285
 331    9.0787     0.002072     0.000240     6.214362    -1.663177
 332    9.0795     0.014507     0.018113    28.830242    30.425243
 333    9.0839     0.006346     0.006742    -7.490759    -3.393683
 334    9.0860     0.004758     0.004039   -21.896961   -13.225621
 335    9.0936     0.047705     0.050007   -43.740483   -45.044300
 336    9.0953     0.000784     0.004139    -3.130424     5.869429
 337    9.0997     0.045961     0.022106    92.674967    61.851907
 338    9.1032     0.002515     0.000384     0.226210    -1.756909
 339    9.1043     0.002932     0.000315    -7.578130    -0.343745
 340    9.1161     0.003371     0.001724   -10.129040    -7.257754
 341    9.1354     0.009079     0.002860    18.033488    11.034753
 342    9.1402     0.038679     0.022076   -16.060708    -7.833767
 343    9.1473     0.037955     0.025018    16.556875    28.677061
 344    9.1508     0.034918     0.021508    -4.090164    10.991511
 345    9.1598     0.007073     0.002439   -22.275425   -10.367439
 346    9.1603     0.016486     0.008177   -82.134579   -39.723470
 347    9.1621     0.022593     0.010568   -64.536770   -35.683294
 348    9.1627     0.004964     0.004905   -26.385104   -18.414676
 349    9.1695     0.005451     0.001724   -16.711663   -10.542439
 350    9.1717     0.002637     0.003942     3.557464     1.662012
 351    9.1750     0.001726     0.000734    -7.520359    -4.964301
 352    9.1795     0.001857     0.000944     4.954984     3.435988
 353    9.1902     0.000189     0.001098     0.737561     7.846485
 354    9.1982     0.004776     0.009677     4.935987     3.062360
 355    9.1991     0.008933     0.006396     7.189170     7.163475
 356    9.2109     0.024167     0.015010    -1.939230    -0.751085
 357    9.2111     0.049125     0.031043    88.907120    58.552249
 358    9.2142     0.006342     0.000870    25.077582    -1.297457
 359    9.2230     0.006890     0.007521    13.181500    14.577845
 360    9.2238     0.001418     0.001378    -5.533822     1.969707
 361    9.2295     0.000196     0.004940     2.597288    15.951151
 362    9.2355     0.006904     0.008925     2.123126     4.915520
 363    9.2357     0.002139     0.002964     2.017917     1.094537
 364    9.2391     0.005139     0.003528    -0.970693    -0.997919
 365    9.2453     0.000593     0.000331    -2.221627     1.729660
 366    9.2483     0.000637     0.000551    -0.701066    -1.578971
 367    9.2494     0.006126     0.011957    -1.841386    -2.927007
 368    9.2508     0.004558     0.008546    -4.992546    -8.527639
 369    9.2579     0.009324     0.005982   -29.207925   -23.811374
 370    9.2583     0.004119     0.009028     7.406993     1.123903
 371    9.2619     0.002740     0.004930    23.892661    32.298883
 372    9.2721     0.003434     0.011463   -13.549393   -25.734074
 373    9.2745     0.002836     0.015845    -7.466277   -17.604689
 374    9.2784     0.017854     0.014556   -16.622597   -18.231591
 375    9.2822     0.033158     0.018704    25.797196    21.310099
 376    9.2851     0.003430     0.002172     7.523645     1.007870
 377    9.2924     0.033342     0.024590     9.182862    29.901379
 378    9.2995     0.004809     0.003491   -18.759593   -15.685083
 379    9.3081     0.001185     0.000661     3.975521     3.938820
 380    9.3109     0.011045     0.007081   -32.714703   -29.563401
 381    9.3126     0.005387     0.003900   -18.499382    -9.851410
 382    9.3180     0.003867     0.002799    21.170983    17.564438
 383    9.3216     0.005035     0.000226   -15.635277    -3.183203
 384    9.3342     0.005857     0.007372   -14.813751   -15.451993
 385    9.3373     0.003486     0.003553     9.256498     4.980586
 386    9.3385     0.001186     0.003555     1.579175     2.528115
 387    9.3425     0.004832     0.000351   -15.125282    -4.033101
 388    9.3469     0.002276     0.015757     2.741533   -40.344431
 389    9.3511     0.000162     0.002073    -0.645021   -12.208260
 390    9.3628     0.002131     0.001585    -4.037493     7.008692
 391    9.3635     0.002146     0.001858    -2.651592     7.071401
 392    9.3779     0.000771     0.002282    -0.464271    -2.870852
 393    9.3794     0.004548     0.010327    19.322953    28.913422
 394    9.3848     0.003169     0.004289    -1.700883    -1.979261
 395    9.3937     0.003821     0.001934    15.789319    10.579997
 396    9.3955     0.001394     0.000503     8.276019     4.884328
 397    9.3985     0.007634     0.003456     8.794531     3.385480
 398    9.4061     0.011284     0.011429   -12.249075   -12.311929
 399    9.4160     0.008694     0.002023   -21.398440   -10.087117
 400    9.4188     0.008805     0.015520    -8.011214    -0.345642
 401    9.4198     0.003664     0.000666   -25.603120    -9.070439
 402    9.4224     0.005874     0.006481    27.913662    29.532281
 403    9.4283     0.002040     0.001011    -1.722273    -1.297409
 404    9.4305     0.002043     0.000619    -5.071685    -1.924454
 405    9.4403     0.004106     0.003586     1.643025     1.444136
 406    9.4427     0.003231     0.001369     1.625201     3.078736
 407    9.4467     0.002597     0.000449   -10.917192    -4.186409
 408    9.4482     0.000720     0.000715    -0.920142     2.944959
 409    9.4491     0.000141     0.000837     3.308156     9.262266
 410    9.4515     0.007306     0.002259     9.674553     5.717649
 411    9.4517     0.003411     0.001645     7.953542     6.882634
 412    9.4547     0.001923     0.004350   -11.393473    -8.813223
 413    9.4551     0.000599     0.000197    -2.612343    -0.344779
 414    9.4606     0.002972     0.005140     4.019473     4.516661
 415    9.4643     0.004842     0.005686     7.135894    -5.148527
 416    9.4730     0.000790     0.002027     4.538635     9.988159
 417    9.4742     0.002498     0.002025     2.341359     2.946294
 418    9.4767     0.004369     0.000292   -26.082197     5.119519
 419    9.4772     0.001311     0.000974     1.494374    -3.880736
 420    9.4799     0.003631     0.002832    -2.264081    -5.427483
 421    9.4826     0.011119     0.003409    -4.307260    -2.449278
 422    9.4856     0.006114     0.006460    26.021901    15.071258
 423    9.4955     0.005144     0.003240     0.839883     2.255238
 424    9.4976     0.002014     0.000343    -7.462181    -1.637067
 425    9.5039     0.000130     0.006183     4.789363    35.524486
 426    9.5099     0.006459     0.005020    -5.575884    -4.176105
 427    9.5116     0.003189     0.000623   -34.502981    15.190587
 428    9.5169     0.006937     0.002212    -6.421376     2.270556
 429    9.5186     0.008927     0.003458    -3.637520     2.516417
 430    9.5245     0.001065     0.001742    -5.845107    -3.869834
 431    9.5300     0.003965     0.006256    -8.844724    -8.601487
 432    9.5366     0.000618     0.000160     3.600331    -1.776520
 433    9.5415     0.002584     0.003888    -2.281530    -3.059831
 434    9.5443     0.005219     0.000668     8.143909     0.971518
 435    9.5469     0.000329     0.000336     0.429205     0.613813
 436    9.5527     0.001530     0.000114    -0.553680    -0.200144
 437    9.5567     0.000028     0.001000    -0.424690     2.718466
 438    9.5627     0.018567     0.015054     9.372438    -7.572130
 439    9.5700     0.014310     0.012376    25.395168    20.751110
 440    9.5758     0.004086     0.002386   -15.864591   -12.124130
 441    9.5904     0.003225     0.000175    -6.063225    -1.374279
 442    9.5928     0.001686     0.005134    -9.358927   -14.050874
 443    9.5931     0.002325     0.006717    -9.499314   -14.753616
 444    9.5943     0.012072     0.004901    -5.691258    -5.741911
 445    9.6080     0.007470     0.014485    -9.719509   -35.135906
 446    9.6122     0.002499     0.000359   -10.987320     3.443977
 447    9.6196     0.000217     0.000112    -0.638560     0.284432
 448    9.6207     0.000048     0.000405    -0.241468    -1.295293
 449    9.6227     0.006923     0.028789   -16.359646   -33.553735
 450    9.6299     0.008802     0.005327    -2.106470    -2.728692
 451    9.6333     0.001009     0.001566     9.652979    12.018668
 452    9.6384     0.000685     0.001091    -5.330681     8.047871
 453    9.6423     0.003841     0.003095     6.643345     2.134129
 454    9.6462     0.005784     0.005074    13.379730    -3.606503
 455    9.6559     0.068721     0.037215   -14.525848    -0.786018
 456    9.6590     0.004753     0.003039    -6.925466    -3.196119
 457    9.6796     0.039577     0.020723   -30.344482   -21.971660
 458    9.6915     0.043556     0.020730     2.668948     7.195472
 459    9.6979     0.012230     0.007187    -1.142426     0.240635
 460    9.6991     0.039186     0.021395   -17.077482     1.625359
 461    9.7065     0.002010     0.003154    11.396217    16.158976
 462    9.7091     0.013785     0.008893     9.717846    12.619726
 463    9.7178     0.011994     0.009467   -11.809027   -10.834876
 464    9.7214     0.011004     0.004068     8.888117     5.207562
 465    9.7240     0.000335     0.001763    -0.273316    -1.368647
 466    9.7371     0.000209     0.002572     2.219953     7.837259
 467    9.7454     0.000198     0.002193    -1.421214     5.862553
 468    9.7503     0.028442     0.021455     6.825408     7.228804
 469    9.7546     0.006612     0.008684   -11.518978   -38.257166
 470    9.7582     0.000131     0.000285    -1.228395    -2.087671
 471    9.7644     0.000279     0.003262     1.985465     6.440259
 472    9.7692     0.000743     0.000127     2.854019    -0.864249
 473    9.7753     0.010942     0.006482   -12.508497    -8.715399
 474    9.7760     0.029913     0.011913   -45.444067   -28.186278
 475    9.7869     0.000267     0.000072    -0.259921    -0.118801
 476    9.7874     0.003035     0.000933    -2.887863    -1.567381
 477    9.7925     0.003370     0.001084     4.318537     2.416869
 478    9.7950     0.016185     0.015392   -24.425903   -31.582298
 479    9.8094     0.001381     0.001647    14.243047    -4.254661
 480    9.8120     0.000501     0.000712     1.845932     1.264604
 481    9.8126     0.000905     0.000628     9.390026     7.844582
 482    9.8174     0.009778     0.007446     1.423860     1.242015
 483    9.8203     0.000425     0.000205     2.120816     0.503429
 484    9.8246     0.004142     0.007539     9.089980    10.781103
 485    9.8275     0.026049     0.014789    15.144720    11.290969
 486    9.8298     0.006343     0.008566    11.795780    12.624213
 487    9.8371     0.012236     0.017275    22.802222    26.930193
 488    9.8500     0.001457     0.023445    14.528336    58.268441
 489    9.8530     0.005439     0.005019     5.778207     2.842238
 490    9.8640     0.001103     0.000574    -6.396465     1.207478
 491    9.8650     0.001511     0.000672    -5.152467    -0.265596
 492    9.8725     0.002980     0.014472     7.400916    14.391059
 493    9.8748     0.002136     0.000100    -4.658186    -0.988278
 494    9.8786     0.000191     0.002047     5.445918    18.879178
 495    9.8862     0.028010     0.029939    32.603988    -2.402527
 496    9.8935     0.002689     0.002287   -14.794235    -1.201377
 497    9.9025     0.000654     0.000903    -3.737413    -4.429649
 498    9.9113     0.005039     0.006992    -3.443601   -11.234901
 499    9.9138     0.001970     0.001561    -2.953098    -4.187796
 500    9.9190     0.010016     0.008688    -5.300084   -20.466265
 501    9.9292     0.000739     0.011231    15.608948    64.343146
 502    9.9393     0.004287     0.003128   -11.781607    -8.414159
 503    9.9416     0.006318     0.003661     5.145084     3.918629
 504    9.9482     0.000948     0.002567     5.959305   -11.198449
 505    9.9531     0.001304     0.000323     7.727501     4.640841
 506    9.9556     0.001087     0.000422     3.366890     3.170021
 507    9.9573     0.003276     0.002193    -4.320822    -2.185315
 508    9.9598     0.000667     0.002147    -5.751528    12.611485
 509    9.9624     0.000627     0.002420     2.731216    11.676280
 510    9.9678     0.001064     0.000624     1.419951    -1.016086
 511    9.9685     0.014155     0.006772    14.794611    12.040853
 512    9.9710     0.000063     0.000072    -0.037215    -0.064259
 513    9.9713     0.000042     0.000393    -0.177797    -2.037833
 514    9.9734     0.000054     0.000037    -0.120277     0.009510
 515    9.9768     0.002689     0.004851   -19.139863    25.392608
 516    9.9783     0.000346     0.001891    -3.235365     5.553823
 517    9.9899     0.001984     0.006283     1.757384     2.700957
 518    9.9930     0.000050     0.001277    -0.073045     4.042392
 519    9.9939     0.002011     0.001958    -5.189645    -5.150366
 520    9.9941     0.000624     0.001149    -0.037754    -0.288375
