 NM
 VELO
 MMASS
   562.631999999999     
 LFAKTOR
  0.5
 RFAKTOR
  1.0
 WIDTH
  0.20
 SHIFT
  0.00
 DATXY
   1    2.9952     0.268402     0.025487   -26.469552    -6.425908
   2    3.1610     0.016610     0.307629   -11.057281     4.402580
   3    3.5098     0.066321     0.020313     7.526060    25.131629
   4    3.6823     0.260387     0.052342   -23.679991   -29.517149
   5    3.7544     0.209749     0.032006   -22.110344   -14.508549
   6    4.0085     0.036199     0.017585   -16.564787    -1.282087
   7    4.1075     0.116224     0.031293    18.026002    11.281897
   8    4.1532     0.098296     0.025192   -21.274482   -31.421235
   9    4.1712     0.037919     0.004847    11.357839    -4.084085
  10    4.2190     0.465668     0.103704   123.129952   140.855700
  11    4.3944     0.155511     0.025610   -14.810418   -17.955373
  12    4.4492     0.001784     0.000619     5.250314     3.321313
  13    4.6682     0.355278     0.079989     0.079498     0.756634
  14    4.7347     1.590996     0.361935    -8.539058    -7.000274
  15    4.9262     0.174864     0.019804    36.026979    16.946842
  16    4.9748     0.196557     0.027161     2.845409     3.346430
  17    5.1610     0.012152     0.002676    20.764849    16.959390
  18    5.1933     0.002674     0.020346    10.972837     4.944457
  19    5.2886     0.810741     0.199732     1.408669    -9.751782
  20    5.3464     0.122349     0.016903    20.731620     8.170684
  21    5.4239     0.472184     0.111039    74.283416    42.562672
  22    5.4282     0.009173     0.001978  -112.312741   -64.250869
  23    5.4668     0.016884     0.002304    -0.347930    -0.494629
  24    5.5072     0.087932     0.017791    23.377909    14.749828
  25    5.5760     0.169530     0.037855    12.593440     8.123652
  26    5.6044     0.635334     0.134144    22.757199    12.075569
  27    5.6246     0.325129     0.064736    46.294519    35.544330
  28    5.6874     0.123390     0.015448    -1.379667    -3.189128
  29    5.7109     0.015993     0.003903    25.180637    20.363370
  30    5.7238     0.005263     0.011509     4.784295    -1.732586
  31    5.8073     0.055038     0.011699    -0.585892     2.852328
  32    5.8876     0.029817     0.006832    60.456288    43.925018
  33    5.8888     0.004701     0.007658     0.565709    16.328619
  34    5.9483     0.074902     0.013471   -67.628989   -41.607581
  35    6.0047     0.095879     0.046593    -4.635372    -2.830882
  36    6.0366     0.032578     0.011298    -5.348003    -2.624493
  37    6.0557     0.059514     0.012771     4.585156     0.085019
  38    6.1727     0.008193     0.001981     0.943783     0.754963
  39    6.2134     0.001444     0.003500     0.538899     3.210488
  40    6.2402     0.001942     0.006844     8.298849    24.287947
  41    6.2549     0.002748     0.000979    13.087468   -11.646224
  42    6.2859     0.062384     0.012692     3.919148    -0.760155
  43    6.3104     0.035648     0.010594     2.077972     1.864000
  44    6.3385     0.019785     0.008421     0.431155    -0.245704
  45    6.3817     0.006485     0.003602    -9.372192   -13.648711
  46    6.3969     0.158571     0.039325   -50.742216   -38.829360
  47    6.4137     0.011220     0.064649   -29.040784    -0.741904
  48    6.4368     0.194939     0.047388    39.863283    21.185364
  49    6.4684     0.037090     0.002658   -40.227434   -27.558657
  50    6.5114     0.046053     0.008688    55.803097    37.714746
  51    6.5830     0.053670     0.018379   -11.533434   -17.508236
  52    6.6299     0.292597     0.072866     1.080682     3.196197
  53    6.6484     0.060115     0.016910   -21.219941    -9.907648
  54    6.6833     0.120022     0.037535   -31.952823   -26.793315
  55    6.6887     0.442085     0.109130    -1.518636   -39.856179
  56    6.7040     0.491290     0.084039    48.543191    69.255477
  57    6.7851     0.036519     0.008801    30.840623    14.134954
  58    6.8238     0.085692     0.013122     5.169350     2.918338
  59    6.8444     0.008695     0.000947   -11.343587    -4.814983
  60    6.8564     0.020187     0.004807    33.353630    16.319862
  61    6.8759     0.026784     0.009506    11.642991    11.576830
  62    6.9115     0.049860     0.023750    -2.149610    -4.170400
  63    6.9331     0.045424     0.008845    43.720850    28.011887
  64    6.9475     0.011971     0.016261    25.826952    48.325415
  65    6.9678     0.003368     0.001393    -8.051875    -7.466336
  66    7.0021     0.004249     0.006766     3.778569     1.667970
  67    7.0248     0.159437     0.038095    48.960540    13.447718
  68    7.0463     0.024164     0.007212   -26.509260    -3.603691
  69    7.0948     0.132135     0.079380   154.270729   168.779579
  70    7.1068     0.041356     0.022990  -155.866868   -56.559050
  71    7.1191     0.030543     0.012087   -22.741988     0.233774
  72    7.1462     0.019480     0.001525    -1.481959   -21.962847
  73    7.1658     0.425172     0.113154   -58.988902  -193.950202
  74    7.1958     0.083137     0.017851     3.406148     0.223518
  75    7.2125     0.045322     0.019315    27.547391    26.869409
  76    7.2493     0.060569     0.026936    21.279653   -18.186370
  77    7.2539     0.087725     0.019897    67.737865    11.007536
  78    7.2607     0.023034     0.004425    -9.554881    -3.037331
  79    7.2709     0.106899     0.022633   -91.273823   -49.145742
  80    7.2923     0.008944     0.011921    49.464226    31.469835
  81    7.3101     0.000682     0.000874    -7.899472    -0.930668
  82    7.3262     0.053236     0.039799    32.260785    77.482429
  83    7.3369     0.057696     0.018648     3.995421    26.139590
  84    7.3506     0.000651     0.001149     7.502552     6.556129
  85    7.3621     0.013022     0.003792   -21.561637    -8.164854
  86    7.3869     0.032643     0.019278  -102.803688   -86.995832
  87    7.4155     0.031857     0.034880   -11.617744    54.528826
  88    7.4398     0.008154     0.010663    -7.193274     7.022271
  89    7.4760     0.011993     0.006793    -9.862669    -7.907208
  90    7.4829     0.033687     0.008176   -10.525789   -10.024774
  91    7.4889     0.069550     0.021362    54.871644     0.222147
  92    7.5044     0.055313     0.019614   -13.774819    -3.274230
  93    7.5132     0.018465     0.007426    10.315952    16.923939
  94    7.5365     0.008524     0.001378   -14.376402     6.254157
  95    7.5549     0.045020     0.024873   -34.978412   -28.639371
  96    7.5591     0.021099     0.020056     8.204198   -22.847461
  97    7.5658     0.033643     0.018992     0.806503   -21.052725
  98    7.6213     0.085829     0.034958    31.380876    34.204650
  99    7.6265     0.157066     0.030699   -31.737407   -28.388093
 100    7.6366     0.225638     0.071866   -54.638230   -21.173983
 101    7.6531     0.045405     0.033644   -20.321921   -35.791338
 102    7.6699     0.005637     0.012868   -75.869460   -85.236072
 103    7.6896     0.017464     0.000370   -17.611743    -3.688301
 104    7.7045     0.066262     0.025132    -7.080961   -14.004877
 105    7.7113     0.010186     0.004658    11.979927    11.162175
 106    7.7169     0.209199     0.087445    24.544295    25.167676
 107    7.7318     0.260039     0.111095   -68.634589   -46.732197
 108    7.7549     0.014118     0.155983   -10.406706    34.720339
 109    7.7753     0.044899     0.051282    11.061013   -26.554680
 110    7.8000     0.003610     0.028147     9.141098    -0.314934
 111    7.8108     0.039145     0.098158   -59.842352    29.332673
 112    7.8345     0.013298     0.029484   -20.043964   -22.250912
 113    7.8466     0.005478     0.000638    14.980509   -11.287078
 114    7.8568     0.012058     0.002171    -6.220152     3.697466
 115    7.8629     0.049067     0.012915   -26.207622   -29.800520
 116    7.8770     0.052309     0.018074   139.193658   113.598453
 117    7.8983     0.045413     0.019581    50.907090    38.468235
 118    7.9016     0.051936     0.015033   177.007750    90.085539
 119    7.9091     0.010338     0.004013   -23.495125    22.509425
 120    7.9134     0.048843     0.007943   -64.157714   -38.221389
 121    7.9244     0.035242     0.009297   -38.497735   -31.280156
 122    7.9384     0.024564     0.014984   -41.520669   -48.455214
 123    7.9424     0.023476     0.003269    65.162336    47.696339
 124    7.9595     0.006500     0.002032    -7.640997    -5.827858
 125    7.9651     0.021343     0.003969   -43.380417   -26.890350
 126    7.9813     0.086470     0.010464    59.572102    24.235035
 127    7.9958     0.084381     0.038671   -23.499505   -42.379598
 128    8.0104     0.067226     0.019957   -93.014660   -61.669988
 129    8.0167     0.019995     0.012771    61.683248    67.237717
 130    8.0290     0.058023     0.015511    42.939900    27.214673
 131    8.0675     0.157844     0.051059    41.664229    35.932758
 132    8.0852     0.059231     0.012478   -59.645406   -27.018442
 133    8.0995     0.032088     0.019386   -45.759479   -31.432398
 134    8.1251     0.103728     0.118499    47.551179   -14.789785
 135    8.1381     0.013511     0.002855    42.795820    26.141242
 136    8.1439     0.001288     0.004758   -15.863739     0.899054
 137    8.1591     0.016869     0.054345    36.447922    69.902786
 138    8.1653     0.041567     0.014713   -51.145535     6.723668
 139    8.1694     0.032477     0.005160   -51.969705   -29.292505
 140    8.2170     0.036643     0.013114    14.305375     3.381225
 141    8.2313     0.036889     0.020298    -0.800521   -34.752719
 142    8.2437     0.007076     0.000237    14.012321     1.386791
 143    8.2546     0.026058     0.019068    -3.492194    17.874092
 144    8.2621     0.035336     0.012725    -8.353046    12.629616
 145    8.2746     0.017779     0.005990    20.115221   -11.209735
 146    8.2845     0.042615     0.032202    38.020844    31.533468
 147    8.3019     0.087318     0.036480    -2.159176    28.240508
 148    8.3136     0.050538     0.031321     0.706829   -40.095452
 149    8.3153     0.004169     0.003254     0.134667     7.291765
 150    8.3259     0.052673     0.030323   -38.120144   -32.883227
 151    8.3488     0.015131     0.003619   -17.456566    -6.149682
 152    8.3558     0.004773     0.005420     5.206728     6.856625
 153    8.3612     0.008842     0.001738     8.006883     6.829589
 154    8.3719     0.017691     0.010771   -41.746146   -38.099524
 155    8.3833     0.020004     0.009704     1.413041    -4.059541
 156    8.3934     0.059273     0.016790    12.028655     5.231278
 157    8.4040     0.007970     0.008909    -6.006521     0.265931
 158    8.4252     0.066534     0.016507   -15.579334   -18.355401
 159    8.4486     0.014980     0.003790    31.727055    19.496592
 160    8.4596     0.014738     0.000505    -4.542996    -0.171903
 161    8.4615     0.004343     0.005000   -17.917967   -15.972809
 162    8.4880     0.006739     0.009117    -4.447082    -3.205998
 163    8.5021     0.010848     0.004296    10.460889     6.548732
 164    8.5115     0.007624     0.003883    11.258841     3.902064
 165    8.5210     0.018026     0.005941   -22.079495   -17.280374
 166    8.5278     0.011012     0.007320    -5.731368    -5.700555
 167    8.5432     0.004021     0.002863    -3.627418     0.012313
 168    8.5542     0.017172     0.013242     1.363724     2.749989
 169    8.5601     0.000552     0.000410    -0.686251    -1.768810
 170    8.5741     0.004320     0.001979    -3.440219     1.857217
 171    8.5814     0.014706     0.002402   -12.936406   -10.884648
 172    8.6157     0.025697     0.004987    -3.404530     2.260097
 173    8.6317     0.006350     0.003096    -9.421818    -5.543919
 174    8.6360     0.035381     0.009789    -3.128156    -0.693660
 175    8.6492     0.003558     0.002505     5.904262     5.603437
 176    8.6543     0.016109     0.022650    -1.872630    -3.032865
 177    8.6638     0.005276     0.001283    -0.692617     0.004244
 178    8.6810     0.018645     0.064572     0.842569     4.375184
 179    8.6899     0.028702     0.017477    11.051557    13.125398
 180    8.6939     0.011833     0.001877   -31.362422   -30.382853
 181    8.6984     0.046931     0.011893   -22.092711   -15.621128
 182    8.7083     0.008794     0.001647     0.076779     4.245259
 183    8.7136     0.032377     0.008221    37.690957    24.740579
 184    8.7290     0.000138     0.000476    -1.305453     0.544192
 185    8.7307     0.026579     0.005311   -21.334626   -17.902952
 186    8.7400     0.005578     0.000970   -20.029529    -6.819877
 187    8.7448     0.026508     0.001424     6.956292     2.749653
 188    8.7485     0.015482     0.006696   -22.103401   -19.035201
 189    8.7658     0.001889     0.000855    -2.136604     3.592062
 190    8.7734     0.008808     0.003787     0.232742    -3.550858
 191    8.7925     0.010185     0.000814    -8.120938    -1.511576
 192    8.8054     0.007416     0.001068    -3.464223    -0.637051
 193    8.8176     0.006094     0.007271     0.535905     2.604329
 194    8.8442     0.004710     0.009019   -14.716521     2.712353
 195    8.8479     0.006513     0.005127     0.065371    -2.852588
 196    8.8513     0.000415     0.000744    -6.225179    -4.080089
 197    8.8555     0.003497     0.000913    16.208620     5.288959
 198    8.8674     0.016341     0.011284    -8.471182   -15.921377
 199    8.8801     0.019729     0.005558    -4.463866   -17.107761
 200    8.8913     0.014591     0.007127    -6.752357     0.632126
 201    8.9067     0.011262     0.004655     2.167827    14.553794
 202    8.9147     0.007536     0.008102     0.930106    18.442866
 203    8.9323     0.017959     0.003237    58.614731    -5.542317
 204    8.9357     0.037141     0.003262   -42.613361   -27.370743
 205    8.9454     0.020222     0.011486    54.069952    40.149749
 206    8.9604     0.006619     0.000376     4.411922     2.794115
 207    8.9659     0.017169     0.004998    15.155730     7.645220
 208    8.9791     0.016213     0.019114    18.624714    23.898126
 209    8.9941     0.050971     0.030454   -10.234663     2.205612
 210    9.0002     0.007390     0.001706    -2.200771     3.113137
 211    9.0056     0.003065     0.004508    -5.774811   -12.545429
 212    9.0136     0.003881     0.002355     8.198268     8.537549
 213    9.0298     0.023950     0.005869    11.692302    -2.704755
 214    9.0371     0.098337     0.012047   -48.316356   -26.710706
 215    9.0415     0.004116     0.000633     5.346926     3.033153
 216    9.0475     0.025286     0.005596    39.786113     9.387817
 217    9.0546     0.004841     0.002739     1.512077    -1.294032
 218    9.0593     0.012971     0.007155    21.218171    26.934367
 219    9.0722     0.067005     0.010887    26.969671    10.405953
 220    9.0782     0.002965     0.007848     6.521315    15.856761
 221    9.0793     0.006418     0.006174    20.810800    -1.066595
 222    9.0930     0.004204     0.001334     7.759828    10.091728
 223    9.1055     0.013304     0.004961   -10.617206     6.723312
 224    9.1105     0.006766     0.000304     2.577261     0.101051
 225    9.1154     0.006033     0.003004   -19.520828   -20.278438
 226    9.1216     0.006351     0.002290    -4.075538     0.833828
 227    9.1330     0.026316     0.003022   -19.326078    -7.222987
 228    9.1506     0.005209     0.006082    -9.965944    -3.636844
 229    9.1510     0.006308     0.000438    -8.150836    -3.883944
 230    9.1661     0.016312     0.001528    21.461704     6.306461
 231    9.1975     0.004439     0.001244     2.887502     3.853100
 232    9.2048     0.001066     0.000365     4.463580     3.221510
 233    9.2103     0.022166     0.005894   -18.291424    -2.145071
 234    9.2174     0.034130     0.016811     7.435130    -5.643514
 235    9.2297     0.008099     0.002032    14.590531     5.494053
 236    9.2398     0.001598     0.000899     7.007424     3.730221
 237    9.2447     0.001191     0.000124     4.520820     1.619418
 238    9.2486     0.002242     0.001566     2.425776     2.897621
 239    9.2565     0.028729     0.009763   -16.217246   -10.382674
 240    9.2656     0.003469     0.001344     2.059548     3.218731
 241    9.2676     0.017609     0.001433    -9.739556    -5.021750
 242    9.2726     0.000451     0.001231     4.783006     3.140954
 243    9.2835     0.002264     0.007373    -5.386261    -0.773421
 244    9.2888     0.000816     0.000923     1.895981    -1.680361
 245    9.2990     0.011455     0.007621     2.809226    -8.878915
 246    9.3037     0.006873     0.001567    -4.244212    -3.244857
 247    9.3137     0.000316     0.003737     0.963051    -2.561378
 248    9.3267     0.012846     0.009714    11.329584    12.706819
 249    9.3350     0.000875     0.000205    12.288995     9.336678
 250    9.3391     0.000841     0.000343     4.461505     1.224498
 251    9.3463     0.005219     0.008145     9.888340     2.583480
 252    9.3534     0.022163     0.011356   -12.498242     6.186022
 253    9.3567     0.003399     0.008793    -5.821500   -12.324632
 254    9.3628     0.005785     0.008865     7.785394     4.864499
 255    9.3794     0.001097     0.000505    -1.812144    -0.564841
 256    9.3899     0.013753     0.007883   -20.412571    -3.186348
 257    9.3942     0.003025     0.002072    -3.986525     0.199977
 258    9.4087     0.001276     0.003590     1.578182    -0.696786
 259    9.4142     0.003962     0.000981    -5.712623    -2.825841
 260    9.4208     0.002638     0.002305     1.376574     3.081711
 261    9.4291     0.012525     0.008695     3.162261     3.857402
 262    9.4351     0.000271     0.003467     4.150094     5.127390
 263    9.4384     0.002300     0.002301    -0.061077    -0.063363
 264    9.4405     0.010748     0.005838    -6.360853    -5.113404
 265    9.4454     0.004109     0.001144     7.055523     2.336216
 266    9.4496     0.001211     0.002234     1.992663     6.616563
 267    9.4592     0.012493     0.003554     9.005413     4.332945
 268    9.4654     0.001868     0.002848    -1.480564    -8.540242
 269    9.4665     0.003374     0.003427    -1.203851   -12.885784
 270    9.4876     0.004672     0.002832    -0.729617     0.447256
 271    9.4910     0.002387     0.001659   -15.712148    -0.423438
 272    9.4982     0.014209     0.003918    12.314629     2.909572
 273    9.5034     0.003345     0.001514    -1.037019     0.781683
 274    9.5099     0.005509     0.008977     8.842971    15.457303
 275    9.5123     0.002895     0.001726   -14.079366    -4.596365
 276    9.5153     0.000523     0.000730     2.077820    -1.227197
 277    9.5290     0.001561     0.002072     5.372188     4.481163
 278    9.5305     0.000128     0.001184    -1.094269    -3.656348
 279    9.5386     0.000823     0.001668     2.067448     3.223468
 280    9.5465     0.001064     0.000707    -1.476204    -0.532017
 281    9.5543     0.001992     0.000688    -4.694619    -2.814954
 282    9.5572     0.001517     0.007106     2.234815     9.199732
 283    9.5656     0.005513     0.001909   -11.731685   -10.126573
 284    9.5749     0.000372     0.001397    -0.586862    -3.262231
 285    9.5847     0.004428     0.000371     5.130381     2.256078
 286    9.5893     0.003952     0.001617    -3.235699    -1.032193
 287    9.5926     0.008526     0.001574    -5.770847    -7.188965
 288    9.5940     0.000417     0.000144     0.209156    -0.189019
 289    9.6003     0.005328     0.003314    -0.211687    -0.066070
 290    9.6085     0.000744     0.001261    -1.684981     1.672077
 291    9.6154     0.010417     0.002754    -3.912005    -3.483413
 292    9.6225     0.000825     0.001480    -4.256632    -3.757810
 293    9.6239     0.001853     0.000630    -1.318723    -0.399686
 294    9.6306     0.000153     0.013766     1.801900    22.840039
 295    9.6427     0.005623     0.010705     4.084101     1.560154
 296    9.6514     0.008426     0.003909    -1.480903    -1.972358
 297    9.6533     0.001559     0.000578    -2.049606    -4.446571
 298    9.6555     0.000616     0.008359     3.998334    -3.556316
 299    9.6689     0.000652     0.000274     3.383533    -2.961815
 300    9.6809     0.000558     0.001253     0.417213    -0.042136
 301    9.6824     0.009646     0.002167    12.272359     7.537529
 302    9.6931     0.000807     0.000715    -3.955990    -1.094408
 303    9.7102     0.002864     0.009716     4.347652     3.669618
 304    9.7155     0.008106     0.007096   -12.449082    -1.746748
 305    9.7217     0.004025     0.001990     1.627154     5.093810
 306    9.7527     0.005109     0.002348     3.818511     4.079175
 307    9.7618     0.000777     0.001561    -0.676484     1.053128
 308    9.7669     0.008963     0.006734   -21.041041    -6.363218
 309    9.7764     0.002631     0.000353    -5.872996    -3.311917
 310    9.7885     0.001433     0.000461     6.213694     2.381543
 311    9.7984     0.001013     0.006101    -4.127956   -10.794804
 312    9.8118     0.004224     0.001361     5.170466     4.702095
 313    9.8136     0.001368     0.000590    -3.374310    -2.582769
 314    9.8168     0.001121     0.001089     2.386408     5.242133
 315    9.8206     0.000108     0.003988     1.071372     3.055998
 316    9.8320     0.004451     0.000130     5.690196     1.480345
 317    9.8343     0.001876     0.007426    -7.970339    -6.616388
 318    9.8427     0.010008     0.008010    -1.739449     9.389818
 319    9.8493     0.000786     0.005400    -3.427495    -0.738413
 320    9.8522     0.013343     0.006742   -30.222922   -13.519583
 321    9.8569     0.006533     0.003855     4.621850    13.089166
 322    9.8591     0.011101     0.004446   -23.387436   -19.413401
 323    9.8709     0.005299     0.006137     7.530986    15.215956
 324    9.8739     0.032896     0.008506   -19.041191   -13.505636
 325    9.8788     0.012560     0.004198     7.310966     4.385516
 326    9.8876     0.007720     0.006675     3.928536     3.099401
 327    9.8939     0.010809     0.004293   -10.139603   -11.210911
 328    9.9040     0.018043     0.013033     7.970023    -0.445260
 329    9.9141     0.012826     0.003865     0.880054     0.795600
 330    9.9241     0.025999     0.006261     0.296604    -4.717747
 331    9.9289     0.019696     0.004359    -6.935188    -2.687186
 332    9.9295     0.011285     0.011021    18.520386   -34.798493
 333    9.9430     0.010952     0.005781    31.142432    14.980582
 334    9.9476     0.001117     0.000492    -3.118995     3.318033
 335    9.9535     0.001147     0.005670     5.476400    14.070214
 336    9.9591     0.001860     0.003355     5.430310     8.165671
 337    9.9673     0.001103     0.000313    -2.610337    -2.163587
 338    9.9742     0.022046     0.004110     5.665021    -1.982489
 339    9.9760     0.014465     0.006269   -36.780098   -28.208596
 340    9.9793     0.001508     0.006009     5.691357    19.756350
 341    9.9814     0.011436     0.001391    19.114396     7.290067
 342    9.9862     0.005087     0.003477     8.626699     3.357981
 343    9.9911     0.008127     0.001830    -2.729536     3.273131
