   31
          1          1          1
          2          2          3
          1          4          4
          3          5          7
          2          8          9
          2         10         11
          5         12         16
          3         17         19
          1         20         20
          1         21         21
          3         22         24
          2         25         26
          4         27         30
          1         31         31
          2         32         33
          1         34         34
          1         35         35
          1         36         36
          1         37         37
          4         38         41
          2         42         43
          1         44         44
          2         45         46
          4         47         50
          1         51         51
          1         52         52
          1         53         53
          1         54         54
          1         55         55
          1         56         56
          1         57         57
