           2           1   1.38227803357046     
           3           1  2.167240268184083E-002
           3           2   1.42812477167122     
           4           1  8.626825670783167E-002
           4           2  1.277442682646030E-002
           4           3   1.30718952572984     
           5           1  2.511100343993634E-003
           5           2  8.485970256227397E-002
           5           3  1.951256954464217E-002
           5           4   1.30385425430846     
           6           1   1.48007661166773     
           6           2  1.242787597096375E-002
           6           3  9.525097869367727E-002
           6           4  7.526112596227506E-003
           6           5   1.34502917488660     
           7           1  1.557102365398904E-002
           7           3  9.762407840158476E-003
           7           4  4.520664247001530E-003
           7           5   1.11174498012230     
           7           6  4.854001861119415E-003
           8           2  1.078282034124104E-002
           8           4  2.508071165083059E-002
           8           5  7.288759307902992E-003
           8           6  2.049991771744257E-002
           8           7   1.39985348273061     
           9           4  2.428198898636165E-003
           9           5  1.702841870274954E-002
           9           7  1.280787393565198E-002
           9           8   1.27909379464915     
          10           4  2.217004707729642E-003
          10           6  2.344502713654031E-003
          10           7  2.983965409629792E-002
          10           8  8.916412773431920E-003
          10           9   1.26611269080661     
          11           7  4.439228070429018E-003
          11           8  3.790634287516776E-002
          11           9  4.607879726859133E-003
          11          10   1.51586696912662     
          12           8  4.590535322520468E-003
          12           9  1.253477968891811E-002
          12          10  1.804820913341752E-002
          12          11   1.00334635600941     
          13          10  1.171854791200358E-002
          13          11  1.093728083313615E-002
          13          12   1.09869964976987     
          14          10  3.306816175905069E-003
          14          11  2.148808202361554E-003
          14          12  2.802164462171187E-002
          14          13   1.35846436424539     
          15          12  2.024020207805331E-002
          15          13  3.883109725551328E-003
          15          14   1.46743418265116     
          16          12  1.885299621224402E-002
          16          13  7.909222780855314E-002
          16          14  5.407651574753568E-003
          16          15   1.39663232143596     
          17          12  6.588761443467287E-003
          17          13  4.102107546581847E-003
          17          14  0.105641128935517     
          17          15  2.672805812580491E-003
          17          16   1.46606900000815     
          18          10  3.273303474613440E-003
          18          11  9.298499485494521E-003
          18          12  3.825542579137983E-002
          18          13   1.25822306724983     
          18          14  7.053658079481429E-003
          18          15  8.365510283172133E-002
          18          16  5.188952805970413E-003
          18          17   1.36944769290558     
          19          10  3.548967192672873E-003
          19          11  9.152505838205819E-003
          19          12  3.811650917112266E-002
          19          13  6.374697541876744E-003
          19          14  7.194740066268653E-003
          19          16  2.053671772438928E-002
          19          17  5.393550448316568E-003
          19          18   1.13447059252536     
          20          12  6.665577116691686E-003
          20          13  2.082734426476040E-002
          20          15  1.001486087374107E-002
          20          17  1.858477188641841E-002
          20          18  5.458349098033747E-003
          20          19   1.36890533891304     
          21          10  2.035029770623320E-003
          21          12  1.835869945785332E-002
          21          13  3.666082237799107E-003
          21          16  3.135761837490479E-003
          21          18  2.049520189046079E-002
          21          19  5.157517193299450E-003
          21          20   1.46650630404006     
          22          12  2.026612557520084E-002
          22          13  9.887937563208424E-003
          22          14  2.157017619721759E-003
          22          15  7.768172368263888E-003
          22          17  1.002655522537270E-002
          22          19  8.358488790987663E-002
          22          20  2.747442427281757E-003
          22          21   1.39614545897918     
          23          10  2.289811707704230E-003
          23          11  2.107080011749066E-003
          23          12  2.715489233617213E-002
          23          13  1.622763596228054E-002
          23          14  3.247997656343106E-003
          23          15  2.192391082478222E-003
          23          18  7.200572006194164E-003
          23          19  6.979549159103223E-003
          23          20  0.105925001507141     
          23          21  5.302956952707685E-003
          23          22   1.46844598100596     
          24          10  1.400434488459762E-002
          24          11  1.058928936200770E-002
          24          12   1.10317409124531     
          24          13  1.991225323876438E-002
          24          14  1.635105957499590E-002
          24          15  1.001521310922932E-002
          24          16  3.694605346355550E-003
          24          17  2.091531002510466E-002
          24          18  6.500431869527669E-003
          24          19   1.25907437253339     
          24          20  3.988865714057796E-003
          24          21  7.922699039880346E-002
          24          22  3.767428130679288E-003
          24          23   1.35659752964321     
          25           2  2.621018471407102E-003
          25           4  4.253478893977139E-003
          25           6  3.057135039974762E-003
          25           7  2.413663265114097E-002
          25           9  4.411746048280821E-002
          25          10  5.489348764132665E-003
          25          11   1.19384836428975     
          25          12  9.068775053609269E-003
          25          13  1.032148866650693E-002
          25          24  5.540373679318546E-003
          26           7  2.902908889697831E-003
          26          10  9.156831154365726E-003
          26          11  9.069875048827322E-003
          26          25   1.00340874300565     
          27          11  5.539599204354621E-003
          27          24  2.811971641788362E-003
          27          25  1.058748172148345E-002
          27          26   1.10314244212002     
          28          25  2.110004121701410E-003
          28          26  2.714749381588092E-002
          28          27   1.35660644962895     
          29          26  2.026424757506575E-002
          29          27  3.767430817892112E-003
          29          28   1.46843554588602     
          30          26  1.835423870512723E-002
          30          27  7.923315165243916E-002
          30          28  5.301753918319357E-003
          30          29   1.39614856696388     
          31          26  6.666099596755889E-003
          31          27  3.988580425012615E-003
          31          28  0.105921791469277     
          31          29  2.748208641584946E-003
          31          30   1.46650146271876     
          32          25  9.151708038816816E-003
          32          26  3.810937664771325E-002
          32          27   1.25909476852809     
          32          28  6.979562673092066E-003
          32          29  8.358635464733805E-002
          32          30  5.157007801681495E-003
          32          31   1.36890587261522     
          33          25  9.299281635612833E-003
          33          26  3.825194136724119E-002
          33          27  6.499203440268535E-003
          33          28  7.200642166470471E-003
          33          30  2.049281029136493E-002
          33          31  5.458531103238738E-003
          33          32   1.13445528730347     
          34          26  6.588816016508030E-003
          34          27  2.091760348460060E-002
          34          29  1.002786682200407E-002
          34          31  1.858595754520788E-002
          34          32  5.393379641516548E-003
          34          33   1.36946532760480     
          35          26  1.885073947802273E-002
          35          27  3.693346720173260E-003
          35          30  3.134447294533884E-003
          35          32  2.053411446029355E-002
          35          33  5.187720764969808E-003
          35          34   1.46605029277283     
          36          26  2.023881248142176E-002
          36          27  1.001573020382889E-002
          36          28  2.192125467317255E-003
          36          29  7.768549901811380E-003
          36          31  1.001560341970784E-002
          36          33  8.366106052447631E-002
          36          34  2.672754917350475E-003
          36          35   1.39665599785163     
          37          25  2.150932801756421E-003
          37          26  2.802120417843030E-002
          37          27  1.634918001035313E-002
          37          28  3.246748286187667E-003
          37          29  2.156784517011117E-003
          37          32  7.194451611671837E-003
          37          33  7.052676680563912E-003
          37          34  0.105640593065081     
          37          35  5.407295415111419E-003
          37          36   1.46740511745594     
          38          11  1.032318366400026E-002
          38          25  1.093820859075732E-002
          38          26   1.09866899980447     
          38          27  1.990964657970040E-002
          38          28  1.622542741725957E-002
          38          29  9.886741627912763E-003
          38          30  3.665558974947292E-003
          38          31  2.082731312826341E-002
          38          32  6.373985248693973E-003
          38          33   1.25822295106988     
          38          34  4.101534746565778E-003
          38          35  7.909803467165376E-002
          38          36  3.883293748937288E-003
          38          37   1.35850707607506     
          39           8  1.060632004184828E-002
          39           9  5.249002324640595E-003
          39          10  9.566489365644507E-002
          39          11  5.489915392684297E-003
          39          12  9.154990292720648E-003
          39          25   1.51581192898325     
          39          26  1.806380447934958E-002
          39          27  1.400470317847899E-002
          39          28  2.291205943440849E-003
          39          30  2.036302213583709E-003
          39          32  3.551039671744981E-003
          39          33  3.275231710994410E-003
          39          37  3.314362755654942E-003
          39          38  1.171885758820234E-002
          40           2  4.371315299143606E-003
          40           4  8.504981712128811E-003
          40           6  5.374774500833582E-003
          40           7  5.878783698875434E-002
          40           8  1.964221944135639E-002
          40           9   1.18490056026564     
          40          10  5.248447366477994E-003
          40          11  4.411943320390915E-002
          40          25  4.608885340325314E-003
          40          26  1.253740236299569E-002
          40          39   1.26613539230717     
          41           3  2.394754153232171E-003
          41           5  9.168715208231487E-003
          41           7  2.046017773485363E-002
          41           8  7.989341117229956E-002
          41           9  1.964232473125226E-002
          41          10  1.060744503024762E-002
          41          25  3.790192949754606E-002
          41          26  4.596142016181980E-003
          41          39  8.920005190711738E-003
          41          40   1.27907298268760     
          42           2  6.516410243564223E-003
          42           4  1.698790375737011E-002
          42           5  4.855039684483408E-003
          42           6  1.539977821252681E-002
          42           7   1.18481424761346     
          42           8  2.046071680572278E-002
          42           9  5.879058261144510E-002
          42          11  2.413886224464663E-002
          42          12  2.899066827890918E-003
          42          25  4.438357935508327E-003
          42          39  2.983753261668128E-002
          42          40  1.280699515555017E-002
          42          41   1.39985552360091     
          43           1  1.095611551890691E-002
          43           2  2.081317375806542E-003
          43           3  1.914091813076211E-002
          43           4  5.738074846615651E-003
          43           5  2.388277884769761E-002
          43           7  4.854909252358382E-003
          43           8  9.168585779578917E-003
          43          40  1.702806204885239E-002
          43          41  7.289415472528194E-003
          43          42   1.11174382157184     
          44           4  8.808230132977645E-003
          44           7  1.539948042020155E-002
          44           9  5.375136930949206E-003
          44          11  3.057416215190351E-003
          44          39  2.344369051209350E-003
          44          41  2.050013667809759E-002
          44          42  4.854425690422742E-003
          44          43   1.34503323816678     
          45           1  7.278529518767464E-003
          45           3  7.495012402771402E-003
          45           5  1.095621450724480E-002
          45          42  1.557109198934320E-002
          45          43  2.511105880798743E-003
          45          44   1.48007339216742     
          46           4  1.771370050942961E-002
          46           5  2.081184458737120E-003
          46           7  6.516191822293689E-003
          46           9  4.371681402510925E-003
          46          11  2.621271966131766E-003
          46          41  1.078313134896949E-002
          46          43  8.486045719402553E-002
          46          44  1.242799585822941E-002
          46          45   1.38228050319158     
          47           1  7.495048202705319E-003
          47           3  1.092448306088440E-002
          47           4  6.326457962199476E-003
          47           5  1.914110667846470E-002
          47           8  2.394769300293789E-003
          47          42  9.762346694620902E-003
          47          43  1.951300383990393E-002
          47          44  9.525006369994521E-002
          47          45  2.167224747387060E-002
          47          46   1.42812253148936     
          48           2  1.771380407530012E-002
          48           3  6.326582698272501E-003
          48           4   1.09470423619337     
          48           5  5.737953821877224E-003
          48           6  8.808337384614576E-003
          48           7  1.698773466452098E-002
          48           9  8.505648776089572E-003
          48          11  4.253950989814457E-003
          48          39  2.216565224879771E-003
          48          40  2.427994316782798E-003
          48          41  2.508045597595119E-002
          48          42  4.521016572170964E-003
          48          43   1.30384942398078     
          48          44  7.525967629563819E-003
          48          45  8.626885219002375E-002
          48          46  1.277411192635386E-002
          48          47   1.30719312034978     
          49           1  0.972051108401701     
          49           3  1.060282305821046E-002
          49           5  1.104562417792164E-002
          50           2  0.966964878394970     
          50           3  9.442272232482210E-003
          50           4  1.232825470731670E-002
          50           6  1.014694925089211E-002
          51           2  1.086081417138565E-002
          51           4  9.274361974325400E-003
          51           6  0.967342697358225     
          51           8  9.763854397100204E-003
          52          10  0.964114287529206     
          52          25  1.037189317068911E-002
          52          40  9.092585482613144E-003
          53          14  0.967633541451257     
          53          16  1.078142169787096E-002
          53          18  1.092652560528683E-002
          54          13  1.045665764050641E-002
          54          15  0.973093202898793     
          54          17  1.030921007706624E-002
          55          14  1.034104156555262E-002
          55          16  0.972794448811112     
          55          18  1.058345686917250E-002
          56          13  1.102076193782359E-002
          56          15  1.085854625383002E-002
          56          17  0.968795105285729     
          57          20  0.968832804975182     
          57          22  1.088188569585917E-002
          57          24  1.103892873377620E-002
          58          19  1.058017083633065E-002
          58          21  0.972841784287392     
          58          23  1.034934069262972E-002
          59          20  1.035174749560691E-002
          59          22  0.972975205185495     
          59          24  1.047750420597937E-002
          60          19  1.090170200554833E-002
          60          21  1.081565233434427E-002
          60          23  0.966385997097182     
          61          28  0.966379952690776     
          61          30  1.081582232614249E-002
          61          32  1.090123421815269E-002
          62          27  1.047755584617163E-002
          62          29  0.972973799145360     
          62          31  1.035219152393187E-002
          63          28  1.034913804566784E-002
          63          30  0.972842478166879     
          63          32  1.058003744451796E-002
          64          27  1.103883132637031E-002
          64          29  1.088211877296440E-002
          64          31  0.968833203626137     
          65          34  0.968794744135040     
          65          36  1.085831271167957E-002
          65          38  1.102092609474260E-002
          66          33  1.058341044197622E-002
          66          35  0.972793305586076     
          66          37  1.034154292730621E-002
          67          34  1.030946497023681E-002
          67          36  0.973093124359888     
          67          38  1.045636322614539E-002
          68          33  1.092677163872757E-002
          68          35  1.078089771851536E-002
          68          37  0.967628602030364     
          69           9  9.092395852765627E-003
          69          11  1.037173529343272E-002
          69          39  0.964112144916359     
          70          41  9.761663703097855E-003
          70          44  0.967343174742330     
          70          46  1.086076938531530E-002
          70          48  9.274437085146055E-003
          71          43  1.104560233978713E-002
          71          45  0.972051161148872     
          71          47  1.060283279922062E-002
          72          44  1.014699193916290E-002
          72          46  0.966964771724582     
          72          47  9.442318521387407E-003
          72          48  1.232825187026895E-002
