 NM
 VELO
 MMASS
   376.419600000000     
 LFAKTOR
  0.5
 RFAKTOR
  1.0
 WIDTH
  0.20
 SHIFT
  0.00
 DATXY
   1    4.1354     0.055089     0.099502    42.607488  -105.404068
   2    4.2364     0.016954     0.122321    17.789541    53.075305
   3    4.3770     0.159393     0.054146    34.922474    77.221567
   4    4.8324     0.041852     0.086135    90.020948   105.863387
   5    4.8702     0.024249     0.008870    32.962113    67.489578
   6    4.9087     0.244048     0.056716  -174.543578   -57.953542
   7    4.9661     0.463028     0.080750   -75.307117   -66.069366
   8    5.0225     0.007838     0.003723    -0.674550     7.474807
   9    5.1044     0.030815     0.052863    71.471439   113.925638
  10    5.2061     0.654006     0.170578    33.519985    29.117823
  11    5.3094     0.018203     0.048453    88.868654    46.552716
  12    5.3227     0.133155     0.063541    86.381247   -74.922555
  13    5.4346     0.125679     0.056287   -16.818079    36.270231
  14    5.6400     0.237619     0.059962  -148.904247  -122.238152
  15    5.7753     0.269604     0.045978     5.367980     0.506331
  16    5.9717     0.001101     0.003671     0.558471    -3.264599
  17    6.0464     0.048904     0.402310   369.489466    81.405116
  18    6.0803     0.174251     0.066068  -375.318511   -90.694300
  19    6.1056     0.019303     0.010633   -26.877071    -6.168962
  20    6.1172     0.002087     0.002125    -1.658614     1.002028
  21    6.1747     0.033816     0.004712     5.163485     9.169272
  22    6.2107     0.005523     0.011361    -4.527876   -11.537764
  23    6.2988     0.019521     0.021308   -46.632929    -8.609025
  24    6.3136     0.009097     0.078791    56.222932   -12.084388
  25    6.3180     0.004667     0.008511     1.988650    13.774491
  26    6.3304     0.023100     0.035249   -17.152830   -20.987613
  27    6.3387     0.019630     0.010732    17.252087    28.500864
  28    6.4035     0.019158     0.010434   -22.105960    -6.417935
  29    6.4821     0.075965     0.012516    16.715780    20.986508
  30    6.5046     0.234348     0.050381   -44.572920   -32.453347
  31    6.5450     0.024450     0.016042    42.954857    36.436802
  32    6.5564     0.005695     0.002018    24.597901    14.541038
  33    6.6110     0.052748     0.019594    23.393635    13.094813
  34    6.6351     0.072498     0.013421    45.160507    49.686427
  35    6.6660     0.074271     0.017859   -29.464608   -32.436129
  36    6.7195     0.031131     0.005206    -3.251675    -9.684461
  37    6.7382     0.026555     0.005658    -4.925602     4.160222
  38    6.8141     0.338871     0.101347   -11.182465    78.124862
  39    6.8192     0.065195     0.068357    97.154461   -89.240250
  40    6.8448     0.001683     0.001622     6.429302    -5.377031
  41    6.8645     0.080610     0.007860    25.460800    22.710407
  42    6.8892     0.161096     0.029202  -185.704181  -122.142667
  43    6.9477     0.007580     0.001260    18.805105     7.998904
  44    6.9750     0.070263     0.017080   -22.629086   -34.211877
  45    7.0044     0.018056     0.007625   -40.561164    -5.311981
  46    7.0411     0.042460     0.011157    -1.352791    -1.640611
  47    7.0574     0.111275     0.043251    14.038385     9.146125
  48    7.0973     0.114629     0.031625    -5.449987   -13.562677
  49    7.1529     0.091829     0.027283   106.474083    65.855188
  50    7.2458     0.049738     0.008665   -96.566434   -75.859405
  51    7.2632     0.363341     0.078105    77.306558    69.645504
  52    7.2704     0.112305     0.013814    45.318743    19.589855
  53    7.3005     0.097376     0.089839    26.582206    49.517452
  54    7.3096     0.052798     0.017626    17.120950    28.568679
  55    7.3455     0.028537     0.008964    11.716379    -0.478688
  56    7.3537     0.055133     0.021499    18.261010     8.453051
  57    7.3652     0.082631     0.023527   -80.645151   -72.322514
  58    7.4002     0.053594     0.015657     4.198571     5.475667
  59    7.4385     0.094940     0.026134   -50.427529   -52.554325
  60    7.4515     0.022387     0.007594   -16.712677    -4.013353
  61    7.4805     0.110093     0.027727    10.789315     9.530730
  62    7.4986     0.262933     0.048124    -4.383778   -32.883536
  63    7.5032     0.005029     0.003069   -12.458488     3.772536
  64    7.5295     0.003704     0.002570    -3.175037    -5.314930
  65    7.5497     0.034315     0.022983    52.060611    94.592479
  66    7.5541     0.093416     0.019671   -62.290663   -43.665792
  67    7.5657     0.005501     0.020592    12.239649    44.658744
  68    7.5695     0.152558     0.042273   -12.606695    -9.912724
  69    7.6269     0.065170     0.006571    -0.151838    15.920280
  70    7.6577     0.044490     0.024601   -70.574734   -59.058952
  71    7.6750     0.017508     0.004090   -56.340820   -21.165193
  72    7.6864     0.072120     0.015237   -90.782092   -79.857261
  73    7.6901     0.203694     0.053248   251.877642   211.848601
  74    7.7291     0.015160     0.012729    35.065297    16.348976
  75    7.7931     0.110574     0.019762   -17.770226    -8.520761
  76    7.8306     0.001636     0.084235    -8.737322    11.692211
  77    7.8425     0.141789     0.024253     9.833074    28.133319
  78    7.8588     0.075442     0.186242  -189.942491   -75.954134
  79    7.8801     0.253476     0.069098   282.584958   137.921305
  80    7.8907     0.011794     0.018216    41.383304     3.303154
  81    7.9107     0.059556     0.070768   -29.667838    30.047370
  82    7.9235     0.025881     0.012527    32.330778   -37.235946
  83    7.9513     0.074365     0.031163    63.965605    -3.595754
  84    7.9678     0.032434     0.013739   -62.944830   -40.817706
  85    7.9777     0.262648     0.036386   -88.273094   -46.887182
  86    7.9904     0.034785     0.037412    21.035115    66.311710
  87    8.0183     0.048210     0.013374    -1.607480    -7.691812
  88    8.0380     0.024707     0.031311    20.093295    37.884934
  89    8.0595     0.041994     0.011482    26.286508    21.917961
  90    8.0625     0.046748     0.024986   -11.647322   -15.845990
  91    8.0801     0.025967     0.003441    10.683002    23.015992
  92    8.1094     0.013131     0.006140     7.405375    -1.111617
  93    8.1516     0.101695     0.021655   -61.550761   -47.621409
  94    8.1899     0.270209     0.060681   -15.700494    -6.744770
  95    8.2071     0.004402     0.009868     5.870162    -2.716198
  96    8.2247     0.134496     0.033796   -39.316207   -26.292836
  97    8.2308     0.059348     0.013552   -17.490907   -22.858600
  98    8.2478     0.005261     0.002204   -10.067761    -7.877483
  99    8.2692     0.063144     0.022932    24.467759    53.306147
 100    8.2754     0.012974     0.007369     4.712279     1.718225
 101    8.3004     0.038329     0.015586   -17.606843   -16.286670
 102    8.3098     0.082318     0.008584   -32.759345   -16.035400
 103    8.3177     0.047651     0.020282    -4.884241   -24.038620
 104    8.3530     0.024185     0.005389   -14.346893    -9.483191
 105    8.3676     0.015707     0.003037   -29.551429   -18.509340
 106    8.3987     0.056798     0.015845   -88.663849   -67.609401
 107    8.4112     0.023848     0.022210    43.593173    54.713191
 108    8.4201     0.131535     0.038993   100.191816    49.686729
 109    8.4324     0.011878     0.003236    10.921866    11.321513
 110    8.4502     0.023934     0.009846    13.350520     6.811322
 111    8.4675     0.009992     0.004500     9.188621     4.096708
 112    8.4684     0.025591     0.009566    22.030878    -2.631111
 113    8.4689     0.020365     0.004993    30.581094    11.224773
 114    8.4881     0.005046     0.000936    -9.618341    -3.599975
 115    8.5020     0.012451     0.003931    10.277216     6.413733
 116    8.5141     0.047268     0.008460     9.136973     8.231184
 117    8.5158     0.012218     0.006070     5.584207   -21.976808
 118    8.5516     0.020221     0.010701   -17.203325   -14.400346
 119    8.5622     0.008008     0.004131     4.217991     4.638259
 120    8.5850     0.032404     0.010185    -4.331801     0.884878
 121    8.5941     0.006899     0.009509    13.965590    15.930649
 122    8.6151     0.004739     0.000551    -6.500553     2.574760
 123    8.6298     0.006344     0.005124     6.404052    12.928073
 124    8.6367     0.024778     0.032281     7.187274    -9.714286
 125    8.6778     0.016779     0.015903   -38.408558   -14.266203
 126    8.6826     0.029862     0.014204    -2.240267    -6.851024
 127    8.6951     0.007345     0.002185     1.122879     8.078501
 128    8.7104     0.004435     0.002441    -2.850175     0.235765
 129    8.7308     0.002070     0.000838     5.005013     4.024729
 130    8.7377     0.011894     0.003606    13.033416    -2.180794
 131    8.7425     0.115176     0.027701    79.970671    52.063888
 132    8.7541     0.007461     0.003051    -6.341241   -15.598418
 133    8.7716     0.033103     0.006646     0.639973    -0.180768
 134    8.7782     0.012253     0.009184    -2.548384     0.320421
 135    8.7979     0.009124     0.002846   -15.365200   -13.888023
 136    8.8087     0.003225     0.001115    11.102103     6.385599
 137    8.8158     0.030869     0.007075   -26.842264    13.818765
 138    8.8270     0.002976     0.000134     1.350836    -1.936853
 139    8.8344     0.014782     0.009821    31.549239   -21.275703
 140    8.8453     0.190644     0.036024  -138.309653  -100.442609
 141    8.8518     0.026091     0.007541    27.296247     3.658800
 142    8.8595     0.068471     0.028014   -36.047481   -37.443561
 143    8.8716     0.020779     0.006956   -17.821801   -22.608539
 144    8.8731     0.030908     0.008306    38.638051    28.244472
 145    8.9020     0.028747     0.015225    28.499692    23.040156
 146    8.9079     0.022872     0.008563   -14.121108     2.557883
 147    8.9189     0.071641     0.010732     8.214300     5.953039
 148    8.9296     0.030444     0.016842    23.560222    25.589971
 149    8.9432     0.021201     0.017017    14.628183    28.810573
 150    8.9728     0.014919     0.005409   -17.955096   -12.741120
 151    8.9802     0.018979     0.006106    35.239040    26.201063
 152    9.0017     0.044679     0.019412     4.172570    -3.608575
 153    9.0095     0.014395     0.002593   -18.063122   -11.995999
 154    9.0175     0.015429     0.003051   -13.981977   -10.757145
 155    9.0419     0.027666     0.002071   -24.414772    -7.803324
 156    9.0451     0.009014     0.001285    -4.606279     0.260986
 157    9.0744     0.011908     0.003714    -4.668613   -14.935916
 158    9.0829     0.001895     0.001085    -3.074471    -4.301830
 159    9.0942     0.035158     0.018603    35.142125    50.242916
 160    9.0978     0.030676     0.010927    -9.029846   -11.970660
 161    9.1141     0.027253     0.009147    -3.100958    -1.288910
 162    9.1301     0.011539     0.010012    -9.334228   -19.075051
 163    9.1420     0.024716     0.007764   -10.204880     1.514772
 164    9.1521     0.024358     0.010051     4.586890     1.954225
 165    9.1675     0.003731     0.000646     1.446239     7.551625
 166    9.1920     0.031232     0.015023    27.762338    38.484653
 167    9.2046     0.000401     0.004259     2.914481     6.261123
 168    9.2093     0.011345     0.001589    -6.638573    -7.458700
 169    9.2168     0.001440     0.004733     4.156599     4.725524
 170    9.2267     0.004570     0.018115    23.202458     7.313742
 171    9.2370     0.020185     0.009377    -6.837826     0.031090
 172    9.2387     0.009813     0.006494    -4.650058    -6.995783
 173    9.2524     0.010837     0.018511   -12.612174   -15.208290
 174    9.2603     0.000184     0.000271     0.195383     4.856560
 175    9.2658     0.009940     0.001689    14.415264     9.645658
 176    9.2806     0.005615     0.003104    10.521896     9.243740
 177    9.2945     0.005083     0.000775    -2.509556    -0.038779
 178    9.3190     0.002143     0.008228     2.334172     6.812920
 179    9.3229     0.029392     0.006686   -16.043711   -12.927447
 180    9.3333     0.016752     0.014085    -8.359678   -13.932312
 181    9.3351     0.007914     0.004633    24.491730    13.048333
 182    9.3531     0.010720     0.002766    21.280198    17.194237
 183    9.3547     0.000543     0.000300    -1.423287    -0.459831
 184    9.3588     0.010171     0.005347   -11.856969    -9.791742
 185    9.3674     0.008848     0.007747   -12.339120   -15.813363
 186    9.3829     0.029496     0.004002     0.918748    -2.981112
 187    9.3874     0.024840     0.008361    -7.264971    -5.686163
 188    9.4026     0.005295     0.005079    10.708804     0.680976
 189    9.4236     0.000374     0.002552    -0.425013    -1.107706
 190    9.4361     0.034613     0.010019    24.842362    16.382260
 191    9.4671     0.013403     0.005792   -16.547914   -17.181790
 192    9.4767     0.001005     0.002046    -5.932026     4.384948
 193    9.4832     0.033217     0.030472    34.737481    28.014024
 194    9.4922     0.007191     0.005335    -2.328381    -5.053350
 195    9.5190     0.002550     0.015851     1.985848    -0.847392
 196    9.5437     0.000778     0.005311    -1.814281     1.878877
 197    9.5543     0.003570     0.003840    11.053513     0.122186
 198    9.5763     0.013434     0.006011    22.170198    16.821650
 199    9.5834     0.006475     0.000385   -13.753849     0.382814
 200    9.5919     0.000484     0.006698     2.318852     1.821107
 201    9.6006     0.030868     0.010307    31.711820    17.333324
 202    9.6110     0.004433     0.002223     6.811571     1.194248
 203    9.6230     0.006086     0.002652   -16.515078    -5.959062
 204    9.6376     0.009991     0.006721    -0.848790    -3.772220
 205    9.6467     0.003549     0.001345   -16.015953    -4.621137
 206    9.6507     0.006610     0.003630     0.899233     0.226885
 207    9.6716     0.007178     0.006375     0.971734    -1.033867
 208    9.6783     0.007161     0.002716   -13.781101   -13.060431
 209    9.6804     0.026322     0.006672    21.816673    10.999995
 210    9.6889     0.005443     0.003891    14.865981     4.488903
 211    9.7086     0.017672     0.002633   -36.184638   -21.500805
 212    9.7124     0.007890     0.022953    -4.547634    17.202602
 213    9.7316     0.008439     0.000793   -17.462023    -7.545518
 214    9.7391     0.016233     0.001097   -45.158087   -17.882870
 215    9.7478     0.002642     0.003707     3.330646    -4.349080
 216    9.7557     0.001919     0.003114     9.278991     6.120699
 217    9.7604     0.000335     0.000182     0.960944     1.748050
 218    9.7755     0.007768     0.004339   -17.644405    -9.782551
 219    9.7852     0.040209     0.006058     2.540223     3.064236
 220    9.7947     0.003620     0.002141   -12.602693   -11.419449
 221    9.7978     0.026066     0.005352    14.181261     8.990739
 222    9.8116     0.015936     0.004828   -25.264705    -9.439072
 223    9.8194     0.002595     0.002984    -2.832981    -3.505629
 224    9.8359     0.010326     0.005657   -13.613985    -8.638812
 225    9.8389     0.025403     0.002847    17.495966    14.840183
 226    9.8562     0.006458     0.013498     1.815456    -2.738295
 227    9.8673     0.021732     0.008505   -13.128603   -18.329315
 228    9.8710     0.005982     0.020865     4.406653   -26.478629
 229    9.8829     0.007384     0.001817   -10.031223    -5.608862
 230    9.8922     0.009235     0.009039    -1.392085    -5.843700
 231    9.9062     0.020680     0.005584    21.573682    15.209547
 232    9.9120     0.015786     0.013476    -7.721751   -18.298743
 233    9.9267     0.015941     0.011266   -12.154719     6.376782
 234    9.9358     0.012729     0.006172     4.294773   -15.678696
 235    9.9488     0.004099     0.005753     2.848609    -0.377848
 236    9.9527     0.003930     0.001119    -9.773196    -5.245352
 237    9.9618     0.005661     0.012627    17.021755    29.863660
 238    9.9824     0.005276     0.002801    13.499630    15.048086
 239    9.9888     0.021117     0.007157    25.684071    17.261937
