$coord
         -5.642478665097         -2.868538940275          3.497503452379     c 
         -7.115512307044         -1.417947557422          1.559545164190     c 
         -9.728101296599         -1.407679409932          1.637790102619     c 
        -11.110738564246         -0.046253805958         -0.140020278673     c 
        -13.753889297660         -0.023761950802         -0.038211530493     n 
        -15.294808600624         -2.113871208206          0.206475477499     c 
        -14.689350555361         -4.663937769999          0.277744115791     c 
        -16.641896032878         -6.381550094304          0.479779839847     c 
        -19.188329811091         -5.661424483255          0.597438878180     c 
        -21.201445821304         -7.701783721180          0.840497945745     c 
        -23.880250574710         -6.613031153042          0.979462226509     c 
        -20.724974011941         -9.226810062647          3.264497648633     c 
        -21.061533696237         -9.457189370686         -1.467442675656     c 
        -19.772654910781         -3.108617217094          0.464663332606     c 
        -17.847374902895         -1.340272439352          0.262132297138     c 
        -17.831352841855          1.371393428493          0.050932314686     c 
        -19.732754366351          3.176609596100          0.042373461608     c 
        -19.115195066835          5.718773273509         -0.135879551022     c 
        -21.101674166048          7.799088590419         -0.158909173640     c 
        -20.851751985064          9.331151758211         -2.612125182408     c 
        -23.801745963618          6.764066300210         -0.020006372918     c 
        -20.683845700802          9.535197306633          2.130226779925     c 
        -16.556328618656          6.389551914250         -0.271318680304     c 
        -14.626676984044          4.634649882196         -0.265026964721     c 
        -15.270617395815          2.096266840963         -0.137088142507     c 
         -9.842241921731          1.297331450757         -2.013618232758     c 
         -7.229454875888          1.294770377343         -2.106690963971     c 
         -5.877880729207          2.740055563739         -4.135156510891     c 
         -5.813844489250         -0.058297052843         -0.313644180689     c 
         -2.849670263114         -0.034930247502         -0.375117720068     b 
         -1.335595458640          2.034379780983          0.988098751292     c 
         -2.613274436391          3.980952316018          2.274395923935     c 
         -1.319019684688          5.864927342223          3.504881584023     c 
          1.321828916239          5.863502424255          3.506411960208     c 
          2.615613026292          3.978804425938          2.276517841795     c 
          1.337521000053          2.034354501767          0.987382697323     c 
          2.850611176279         -0.032401290171         -0.381006666224     b 
          5.814936644432         -0.054785331727         -0.323861476155     c 
          7.227732008978          1.341667173482         -2.085742888265     c 
          5.873428748677          2.831527381980         -4.079923974497     c 
          9.840657677945          1.346324207387         -1.993624617322     c 
         11.111867597389         -0.042996779336         -0.155812751309     c 
         13.755291888448         -0.020218330439         -0.053837818167     n 
         15.269113527253          2.103792408654         -0.081814570626     c 
         14.621310995082          4.643728289399         -0.137041959548     c 
         16.547808924361          6.401011439864         -0.076561732965     c 
         19.106921325297          5.730309063177          0.055876585794     c 
         21.089726613521          7.813621325999          0.107509562450     c 
         20.862328265818          9.403455266849         -2.310841779000     c 
         20.645349522150          9.493502024701          2.433216923699     c 
         23.789941931180          6.779615266239          0.250358933486     c 
         19.728176431341          3.184891411196          0.157454475566     c 
         17.830074373403          1.377109442459          0.096379843004     c 
         17.849463215102         -1.339832242734          0.222055862483     c 
         19.776460581575         -3.111625103058          0.372137128801     c 
         19.194900121314         -5.668086750911          0.417836195262     c 
         21.210232306452         -7.713590800847          0.588055311703     c 
         20.733986080288         -9.329283076220          2.952516940850     c 
         23.887625829618         -6.627756899630          0.770042288545     c 
         21.073776002229         -9.381082163864         -1.784547681961     c 
         16.649476801522         -6.387060516017          0.272843209943     c 
         14.695294929082         -4.666201599240          0.122361575545     c 
         15.298175259013         -2.114578653900          0.132797375241     c 
          9.732381721992         -1.450024688337          1.588480371620     c 
          7.119659795572         -1.457811601738          1.515025034319     c 
          5.650859819832         -2.952355585792          3.422590224205     c 
          1.336652149268         -2.080805194145         -1.774159953098     c 
          2.614018035195         -4.013248208787         -3.081915217305     c 
          1.319078094296         -5.886071511384         -4.328740026318     c 
         -1.321871154854         -5.890204833329         -4.321432661320     c 
         -2.615666997677         -4.020692077359         -3.068454008370     c 
         -1.336934766344         -2.083504718698         -1.769163063591     c 
         -6.891170044150         -3.781148552714          4.851570821392     h 
         -4.364693369908         -1.609244623687          4.505386185420     h 
         -4.488444568391         -4.303670036511          2.578072306924     h 
        -10.717078846329         -2.411231342300          3.116465531046     h 
        -12.754106731408         -5.298581453736          0.158982846339     h 
        -16.159588075946         -8.362429667327          0.540208904150     h 
        -24.347204946962         -5.573317458250         -0.731069940462     h 
        -25.233184215675         -8.149670341729          1.174707435573     h 
        -24.090793695116         -5.372197780648          2.604689257110     h 
        -18.893359195108        -10.153532848691          3.222364079688     h 
        -20.783459978992         -7.989796185175          4.906898762163     h 
        -22.170505988116        -10.672527347060          3.485261675450     h 
        -19.236213453521        -10.389022182698         -1.593357818853     h 
        -22.516194981926        -10.905184542342         -1.343281975719     h 
        -21.355952590322         -8.382328843546         -3.196174482474     h 
        -21.699404601872         -2.453938922672          0.506417885006     h 
        -21.666575678733          2.558592618615          0.187818148461     h 
        -21.102850877972          8.105998646962         -4.245157958025     h 
        -19.008973526364         10.225059056943         -2.756128257161     h 
        -22.285993381123         10.803332642432         -2.675094516443     h 
        -25.135780331631          8.328806753480         -0.060901692923     h 
        -24.106090160734          5.719278657333          1.723785815999     h 
        -24.209066693099          5.541485395476         -1.621478317174     h 
        -22.118563541815         11.007654462139          2.172218152728     h 
        -18.840356350390         10.436818708523          2.062519303774     h 
        -20.806905075906          8.452797604883          3.874953806015     h 
        -16.044269967441          8.361195087005         -0.375105209835     h 
        -12.677631822101          5.233219075332         -0.334711990382     h 
        -10.922344724365          2.305467319174         -3.423989833145     h 
         -7.204945434550          3.574400720021         -5.464998243533     h 
         -4.744430871108          4.239451584892         -3.294961088124     h 
         -4.591778206943          1.499537249989         -5.154903915797     h 
         -4.658514436748          3.982004122963          2.285379330907     h 
         -2.339190507082          7.346451891150          4.477515623237     h 
          2.342413850128          7.343890868638          4.480355173357     h 
          4.660831181690          3.978254853511          2.289566365458     h 
          7.198296374557          3.685258973316         -5.399644459477     h 
          4.577010733362          1.616335167033         -5.116938783797     h 
          4.750723483940          4.320019197371         -3.206553751865     h 
         10.918890118010          2.391573863038         -3.378244414680     h 
         12.671624833389          5.240786026579         -0.201573359608     h 
         16.033048567716          8.374114444591         -0.124481346417     h 
         21.132042413796          8.217125346388         -3.969289087546     h 
         19.019120129188         10.296974745505         -2.452322273579     h 
         22.294338192606         10.879078677975         -2.324265296452     h 
         20.749837511195          8.369292644348          4.152510174775     h 
         18.802440550241         10.396290971297          2.367325527793     h 
         22.078622504721         10.964993638949          2.526763744504     h 
         24.074627238059          5.686804410548          1.967851827010     h 
         24.219533009992          5.603144198031         -1.379520084676     h 
         25.121321181905          8.347034116849          0.269463720996     h 
         21.662186875877          2.565644223130          0.295436997110     h 
         21.702360881581         -2.456469114032          0.440241739942     h 
         18.904892989931        -10.258458662354          2.873027539228     h 
         20.786575173817         -8.154046493538          4.639748409157     h 
         22.182979148684        -10.778503256022          3.121511896042     h 
         24.094736870985         -5.446486886869          2.439450262640     h 
         24.355946216058         -5.526146337865         -0.900880713983     h 
         25.241711817762         -8.169237279921          0.911235164292     h 
         21.362770948918         -8.240925666974         -3.471839279049     h 
         22.533120565987        -10.828125294115         -1.716382303859     h 
         19.251189351211        -10.313261606903         -1.943668755653     h 
         16.169622921018         -8.369457965831          0.267688911596     h 
         12.760860172095         -5.298612821234         -0.019694192599     h 
         10.724132398724         -2.491109476725          3.039120557341     h 
          4.360877193899         -1.719931531430          4.447930497055     h 
          4.510154616080         -4.379905051170          2.475181340517     h 
          6.902070104534         -3.879610278085          4.764332241922     h 
          4.659286756365         -4.011939062241         -3.095983909541     h 
          2.338790739377         -7.355783835856         -5.319570440697     h 
         -2.342455010424         -7.363256450114         -5.306376082926     h 
         -4.660976774442         -4.025199870244         -3.071811028980     h 
$end
