$coord
          3.709098323442         19.009721743231         -0.008928413246     n 
          2.639126071516         17.122026553631          0.004532781347     c 
          1.327449074764         14.809586142192          0.019391909473     c 
          2.589744192142         12.632402047644          0.043666721842     n 
          1.335368481112         10.426860069333          0.055899222902     c 
          2.671878866499          8.096049335677          0.066215927844     c 
          5.332020494899          8.115388498317          0.061097701395     c 
          6.677258421828          5.912372423805          0.063478948501     c 
          5.416354578672          3.571622560702          0.085029824349     c 
          6.841950579257          1.198136838254          0.082255005761     c 
          6.034638172282         -0.871447160210          1.504538293347     c 
          7.356921035495         -3.113519936828          1.491044816076     c 
          9.535194301017         -3.371869334362          0.024405226599     c 
         10.862781005232         -5.651162299407         -0.018348736274     n 
         13.502002757941         -5.641420052510         -0.196831420005     c 
         14.748907511257         -7.460718182813         -1.640503701771     c 
         17.353508144611         -7.444251328905         -1.806690166769     c 
         18.750998114535         -5.618571418949         -0.553813001693     c 
         17.520483051915         -3.804974715445          0.878847520870     c 
         14.917454137122         -3.811439399398          1.067025744508     c 
          9.558331790442         -7.946589556448          0.108699910359     c 
          7.229030932751         -8.229225834537         -1.094503440482     c 
          5.944994343609        -10.496783315397         -0.953804876772     c 
          6.959444366976        -12.516602438261          0.367719638471     c 
          9.276677480413        -12.248960401191          1.557056366582     c 
         10.570071748660         -9.985237108116          1.439982728581     c 
         10.357693996254         -1.307780908206         -1.398876634850     c 
          9.037369334854          0.935773184671         -1.355188729631     c 
          2.803182071524          3.542527334439          0.095011615230     c 
          1.362673147637          5.760003713330          0.079753715481     c 
         -1.361754604286          5.758855438022          0.076027316782     c 
         -2.800534480380          3.540232271809          0.089360699622     c 
         -5.413714422251          3.567244799008          0.072834299469     c 
         -6.838087025602          1.193047105685          0.071295693429     c 
         -6.031778135303         -0.874064674373          1.497783661368     c 
         -7.354395704628         -3.115960360820          1.487858045386     c 
         -9.532295307329         -3.376474388069          0.021094328279     c 
        -10.861413645534         -5.655025227335         -0.016465341019     n 
        -13.500650800969         -5.643409552152         -0.193454908197     c 
        -14.913548097653         -3.808664713715          1.066422382363     c 
        -17.516613501346         -3.799514157207          0.879113421139     c 
        -18.749801410749         -5.615189448440         -0.548619024019     c 
        -17.354914387449         -7.445809167176         -1.797184210998     c 
        -14.750271890964         -7.465006999895         -1.631882153682     c 
         -9.558008677587         -7.950821565497          0.113487911259     c 
        -10.569418696763         -9.986835880271          1.449033204753     c 
         -9.276719101933        -12.250818700589          1.568839014439     c 
         -6.960593470502        -12.521328185896          0.377979246898     c 
         -5.946460117988        -10.504094419795         -0.947735554818     c 
         -7.229747446807         -8.236294197177         -1.091085089931     c 
        -10.353196415084         -1.315303400635         -1.407301973993     c 
         -9.032317062618          0.927975606957         -1.367526844724     c 
         -6.676332830576          5.907043365629          0.045091729224     c 
         -5.332862512241          8.111107801114          0.044231161414     c 
         -2.672743534949          8.093845893247          0.057398214395     c 
         -1.338108513457         10.425717734224          0.050847326433     c 
         -2.594410672923         12.630108675779          0.033259535009     n 
         -1.333864223376         14.808482868906          0.013864562774     c 
         -2.647694433079         17.119550594895         -0.006794939508     c 
         -3.719770878353         19.006121152994         -0.024921434403     n 
          6.272812499483          9.925428206499          0.061634274635     h 
          8.716621202037          5.957396501214          0.096215210012     h 
          4.380527136300         -0.696779677234          2.687142594107     h 
          6.725347484397         -4.682882006172          2.633558819254     h 
         13.660228997353         -8.871390470315         -2.636200580450     h 
         18.297366539750         -8.857612967297         -2.936188894712     h 
         20.785553619115         -5.609229657456         -0.692962278074     h 
         18.596290196695         -2.382880716922          1.870946055916     h 
         13.961376022601         -2.410748170754          2.202889246975     h 
          6.447204881289         -6.665410769131         -2.147859147686     h 
          4.146396618188        -10.692838044837         -1.898159347342     h 
          5.952335469227        -14.287141050898          0.469123385369     h 
         10.076965796602        -13.810481649380          2.598848351185     h 
         12.365097909735         -9.773350421155          2.388029943891     h 
         12.027709577499         -1.490625792339         -2.558078510003     h 
          9.678366715990          2.493382977384         -2.506809893102     h 
          1.867375257127          1.732595848098          0.061350783208     h 
         -1.863127519243          1.731055378485          0.060144720758     h 
         -4.378389905689         -0.697432437659          2.681096605072     h 
         -6.723676050467         -4.683301941922          2.633624138743     h 
        -13.955435870065         -2.406252541700          2.198446954845     h 
        -18.590359118844         -2.373590429761          1.867948686337     h 
        -20.784378974301         -5.603601730199         -0.687305849173     h 
        -18.300872570517         -8.860906271115         -2.922750009555     h 
        -13.663679632372         -8.879522254325         -2.624402967186     h 
        -12.363569475193         -9.772676188828          2.398234259039     h 
        -10.076632585660        -13.810294889475          2.613980291666     h 
         -5.954067465251        -14.292078598230          0.481473527679     h 
         -4.148749656068        -10.702410152304         -1.893306118828     h 
         -6.448217184172         -6.674473215599         -2.147619296588     h 
        -12.022642019311         -1.500168743722         -2.567012844911     h 
         -9.672192470643          2.483218010268         -2.522956151736     h 
         -8.715799470087          5.950603080976          0.072259487689     h 
         -6.275083923826          9.920397357394          0.040405279832     h 
$end
