$coord
         -3.508151466844         -0.061241428090          4.770666245979     c 
         -1.896674531766         -0.034964376192          2.445268547697     c 
          0.708376651563         -0.036749935696          2.580462185086     c 
          2.199081052151         -0.009708145182          0.393414947196     c 
          4.893090038259         -0.010854721608          0.597742716119     n 
          6.075552993862         -2.331007576696          0.566829635268     c 
          4.676681706506         -4.557787172530          0.995730000825     c 
          5.808663763498         -6.893124623439          0.987832868751     c 
          8.408285126546         -7.146054872726          0.525705892044     c 
          9.809089485368         -4.992380192326          0.066179951313     c 
          8.687364833399         -2.636066193954          0.097855525474     c 
         10.549953429716          0.011588854448         -0.724861418520     s 
         10.850322385751          0.053303608744         -3.462871633219     o 
         12.901687032743         -0.008189530253          0.690906095112     o 
          8.684521995649          2.631647351747          0.176581537116     c 
          9.804252294826          4.988854681181          0.214642556668     c 
          8.401461137818          7.126872852707          0.736937256963     c 
          5.801910862992          6.858206919888          1.190278158111     c 
          4.671784163427          4.522649100603          1.128606953829     c 
          6.072832220860          2.310640744111          0.635317671301     c 
          1.080798672220          0.019398359712         -2.009241438907     c 
          2.690690148678          0.048878249819         -4.332386049342     c 
         -1.524302777943          0.020786553065         -2.148497637884     c 
         -3.010904301021         -0.005986751513          0.039520911950     c 
         -5.696243861547         -0.000895692744         -0.189145751397     n 
         -6.944329164045         -2.268290729088         -0.227030817126     c 
         -5.551338373105         -4.544422098672         -0.201644319191     c 
         -6.752303555798         -6.836832094742         -0.200189310095     c 
         -9.392859687566         -6.939213818126         -0.215064958331     c 
        -10.773811809927         -4.712329374901         -0.246884364118     c 
         -9.624770571399         -2.363128484581         -0.261516352817     c 
        -11.205272305417          0.012298707972         -0.296087545124     c 
        -12.889708153275          0.048630345569          2.084437762113     c 
        -12.874868793020         -0.015189127142         -2.687302651005     c 
         -9.611734402154          2.379261285726         -0.323247122343     c 
        -10.749101885039          4.733939355948         -0.371140967788     c 
         -9.357250154366          6.953826348350         -0.388615806657     c 
         -6.717655770298          6.838996706120         -0.353823692207     c 
         -5.527987449318          4.541171748844         -0.294917940309     c 
         -6.931981859183          2.272143522691         -0.279466274706     c 
         -4.729337423259          1.596873627540          4.821290537791     h 
         -2.337569729883         -0.066740555779          6.456660790887     h 
         -4.709717793354         -1.734285835557          4.797230342822     h 
          1.640577886296         -0.058159442009          4.394804625473     h 
          2.676662540600         -4.413741047010          1.356170027950     h 
          4.684581799669         -8.556837715797          1.344361671230     h 
          9.288474052744         -8.982664360378          0.516040751107     h 
         11.811214761811         -5.071859192281         -0.323951384205     h 
         11.806577813938          5.081495089780         -0.171302960223     h 
          9.280233818453          8.963611936014          0.782148914039     h 
          4.675999888480          8.509823558845          1.594126992458     h 
          2.671515758016          4.366816567061          1.482647258094     h 
          1.530414387823          0.070545845588         -6.026100201012     h 
          3.913799383002          1.707672206462         -4.344476571378     h 
          3.913707983549         -1.609098629051         -4.386868716452     h 
         -2.449657811467          0.042484163057         -3.966611594824     h 
         -3.515796252708         -4.455483216152         -0.193764155843     h 
         -5.661901087975         -8.560368742846         -0.187548367075     h 
        -10.351379658947         -8.738183647728         -0.205516118343     h 
        -12.808864998371         -4.837269446583         -0.261196440203     h 
        -14.085420642891          1.715981894314          2.100619222184     h 
        -14.094513363187         -1.611149941641          2.144610504253     h 
        -11.720524301867          0.067893693824          3.776131683683     h 
        -14.078325514968         -1.676695010540         -2.712724603032     h 
        -14.071998610032          1.649672776522         -2.755557283037     h 
        -11.693491099951         -0.039245578286         -4.370506459461     h 
        -12.783420645986          4.868540782686         -0.396579450562     h 
        -10.306829705792          8.757108784248         -0.428355363427     h 
         -5.618639397450          8.556972281523         -0.372755364347     h 
         -3.493020557358          4.443690013935         -0.269160972845     h 
$end
