$coord
          1.041924659569         -6.442194640409          1.883913899995     c 
          0.731266588050         -4.374938176258         -0.139606049897     c 
          0.837026506649         -5.545642584289         -2.800708164241     c 
          2.879616777678         -2.495743103428          0.110887474843     c 
          5.343583457607         -3.332428290302         -0.178894088792     c 
          7.394160985992         -1.699914314547         -0.044905103299     c 
          9.855272208612         -2.626946470121         -0.378403838527     n 
         10.668272599902         -4.101047894387         -2.368442110887     c 
          9.353592662368         -4.923387740814         -4.483681859151     c 
         10.643867105892         -6.364942383231         -6.236141090974     c 
         13.186369427271         -6.970317227123         -5.914646492537     c 
         14.515888285680         -6.120179750240         -3.837662670495     c 
         13.260587296853         -4.667338483641         -2.048484180273     c 
         14.030968465170         -3.465361148392          0.258670120106     c 
         16.302519805826         -3.351155947568          1.567819377197     c 
         16.387301530701         -2.023535111027          3.811642516089     c 
         14.238336933031         -0.839010362033          4.767074728468     c 
         11.957604528755         -0.924423739452          3.500205634106     c 
         11.870248932060         -2.222538322960          1.223366101352     c 
          6.965021937213          0.852479981287          0.395550457527     c 
          4.530356405025          1.713659326542          0.718128263974     c 
          2.464841772492          0.069820004547          0.599023648504     c 
          0.039438567668          1.002146979191          0.925435575586     n 
         -0.286412972128          3.611775169317          1.446790028852     c 
          0.239090469720          4.551493494642          3.858906226120     c 
         -0.059663886942          7.083929253800          4.354332913028     c 
         -0.893422433348          8.735280088999          2.469755167606     c 
         -1.187123197508         11.903867464853          3.346596299168     s 
         -2.154863864293         13.396870110694          0.557797181005     c 
         -2.472367140040         16.010459409591          0.702943397696     c 
         -3.230658738003         17.364156318256         -1.386078924934     c 
         -3.688025833734         16.125038932959         -3.659830122947     c 
         -3.379936529785         13.549263640723         -3.803413897354     c 
         -2.608482511471         12.125251348518         -1.708336781043     c 
         -2.341248856717          9.378841421790         -2.079202517384     c 
         -2.843191171341          8.402559213218         -4.108018694675     o 
         -1.441076115014          7.822408335866          0.055499105020     c 
         -1.114686160122          5.241287037948         -0.412267406976     c 
         -2.069779160430         -0.541723165806          0.745983528873     c 
         -4.477878769598          0.471295798285          1.138926263678     c 
         -6.609802383116         -1.015273277960          1.000791372551     c 
         -6.379291102346         -3.571491932784          0.447313792417     c 
         -8.515995996915         -5.133665625096          0.302923250632     n 
        -10.649227944031         -4.684336051547         -1.125868537980     c 
        -11.178574005818         -2.699979389261         -2.756412797531     c 
        -13.471071897080         -2.728541523406         -4.004566163351     c 
        -15.200762031561         -4.684132987334         -3.660542354994     c 
        -14.667998392715         -6.683045361836         -2.071730340640     c 
        -12.375028019305         -6.698140670796         -0.795163662877     c 
        -11.208246336550         -8.436421019139          0.930534426747     c 
        -11.962932121113        -10.716890537378          1.987429350988     c 
        -10.355749209867        -11.915001635984          3.656623555730     c 
         -8.033770302228        -10.852679479004          4.299627604094     c 
         -7.240681719538         -8.586927631896          3.274169004795     c 
         -8.827724805145         -7.396090381049          1.558720485113     c 
         -3.987560467689         -4.581265066921          0.063400532549     c 
         -1.819823809332         -3.121947865493          0.225350833540     c 
          0.930260747387         -5.608317586605          3.761215566536     h 
          2.857409875463         -7.382639037908          1.701072245508     h 
         -0.431513459659         -7.861636125565          1.712553236629     h 
          0.653430210086         -4.070235008696         -4.222030489773     h 
          2.617608949622         -6.522996517207         -3.100661973261     h 
         -0.685118188113         -6.896218217398         -3.070292488377     h 
          5.715532213191         -5.309538879789         -0.510004541021     h 
          7.394276479707         -4.429729813252         -4.767651890771     h 
          9.662010603950         -7.031450166482         -7.897112085497     h 
         14.126184848756         -8.106176178132         -7.325768170906     h 
         16.493730283894         -6.563482663912         -3.604502749463     h 
         17.961669694966         -4.290227460007          0.841101169585     h 
         18.136423397598         -1.907901586233          4.856657258245     h 
         14.357952106359          0.163622657840          6.541280036496     h 
         10.293602115832         -0.025758449678          4.266457448903     h 
          8.530966980790          2.157347114366          0.454376360284     h 
          4.220723537944          3.703733094690          1.034570059983     h 
          0.886122278077          3.278132810983          5.315292445651     h 
          0.342722461662          7.834068148749          6.208099646739     h 
         -2.110831660813         16.946075860401          2.479765416747     h 
         -3.467444656093         19.385649260421         -1.251733861895     h 
         -4.281762261622         17.181282072988         -5.299806898187     h 
         -3.722194843810         12.532870043844         -5.539557942060     h 
         -1.539946443975          4.557293518580         -2.288178812445     h 
         -4.680341112907          2.449969779714          1.585612216950     h 
         -8.448726960733         -0.205492897283          1.347936387127     h 
         -9.836705682311         -1.192783607675         -3.056394061755     h 
        -13.930766962009         -1.203518568686         -5.281071927590     h 
        -16.974979697096         -4.633983865428         -4.667841516254     h 
        -15.997138850777         -8.211375202331         -1.825471325695     h 
        -13.775311874212        -11.525047372460          1.513188089819     h 
        -10.904690705165        -13.692548346952          4.495580342007     h 
         -6.830149614287        -11.819154112124          5.635616921690     h 
         -5.455642769114         -7.758067150582          3.813162816988     h 
         -3.848351226553         -6.565554437559         -0.383899832137     h 
$end
