           2           1  0.983557148613920     
           3           1  2.648817454158080E-003
           3           2  0.983528586549104     
           4           1  2.035181670679983E-003
           4           2  0.987558958237777     
           4           3  2.162867391853370E-003
           5           1  1.153172192646108E-002
           5           2  3.514593824293030E-003
           5           3  1.117396458771444E-002
           5           4   1.43505141166617     
           6           2  1.128338797160548E-002
           6           4  5.935390103694133E-003
           6           5   1.38027533387739     
           7           4  9.777436697429729E-003
           7           5  1.316722537202819E-002
           7           6  0.988722984113087     
           8           5  8.312461865001718E-003
           8           6  1.015761680522787E-002
           8           7   1.11642462170996     
           9           5  2.654089963723210E-003
           9           7  2.871267546041038E-002
           9           8   1.35194159726529     
          10           7  2.109881656439188E-002
          10           8  3.781304177685334E-003
          10           9   1.47369608875634     
          11           7  1.996286684521233E-002
          11           8  7.755930174469375E-002
          11           9  5.714835885049207E-003
          11          10   1.39084477581212     
          12           7  6.535004991055498E-003
          12           8  4.101132151203287E-003
          12           9  0.106036897677004     
          12          10  2.720151345223866E-003
          12          11   1.47050209682802     
          13           5  2.554555550852820E-003
          13           6  8.723846770537568E-003
          13           7  4.052481653124206E-002
          13           8   1.25349162520572     
          13           9  7.446623772908934E-003
          13          10  8.219728694235219E-002
          13          11  5.620395834377373E-003
          13          12   1.36566922535970     
          14           5  2.754806812803324E-003
          14           6  8.753322453109348E-003
          14           7  4.051897958109337E-002
          14           8  6.822400893783636E-003
          14           9  7.242846863975027E-003
          14          11  2.138316204063789E-002
          14          12  5.532454228534882E-003
          14          13   1.14103508294464     
          15           7  6.521853473614795E-003
          15           8  2.082792227083928E-002
          15          10  9.946372708037285E-003
          15          12  1.849793408086358E-002
          15          13  5.532014909818796E-003
          15          14   1.36593974529781     
          16           7  1.998000518643950E-002
          16           8  4.136980695547653E-003
          16          11  3.561969405676446E-003
          16          13  2.139286085911003E-002
          16          14  5.628067503109069E-003
          16          15   1.47029939990610     
          17           7  2.109789051375463E-002
          17           8  9.872743559826662E-003
          17           9  2.414309796287691E-003
          17          10  7.703972558021000E-003
          17          12  9.942727288975118E-003
          17          14  8.224357085242068E-002
          17          15  2.717840990998918E-003
          17          16   1.39103710533272     
          18           7  2.873944315152679E-002
          18           8  1.739047082243651E-002
          18           9  3.520456511519545E-003
          18          10  2.419909052749707E-003
          18          13  7.241486048354033E-003
          18          14  7.457816604443487E-003
          18          15  0.105996215896001     
          18          16  5.735076857241513E-003
          18          17   1.47364112087869     
          19           5  1.263869609913875E-002
          19           6  1.021732779464062E-002
          19           7   1.11694522919038     
          19           8  1.988175240140048E-002
          19           9  1.736148108285126E-002
          19          10  9.851257254283517E-003
          19          11  4.136195640942062E-003
          19          12  2.080167807366998E-002
          19          13  6.806894948643004E-003
          19          14   1.25314869099386     
          19          15  4.094180456893265E-003
          19          16  7.753233277423165E-002
          19          17  3.768839409860090E-003
          19          18   1.35195745137173     
          20           1  3.138745762902653E-003
          20           3  3.113685214047544E-003
          20           4  9.905845220517809E-002
          20           5  3.361583654951583E-003
          20           6   1.37445093648124     
          20           7  1.276776775229893E-002
          20           8  1.266995054690443E-002
          20          13  2.689386486753133E-003
          20          14  2.431711098864957E-003
          20          18  2.485016362746007E-003
          20          19  8.096396350660348E-003
          21           2  1.065797401229004E-002
          21           4  8.097030049738422E-003
          21           5  9.728685272086207E-002
          21           6  6.666884967893878E-003
          21           7  9.928769240689684E-003
          21          20   1.46413426886585     
          22           1  7.196839938240213E-003
          22           2  4.635239861669552E-003
          22           3  7.360742008488008E-003
          22           4   1.32513769931685     
          22           5  3.661425287275371E-003
          22           6  8.210792970331150E-002
          22           7  4.047343213777737E-003
          22           8  2.436680025273316E-003
          22          19  2.424697632113513E-003
          22          20  3.546953855352366E-003
          22          21   1.34347026336282     
          23           1  3.515236218352877E-003
          23           2  3.975602094557636E-003
          23           3  3.544429240929298E-003
          23           4  3.470495299468680E-002
          23           5  1.148407835597649E-002
          23           6  2.319205515911939E-002
          23          20  1.061901998227744E-002
          23          21  3.880318385114569E-002
          23          22   1.07006465315477     
          24           4  9.108585801526466E-003
          24          21  2.061711009274290E-003
          24          22  8.371408408996226E-003
          24          23  0.956584112441283     
          25          21  2.633431180606254E-003
          25          22  6.838599611173414E-003
          25          23  9.680937988505951E-003
          25          24   1.33864259325884     
          26          23  9.901657460563974E-003
          26          24  3.584687628554363E-003
          26          25   1.49806908255888     
          27          24  7.845867979739893E-002
          27          25  2.394170901752301E-003
          27          26   1.33527530429142     
          28          24  2.031944810976365E-002
          28          25  2.335391732008760E-002
          28          26  3.300093094985997E-002
          28          27   1.11783978180505     
          29          24  2.356784785371283E-003
          29          25  2.552553441071162E-003
          29          26  9.210428999842620E-003
          29          27  1.583801693125518E-002
          29          28   1.11732938389537     
          30          26  2.265326711910594E-003
          30          27  8.962570754139773E-003
          30          28  3.291104917913673E-002
          30          29   1.33956530856305     
          31          27  2.514205594527252E-003
          31          28  2.458805207700520E-002
          31          29  2.690631069231391E-003
          31          30   1.49357300920209     
          32          27  2.204354616136695E-003
          32          28  2.138624144745512E-002
          32          29  8.203471927659534E-002
          32          30  3.027187732709608E-003
          32          31   1.37692983459395     
          33          28  1.532254371591079E-002
          33          29  3.164144908797330E-003
          33          30  0.111035201987248     
          33          31  2.369696198506157E-003
          33          32   1.49250069298559     
          34          24  3.447298943172042E-003
          34          25  2.187173532031961E-003
          34          27  9.938366933734814E-003
          34          28  4.243341727496695E-002
          34          29   1.31870161596981     
          34          30  3.769018098745403E-003
          34          31  8.598726309998357E-002
          34          32  3.798339135636700E-003
          34          33   1.34359677379185     
          35          24  1.590696659806642E-002
          35          25  4.009508875040519E-003
          35          26  9.514789390990057E-003
          35          27  9.059567181593443E-003
          35          28  4.055524048115756E-002
          35          29  8.682736001874108E-003
          35          30  9.478036644576492E-003
          35          31  3.719334237189988E-003
          35          32  1.639276623605705E-002
          35          33  7.444388082747440E-003
          35          34   1.06472322543727     
          36          24  3.874671852489805E-003
          36          25  1.327864347214450E-002
          36          26  3.172797535818986E-003
          36          27  2.885582635895531E-002
          36          28  4.411638319570525E-002
          36          29  2.844139269023025E-002
          36          30  3.239283711884641E-003
          36          31  1.303286332664444E-002
          36          32  4.147382230685962E-003
          36          33  2.644697504987013E-002
          36          34  5.209954545016442E-002
          36          35   1.64979456679546     
          37          23  1.093904263969699E-002
          37          24  4.344566091370705E-003
          37          25  8.395817527796040E-002
          37          26  3.575461353777661E-003
          37          27   1.31912628731001     
          37          28  4.227545891661002E-002
          37          29  1.052739879000987E-002
          37          31  2.507033056391435E-003
          37          32  3.449392954818327E-003
          37          33  1.047234347014527E-002
          37          34  1.388762561143246E-002
          37          35   1.06076026300143     
          37          36  5.273096952104626E-002
          38          21  3.001374770069811E-003
          38          22  9.818358854183853E-003
          38          23  1.023363934741361E-002
          38          24   1.45174841705532     
          38          25  4.615712720394908E-003
          38          26  0.107730419342637     
          38          27  3.576673299111668E-003
          38          28  1.542241276688151E-002
          38          34  1.047804706735483E-002
          38          35  6.998308249143600E-003
          38          36  2.531184416579908E-002
          38          37   1.34526740064528     
          39           1  7.362011924310346E-003
          39           2  4.648054200241296E-003
          39           3  7.196297804751653E-003
          39           4  7.072773784828638E-003
          39          21  1.158432381686227E-002
          39          22  8.768742570976444E-003
          39          23   1.06908376596251     
          39          24  8.456805064376979E-003
          39          25  8.191911793554165E-003
          39          38  8.435217915396611E-003
          40           2  1.065611260090752E-002
          40           4  4.808376748850643E-003
          40           6  3.852466096523922E-003
          40          21  5.532027222969790E-003
          40          22  1.156712158552435E-002
          40          23  3.870664599573182E-002
          40          24  2.139271535458289E-003
          40          25  2.353905148651222E-003
          40          38  3.012598660567929E-003
          40          39   1.34403963129742     
          41           1  3.120467951014039E-003
          41           3  3.129541906413969E-003
          41          23  1.063529894599973E-002
          41          39  3.567399520298338E-003
          41          40   1.46396759599384     
          42           2  1.128199269671431E-002
          42           4  4.104730986611604E-003
          42           6  3.203071370185093E-003
          42          21  3.850625337913179E-003
          42          23  2.311587824337990E-002
          42          39  8.211444768907217E-002
          42          40  6.650747935008213E-003
          42          41   1.37441390098541     
          43          39  4.082311340232239E-003
          43          40  9.929460904870045E-003
          43          41  1.286074963231159E-002
          43          42  0.989055922015194     
          44          39  2.436460197715181E-003
          44          41  8.088629014136596E-003
          44          42  1.026566890212907E-002
          44          43   1.11630043478204     
          45          41  2.522092933582735E-003
          45          43  2.869381194556593E-002
          45          44   1.35211889854433     
          46          43  2.109499083484751E-002
          46          44  3.777092566263492E-003
          46          45   1.47356911963783     
          47          43  1.993874029289996E-002
          47          44  7.755739591240732E-002
          47          45  5.727196110925190E-003
          47          46   1.39100972527180     
          48          43  6.532479163516865E-003
          48          44  4.097427467415236E-003
          48          45  0.106008875002514     
          48          46  2.717081998765859E-003
          48          47   1.47043513516944     
          49          41  2.433439664422733E-003
          49          42  8.747543971228905E-003
          49          43  4.045779023653079E-002
          49          44   1.25342315544553     
          49          45  7.440961025497042E-003
          49          46  8.228614367759332E-002
          49          47  5.608355947313133E-003
          49          48   1.36579416910223     
          50          41  2.705885629547703E-003
          50          42  8.722181020832855E-003
          50          43  4.052241878007631E-002
          50          44  6.810440141587005E-003
          50          45  7.239057124248178E-003
          50          47  2.137246527464537E-002
          50          48  5.524135704698239E-003
          50          49   1.14099880258142     
          51          43  6.531673380244707E-003
          51          44  2.081571528289670E-002
          51          46  9.950805847368651E-003
          51          48  1.850072437792168E-002
          51          49  5.529822317149265E-003
          51          50   1.36581124730647     
          52          43  1.997298062022498E-002
          52          44  4.136321726227963E-003
          52          47  3.557420410665305E-003
          52          49  2.138287366402288E-002
          52          50  5.624717703692227E-003
          52          51   1.47035587849132     
          53          43  2.108561045594587E-002
          53          44  9.853318202062072E-003
          53          45  2.412501876317599E-003
          53          46  7.705147232762928E-003
          53          48  9.941837501079085E-003
          53          50  8.217353241815993E-002
          53          51  2.718507315233982E-003
          53          52   1.39093170187629     
          54          43  2.873207451252880E-002
          54          44  1.736513386836449E-002
          54          45  3.516663854393121E-003
          54          46  2.415283519013879E-003
          54          49  7.240557800945490E-003
          54          50  7.451694922072954E-003
          54          51  0.106029105847741     
          54          52  5.716302567126444E-003
          54          53   1.47364608519851     
          55          39  2.428565650853483E-003
          55          41  1.266852377280483E-002
          55          42  1.011615269338088E-002
          55          43   1.11669644497240     
          55          44  1.988791284398039E-002
          55          45  1.735884626581637E-002
          55          46  9.874832273604662E-003
          55          47  4.125645966205580E-003
          55          48  2.082474855669602E-002
          55          49  6.809680507261127E-003
          55          50   1.25338786942038     
          55          51  4.097115841352307E-003
          55          52  7.756917116823803E-002
          55          53  3.779540300955748E-003
          55          54   1.35190406393103     
          56           1  1.117537021399953E-002
          56           2  3.504772217758377E-003
          56           3  1.154955969494227E-002
          56           4  6.749316721638307E-003
          56          23  1.146836500486440E-002
          56          39  3.662677573019333E-003
          56          40  9.732664911751170E-002
          56          41  3.361836520394737E-003
          56          42   1.38015309439712     
          56          43  1.319596710750758E-002
          56          44  1.266414945854233E-002
          56          49  2.759723337570923E-003
          56          50  2.575786102130382E-003
          56          54  2.679307408128936E-003
          56          55  8.310558617129307E-003
          57           1  2.158769560967542E-003
          57           2  0.987498228930873     
          57           3  2.038854440676387E-003
          57           4  4.818802124969574E-003
          57           5  6.753096166365004E-003
          57           6  4.106213358536870E-003
          57          21  4.809945760622321E-003
          57          22  7.083648180085656E-003
          57          23  3.459231472128781E-002
          57          24  9.119248281716319E-003
          57          39   1.32533810774821     
          57          40  8.063732711903186E-003
          57          41  9.910226666471916E-002
          57          42  5.910604533711377E-003
          57          43  9.773395406146820E-003
          57          56   1.43502148706410     
          58           1  0.979399932486858     
          58           3  9.626376566880883E-003
          59           1  0.977144621394110     
          59          57  8.573080791335820E-003
          60           1  0.977730089216888     
          60           4  8.647542610332246E-003
          61           1  9.623087673106625E-003
          61           3  0.979402958790139     
          62           3  0.977730200316769     
          62          57  8.649581173176610E-003
          63           3  0.977107758354678     
          63           4  8.571243265349747E-003
          64           5  0.962965198612462     
          64          20  9.180463457218083E-003
          64          22  9.654199809099092E-003
          65           9  0.967557476460496     
          65          11  1.087215295760226E-002
          65          13  1.091496148602125E-002
          66           8  1.055688651444779E-002
          66          10  0.973044103239769     
          66          12  1.026279142862915E-002
          67           9  1.028146745666098E-002
          67          11  0.972825227990610     
          67          13  1.063433402722742E-002
          68           8  1.106277045803467E-002
          68          10  1.091599018786587E-002
          68          12  0.968772990136917     
          69          15  0.968773202683758     
          69          17  1.091371921411913E-002
          69          19  1.106925096713658E-002
          70          14  1.063157354761857E-002
          70          16  0.972830871581186     
          70          18  1.028408293350857E-002
          71          15  1.026286222971092E-002
          71          17  0.973048198197288     
          71          19  1.056152750196623E-002
          72          14  1.091213945897855E-002
          72          16  1.086928857222102E-002
          72          18  0.967494392373159     
          73           5  9.396251317166109E-003
          73          20  0.969178404106007     
          73          22  1.076578922849403E-002
          74           4  8.975807787591375E-003
          74           6  1.054241253935423E-002
          74          21  0.964602774129322     
          74          24  4.002088398872413E-003
          75          25  0.969279912107451     
          75          27  1.101468128824303E-002
          75          38  8.986681225224809E-003
          76          24  1.086619249981833E-002
          76          26  0.967742847076216     
          76          37  9.312266830470392E-003
          77          30  0.968199724722381     
          77          32  1.106005367711752E-002
          77          34  9.407870054993241E-003
          78          29  1.089312519417346E-002
          78          31  0.972199072527382     
          78          33  1.019591998625300E-002
          79          30  1.019804380388294E-002
          79          32  0.972052838682186     
          79          34  1.124904974369840E-002
          80          28  2.124919929826924E-003
          80          29  8.855119239786701E-003
          80          31  1.131360904045230E-002
          80          33  0.965124786991913     
          80          36  1.895990526339212E-002
          81          25  1.013267255577553E-002
          81          27  8.926960665770148E-003
          81          28  2.031720166356234E-003
          81          36  1.924750632564049E-002
          81          38  0.962193006633120     
          82          24  4.126195602513839E-003
          82          40  0.964710671887565     
          82          42  1.054465121528133E-002
          82          57  8.977752392308025E-003
          83          39  1.075650960505359E-002
          83          41  0.969175986759554     
          83          56  9.405024118623007E-003
          84          45  0.967530733766050     
          84          47  1.085878856063771E-002
          84          49  1.090904024500653E-002
          85          44  1.055404986359634E-002
          85          46  0.973068108672009     
          85          48  1.025980491644868E-002
          86          45  1.028581296944566E-002
          86          47  0.972823597825898     
          86          49  1.063505218911484E-002
          87          44  1.106203589757081E-002
          87          46  1.091729698817782E-002
          87          48  0.968771214464661     
          88          51  0.968770202647663     
          88          53  1.091306340605757E-002
          88          55  1.106874615803549E-002
          89          50  1.063197479123371E-002
          89          52  0.972823235521890     
          89          54  1.028323186493017E-002
          90          51  1.026637445021424E-002
          90          53  0.973033529575607     
          90          55  1.055840816679270E-002
          91          50  1.091752853233114E-002
          91          52  1.087297585849767E-002
          91          54  0.967522157662937     
          92          39  9.647328154376980E-003
          92          41  9.167554227425108E-003
          92          56  0.962925969945233     
