           2           1   1.42919715753489     
           3           1  2.345998740807459E-003
           3           2   1.45308143544330     
           4           1  0.102361572023182     
           4           2  2.015909339723274E-003
           4           3   1.37078584527521     
           5           1  1.434385767754183E-002
           5           2  1.442173885810708E-002
           5           3  3.718924667108664E-002
           5           4  0.991702219310028     
           6           3  6.831570632531479E-003
           6           4  2.624932839192407E-002
           6           5  0.923769364450240     
           7           4  2.093842188365903E-003
           7           5  2.582850586445708E-002
           7           6   1.36823186546391     
           8           5  1.507061584027317E-002
           8           6  2.702746826520734E-003
           8           7   1.45470629662964     
           9           5  6.900007441263014E-003
           9           6  9.997096274339344E-002
           9           7  2.541152227164196E-003
           9           8   1.42325876882534     
          10           5  1.330944565929315E-002
          10           6  2.246940528610171E-003
          10           7  0.105598156851239     
          10           8  2.134838351351285E-003
          10           9   1.42542449404453     
          11           4  4.942457782692040E-003
          11           5  2.469626760784954E-002
          11           6   1.37902637578554     
          11           7  2.768946491307172E-003
          11           8  0.104186574619966     
          11           9  2.447533102203709E-003
          11          10   1.45489857717416     
          12           1  2.336918175954713E-003
          12           3  4.173992671027118E-003
          12           4  1.552651990164523E-002
          12           5  0.998755810291937     
          12           6  2.803895524103185E-002
          12           7  9.139331948546242E-003
          12           9  7.799037070687660E-003
          12          11  9.395652864813824E-003
          13           4  2.234621507597650E-003
          13           5  2.633261769203310E-002
          13           6  5.026291256455852E-003
          13          12   1.36453561076520     
          14           5  2.239524799263629E-002
          14           6  4.143050019433630E-003
          14           7  2.357866357943307E-003
          14           9  3.487747021712552E-003
          14          11  2.318059405554677E-003
          14          12  2.164544994000541E-002
          14          13   1.48218511253901     
          15           5  5.253944221069369E-003
          15           6  3.986558944554600E-003
          15          12  6.810282105485009E-002
          15          13  2.313160343139969E-003
          15          14   1.32305516222690     
          16           5  1.129884667246730E-002
          16          12  6.699827839310617E-003
          16          13  9.960084614500082E-002
          16          14  5.069651639719076E-003
          16          15   1.51125554831578     
          17           4  5.105254534477189E-003
          17           5  2.076111925309261E-002
          17           6  8.031333267819723E-003
          17           9  2.470233202929285E-003
          17          12   1.22492768500274     
          17          13  2.858116204377017E-003
          17          14  6.092269038260859E-002
          17          15  1.221825517406242E-002
          17          16   1.32338067134673     
          18           5  1.241997646275966E-002
          18           6  5.239247827774923E-003
          18           7  2.416668392365796E-003
          18           9  3.782697049535258E-003
          18          11  2.439428273768713E-003
          18          12  2.638048979835605E-002
          18          13  9.515065157784969E-003
          18          14  1.590354650972914E-002
          18          15  2.819416086497191E-002
          18          16  6.002703253537721E-003
          18          17   1.15959312156065     
          19           5  2.474875783824780E-003
          19          12  1.720448150338005E-002
          19          14  5.191041753532587E-003
          19          15  2.207515433885066E-003
          19          16  1.794943079098589E-002
          19          17  5.999995590722525E-003
          19          18   1.32340713642085     
          20           5  5.947108058640968E-003
          20           6  3.031340884303407E-003
          20          12  1.302651077544533E-002
          20          14  8.482526603395844E-003
          20          15  6.833955927085835E-003
          20          16  2.208774871263020E-003
          20          17  2.820054792273341E-002
          20          18  1.222503339502422E-002
          20          19   1.51123806273840     
          21           5  7.916748848550441E-003
          21           6  2.768715205513512E-003
          21           9  2.934036611970876E-003
          21          12  9.483506265834885E-003
          21          14  6.526364911653887E-003
          21          15  8.478491293241991E-003
          21          16  5.190024251325973E-003
          21          17  1.590103772178516E-002
          21          18  6.092215018211583E-002
          21          19  5.067633018556254E-003
          21          20   1.32304525324934     
          22           5  8.904417038048604E-003
          22          17  9.514231935347825E-003
          22          18  2.858877990458892E-003
          22          19  9.960104875738834E-002
          22          20  2.314064987679723E-003
          22          21   1.48220848267710     
          23           4  5.184187687976234E-003
          23           5  3.978932337328703E-002
          23           6  5.415941818073242E-003
          23           7  2.558343537477438E-003
          23           9  3.888988651874867E-003
          23          11  2.479732917578839E-003
          23          12  1.699790978315735E-002
          23          14  9.486765087792066E-003
          23          15  1.302566015966574E-002
          23          16  1.720163481430364E-002
          23          17  2.638793555159233E-002
          23          18   1.22489827041878     
          23          19  6.698536181747257E-003
          23          20  6.809449218732561E-002
          23          21  2.164851116120683E-002
          23          22   1.36450948786530     
          24           1  6.612480338871099E-003
          24           3  1.234895976032254E-002
          24           4  2.459732490900822E-002
          24           5  0.715675734915753     
          24           6  4.262788570661780E-002
          24           7  8.284933939052335E-003
          24           8  3.323008395910685E-003
          24           9  2.818901909125189E-003
          24          11  2.547924848080803E-003
          24          12  3.977913755264269E-002
          24          13  8.900365220973505E-003
          24          14  7.918575160070208E-003
          24          15  5.943949036257543E-003
          24          16  2.474740109249587E-003
          24          17  1.242075116177592E-002
          24          18  2.076285367470561E-002
          24          19  1.129761467260542E-002
          24          20  5.256431908358795E-003
          24          21  2.239648603075887E-002
          24          22  2.633118444333384E-002
          24          23  0.998775644944188     
          25           5  4.263272932393480E-002
          25           6  7.136623707189852E-003
          25          12  5.414166884252170E-003
          25          14  2.768069037057198E-003
          25          15  3.030657167152200E-003
          25          17  5.239574317708412E-003
          25          18  8.030597053624989E-003
          25          20  3.988053298490111E-003
          25          21  4.142227278276397E-003
          25          22  5.026788046796710E-003
          25          23  2.803243040759154E-002
          25          24  0.923685861932801     
          26           5  8.278162150427809E-003
          26          12  2.557474752734481E-003
          26          17  2.417002127432609E-003
          26          21  2.357235766217292E-003
          26          23  9.130992875509517E-003
          26          24  2.582714492711219E-002
          26          25   1.36822638694897     
          27           5  3.324030326632115E-003
          27          24  1.506947841891142E-002
          27          25  2.702998210581033E-003
          27          26   1.45471959695843     
          28           5  2.805903646763984E-003
          28          12  3.887725529087757E-003
          28          14  2.933314143587551E-003
          28          17  3.784065797607089E-003
          28          18  2.470584881483401E-003
          28          21  3.487187313467910E-003
          28          23  7.798574636618668E-003
          28          24  6.888290599444618E-003
          28          25  9.998783878008995E-002
          28          26  2.539210911092923E-003
          28          27   1.42324820159922     
          29          24  1.330415339377916E-002
          29          25  2.247460125385094E-003
          29          26  0.105608811634781     
          29          27  2.134851419388443E-003
          29          28   1.42545704005858     
          30           5  2.536405681953337E-003
          30          12  2.478233774605721E-003
          30          17  2.440446320612273E-003
          30          21  2.319152001316864E-003
          30          23  9.401608907904702E-003
          30          24  2.468177904366651E-002
          30          25   1.37909046580894     
          30          26  2.768021446916460E-003
          30          27  0.104184904107436     
          30          28  2.446017887319897E-003
          30          29   1.45486141735657     
          31           5  2.460071442969273E-002
          31          12  5.184198109157319E-003
          31          18  5.106088427212088E-003
          31          22  2.233672453061916E-003
          31          23  1.552406069433864E-002
          31          24  0.991734625237636     
          31          25  2.624503989852624E-002
          31          26  2.095266859009945E-003
          31          30  4.941666691668495E-003
          32           5  1.009608135704927E-002
          32          23  5.966482091408937E-003
          32          24  2.972063779564904E-002
          32          25  2.295356496366293E-003
          32          31   1.38105339753480     
          33           5  2.687390297613563E-003
          33          24  1.452207994663707E-002
          33          31  2.066165331092701E-003
          33          32   1.45269368088939     
          34           5  6.616089724552073E-003
          34          23  2.342330820823402E-003
          34          24  1.435231355287537E-002
          34          31  0.102353380429659     
          34          32  2.248833517492216E-003
          34          33   1.42771030697835     
          35          24  1.442330925972183E-002
          35          31  2.015860334580443E-003
          35          32  0.105981880831680     
          35          33  2.132475810668999E-003
          35          34   1.42919919312097     
          36           5  1.237970370274403E-002
          36          23  4.176834751873965E-003
          36          24  3.720752406781924E-002
          36          25  6.830508607223567E-003
          36          31   1.37074793768057     
          36          32  2.328781000896862E-003
          36          33  0.105061833354063     
          36          34  2.346936669794302E-003
          36          35   1.45308214592087     
          37           1  2.248755390035237E-003
          37           2  0.105986815120583     
          37           3  2.328193535028309E-003
          37           4   1.38105214314449     
          37           5  2.971304017106817E-002
          37           6  2.297008389226864E-003
          37          12  5.961439949491859E-003
          37          24  1.009363099965328E-002
          38           1   1.42772248527239     
          38           2  2.132440394926563E-003
          38           3  0.105064330590570     
          38           4  2.065687631767480E-003
          38           5  1.451912340116545E-002
          38          24  2.682403508378587E-003
          38          37   1.45268874472512     
          39           1  0.973205607224582     
          39           3  1.041398902312755E-002
          39          37  1.043449879264707E-002
          40           2  0.971696704610485     
          40           4  1.063253810334222E-002
          40          38  1.063759714209319E-002
          41           1  1.088438761282665E-002
          41           3  0.962345460478341     
          41          24  2.664441608069195E-003
          41          37  9.977198560288763E-003
          42           7  0.968507777456154     
          42           9  1.083575219501131E-002
          42          11  1.002409394898707E-002
          43           6  1.042264100700366E-002
          43           8  0.970802687014184     
          43          10  1.056554907604242E-002
          44           7  1.027694952182063E-002
          44           9  0.973207163244269     
          44          11  1.031600729381164E-002
          45           6  1.068711256302791E-002
          45           8  1.058082071657940E-002
          45          10  0.971713646128288     
          46           7  9.839334902171372E-003
          46           9  1.089991217681064E-002
          46          11  0.966586053660113     
          47          13  0.966267079034898     
          47          15  1.151329104856891E-002
          47          17  1.019271223710587E-002
          48          12  1.108695414514902E-002
          48          14  0.971680048366531     
          48          16  9.918196435770634E-003
          49          13  9.787132152740782E-003
          49          15  0.972672291802532     
          49          17  1.107737561111849E-002
          50          12  9.500616005016326E-003
          50          14  1.133444942183470E-002
          50          16  0.965564513008725     
          51          19  0.965563645855455     
          51          21  1.133436985089269E-002
          51          23  9.501137916816258E-003
          52          18  1.107708439403322E-002
          52          20  0.972672680897868     
          52          22  9.787058071359777E-003
          53          19  9.918065958025626E-003
          53          21  0.971679627274574     
          53          23  1.108717244206987E-002
          54          18  1.019240288147474E-002
          54          20  1.151334337490157E-002
          54          22  0.966264257731002     
          55          26  0.968512377647451     
          55          28  1.083589777883551E-002
          55          30  1.002329376588007E-002
          56          25  1.042301305645877E-002
          56          27  0.970802031388664     
          56          29  1.056527017679897E-002
          57          26  1.027662745006404E-002
          57          28  0.973207196797929     
          57          30  1.031605302092387E-002
          58          25  1.068684681268142E-002
          58          27  1.058097903917586E-002
          58          29  0.971713681813712     
          59          26  9.839673815133959E-003
          59          28  1.089959181941568E-002
          59          30  0.966580194892945     
          60          32  0.967885486471112     
          60          34  1.084585162597865E-002
          60          36  1.019355513212578E-002
          61          31  1.059639167772214E-002
          61          33  0.971943736689367     
          61          35  1.060306842020665E-002
          62          32  1.043428685259365E-002
          62          34  0.973205461650642     
          62          36  1.041404992549524E-002
          63          31  1.063255327708836E-002
          63          33  1.063761100158810E-002
          63          35  0.971697254914797     
          64           5  2.690351390136310E-003
          64          32  9.976826193038356E-003
          64          34  1.088407272786993E-002
          64          36  0.962328766534421     
          65           1  1.084537611591761E-002
          65           3  1.019382500824312E-002
          65          37  0.967895294836952     
          66           2  1.060328792664222E-002
          66           4  1.059611114175501E-002
          66          38  0.971944508629535     
