           2           1   1.39307991093840     
           3           1  2.532365723920920E-003
           3           2   1.46872315425297     
           4           1  8.329635628376753E-002
           4           2  3.262215761454230E-003
           4           3   1.36013336609566     
           5           1  3.127677788468784E-003
           5           2  8.292866090303237E-002
           5           3  3.925076223710518E-003
           5           4   1.30697102223909     
           6           1   1.46949542048027     
           6           2  2.634048440786827E-003
           6           3  0.109921414788575     
           6           4  4.016032482958042E-003
           6           5   1.35820575555038     
           7           1  3.109566952892045E-002
           7           2  1.394331301276227E-002
           7           3  1.955214812531313E-002
           7           4  2.888711651669332E-002
           7           5   1.10011492303856     
           7           6  2.809920512544489E-002
           8           1  2.314392883865526E-003
           8           2  5.768453789800657E-003
           8           4  1.823433033224983E-002
           8           5  1.404337302401931E-002
           8           6  1.183318720056051E-002
           8           7   1.12726777481449     
           9           5  1.123769320053496E-002
           9           7  2.676700555633068E-002
           9           8   1.33551438377703     
          10           2  2.278412476085159E-003
          10           4  5.563965664852485E-003
          10           5  2.425848894068232E-003
          10           7  3.973848808190308E-002
          10           8  5.730091487141996E-003
          10           9   1.49826268236193     
          11           1  2.001551620822068E-003
          11           4  2.323645811097750E-003
          11           5  5.203344342171306E-003
          11           7  1.308021950204015E-002
          11           8  6.820398661040755E-002
          11           9  2.791502440423279E-003
          11          10   1.30758876244658     
          12           7  1.153654121634617E-002
          12           8  8.020929675666975E-003
          12           9  1.337985385643842E-002
          12          10  1.073001165625279E-002
          12          11   1.09299093660829     
          13           8  2.247874506823118E-003
          13          10  1.261182206742747E-002
          13          11  4.812373765719166E-003
          13          12   1.23059134545298     
          14           7  3.361570549639764E-003
          14           8  3.541075347006213E-003
          14          10  3.745420902712847E-003
          14          11  7.493988576436072E-003
          14          12  3.304173060861984E-002
          14          13   1.34183150862328     
          15           7  2.135072687036484E-003
          15          12  2.742453992180050E-002
          15          13  3.764133257205252E-003
          15          14   1.42172219047917     
          16          12  1.488369721993489E-002
          16          13  6.342440008289935E-002
          16          14  9.381535259804249E-003
          16          15   1.41656639898875     
          17           7  3.111079537902096E-003
          17          11  2.015533000323729E-003
          17          12  2.347592374129073E-002
          17          13  5.201102099460495E-003
          17          14  8.391464830986736E-002
          17          15  1.148797635634193E-002
          17          16   1.43746903110173     
          18          11  9.880930417713389E-003
          18          12  5.334475169978026E-003
          18          13   1.19640048071499     
          18          14  4.245084521043540E-003
          18          15  6.091800640001294E-002
          18          16  2.905781826306633E-003
          18          17   1.31439045967337     
          19           7  8.624917456042958E-003
          19          10  2.087977690735223E-003
          19          11  2.962792092575391E-003
          19          12  6.382556949323957E-002
          19          13  7.685371812646423E-003
          19          14  2.282112368566540E-002
          19          15  1.884322188454310E-002
          19          16  2.714549584109428E-002
          19          17  3.735623231735032E-002
          19          18   1.30269567435711     
          20          11  9.806214395303879E-003
          20          12  5.310379444597919E-003
          20          13  2.840016349551971E-002
          20          15  1.013093387391814E-002
          20          17  2.197743178603729E-002
          20          18  2.538471858560493E-003
          20          19   1.30278996530430     
          21           7  3.428181997573187E-003
          21          11  2.029665159530466E-003
          21          12  2.345567266871844E-002
          21          13  2.078085157875297E-003
          21          14  9.682252306496846E-003
          21          15  8.668206289041285E-003
          21          16  3.698272120821598E-003
          21          17  1.651383411682085E-002
          21          18  2.199144478219239E-002
          21          19  3.748887665771995E-002
          21          20   1.31441654512634     
          22          12  1.485458333210287E-002
          22          13  8.419871277664335E-003
          22          14  6.580624691277801E-003
          22          15  3.017943944640267E-003
          22          16  3.309083263782648E-003
          22          17  3.688492612283509E-003
          22          19  2.699888055684026E-002
          22          20  2.900813496210214E-003
          22          21   1.43674170956251     
          23           7  2.382793581682344E-003
          23          12  2.726023980687832E-002
          23          14  3.748251365023436E-003
          23          15  4.895686650287570E-003
          23          16  3.021304342401042E-003
          23          17  8.662863904865198E-003
          23          18  1.012597127235808E-002
          23          19  1.890797873304393E-002
          23          20  6.090911756487467E-002
          23          21  1.154901199624821E-002
          23          22   1.41724954872502     
          24           7  3.787230665040196E-003
          24           8  3.560599057348998E-003
          24           9  2.398910208331571E-003
          24          10  5.132394350315473E-003
          24          11  7.325861767082721E-003
          24          12  3.308545936238245E-002
          24          13  1.675162212700724E-002
          24          14  1.422851446628795E-002
          24          15  3.745500227858631E-003
          24          16  6.594898402635593E-003
          24          17  9.681176541388715E-003
          24          19  2.280447811887596E-002
          24          20  4.237320265185524E-003
          24          21  8.356151798618994E-002
          24          22  9.378304973447724E-003
          24          23   1.42076633591785     
          25           8  2.407456407771492E-003
          25          10  9.488854927268741E-003
          25          11  4.619009895159369E-003
          25          12   1.23139158656009     
          25          13  3.258721849352883E-003
          25          14  1.688142368428053E-002
          25          16  8.479005795951150E-003
          25          17  2.052415195590827E-003
          25          18  2.848415774804094E-002
          25          19  7.613335087672946E-003
          25          20   1.19647156587825     
          25          21  5.202774350004692E-003
          25          22  6.341597384361622E-002
          25          23  3.753840936352473E-003
          25          24   1.34177566792956     
          26           4  1.059306974341835E-002
          26           7  1.706476767965003E-002
          26           8  3.888665551593128E-003
          26           9  9.584515501205830E-002
          26          10  3.081284424566551E-003
          26          11   1.37807260523370     
          26          12  1.106561673810376E-002
          26          13  1.322754275337524E-002
          26          14  5.072162037719530E-003
          26          15  2.367312021225128E-003
          26          17  2.676488252891086E-003
          26          19  7.592436421815139E-003
          26          21  2.766101866273238E-003
          26          23  2.031765094408904E-003
          26          24  4.055798776075516E-003
          26          25  1.615666537421303E-002
          27           1  5.006202440466269E-003
          27           2  2.098432508691161E-003
          27           3  1.096755243881290E-002
          27           4  1.329405731429235E-002
          27           5  1.733332734860048E-002
          27           7  2.898419041799064E-002
          27           8   1.28417614772986     
          27           9  4.078117801871187E-003
          27          10  7.106142204616431E-002
          27          11  3.772231999157395E-003
          27          12  1.379563082186119E-002
          27          14  2.216304730865315E-003
          27          26   1.38858514168485     
          28           1  1.310128194402447E-002
          28           2  3.057463695938201E-002
          28           3  2.794130430446402E-002
          28           4   1.09739753638677     
          28           5  2.769484388800306E-002
          28           6  1.973884431867674E-002
          28           7  0.146075166360180     
          28           8  2.969552185753335E-002
          28           9  2.017620204095515E-002
          28          10  1.346148089219910E-002
          28          11  3.480780554288865E-002
          28          12  9.405502437115468E-003
          28          13  3.805951690576070E-003
          28          14  2.304282233010551E-003
          28          15  3.540529476914097E-003
          28          17  3.984661029712762E-003
          28          19  1.362441075172266E-002
          28          21  4.085068366669297E-003
          28          23  3.565441947571165E-003
          28          24  2.474624772153171E-003
          28          25  3.828201432120779E-003
          28          26  3.190157436166602E-002
          28          27   1.09534366515803     
          29           1  0.971826057672903     
          29           3  1.043850439334744E-002
          29           5  1.042640362650263E-002
          30           2  0.971875844989516     
          30           4  1.044429903943984E-002
          30           6  1.043765254145733E-002
          31           1  1.079703354978431E-002
          31           3  0.968147072708984     
          31           5  9.150219751044467E-003
          31           7  2.252742452259027E-003
          32           2  1.079611001645492E-002
          32           4  9.170859970464565E-003
          32           6  0.968139560736612     
          32          28  2.238974083884114E-003
          33           9  0.967174349700136     
          33          11  1.106278813596226E-002
          33          27  9.123339967289371E-003
          33          28  2.251107094787784E-003
          34           8  1.079963207902926E-002
          34          10  0.969102328664401     
          34          26  9.384496570442016E-003
          35          14  0.965983594604229     
          35          16  1.003619114483511E-002
          35          18  1.029143304805478E-002
          35          26  3.605114759862502E-003
          36          13  1.012211144816162E-002
          36          15  0.972736263027281     
          36          17  1.105298520328091E-002
          37          14  1.113262616835037E-002
          37          16  0.972275370201151     
          37          18  1.048463545039858E-002
          38          13  9.904136535672837E-003
          38          15  1.027974125444003E-002
          38          17  0.970082969416900     
          39          13  9.699258825109818E-003
          39          19  0.967376949584667     
          39          25  9.711823767549310E-003
          40          21  0.970117513870795     
          40          23  1.026901440143916E-002
          40          25  9.903423308363265E-003
          41          20  1.048037433202901E-002
          41          22  0.972293707772902     
          41          24  1.114031779915786E-002
          42          21  1.105489198753810E-002
          42          23  0.972716623198783     
          42          25  1.011820637257703E-002
          43          10  3.042202941231972E-003
          43          20  1.027010198309617E-002
          43          22  1.002692054642558E-002
          43          24  0.966017342249772     
          44           7  2.210234261007442E-003
          44           8  9.530738835045216E-003
          44          10  9.674275898172243E-003
          44          26  0.965175857294347     
