 NM
 VELO
 MMASS
   941.268399999997     
 LFAKTOR
  0.5
 RFAKTOR
  1.0
 WIDTH
  0.20
 SHIFT
  0.00
 DATXY
   1    3.7106     3.553616     1.142873   -85.905543   -36.406977
   2    3.8561     0.482316     0.116204  -103.004314   -45.092128
   3    4.1921     0.357238     0.101996  -432.603057  -281.822367
   4    4.1953     0.318763     0.089691   448.828912   291.458328
   5    4.2881     0.012598     0.007597   180.862493   240.709050
   6    4.2956     0.087410     0.043969    28.750212   -16.272319
   7    4.3436     0.515072     0.176000  -146.622513  -115.115817
   8    4.4547     0.023108     0.001779    17.785648     6.358803
   9    4.4746     0.014031     0.007466    38.798430    50.006493
  10    4.4831     0.147310     0.019676  -322.919060  -182.942730
  11    4.4844     0.156611     0.021172    67.765063    85.470334
  12    4.6079     0.009383     0.001779    -8.905520    -7.188813
  13    4.7121     0.023865     0.009134     0.642112     0.732832
  14    4.8821     0.003158     0.000242    -8.734501    -2.799782
  15    4.8846     0.006684     0.001705     7.143864     3.624739
  16    4.9940     0.021873     0.008669    13.335005    10.744192
  17    5.1079     0.004361     0.022423    31.065110   -71.142462
  18    5.1125     0.000696     0.014644   -10.858175    54.317602
  19    5.1610     0.000202     0.004690     2.048563   -18.254480
  20    5.1723     0.035074     0.018260     0.644071    -2.363540
  21    5.2838     0.045067     0.032996    12.470099     4.943926
  22    5.3986     0.000625     0.000093    -0.010919    -0.027722
  23    5.5065     0.007046     0.000159    -3.094273     0.466456
  24    5.6556     0.079861     0.017162   160.366316   102.160337
  25    5.6768     0.062689     0.018233     3.339145   -51.333567
  26    5.7548     0.008464     0.000549     7.331290     1.778266
  27    5.7709     0.003391     0.002056     1.878910    -4.837297
  28    5.8011     0.022469     0.002591    18.030440    10.771729
  29    5.8701     0.011864     0.002420   -20.367937    19.150452
  30    5.8767     0.019347     0.011775    -8.902513     3.604448
  31    5.8791     0.036635     0.010978   -48.229334    -9.209325
  32    5.8852     0.000905     0.010812    -5.136375    12.950346
  33    5.9225     0.044900     0.005531  -124.536536   -71.193005
  34    5.9376     0.062042     0.010091    -7.640055    -3.152098
  35    5.9408     0.119597     0.027197    31.061100    28.427369
  36    5.9495     0.014193     0.000171    -3.401056     0.356253
  37    6.0014     0.084993     0.038191   -27.741206   -17.537577
  38    6.0455     0.075431     0.012658    80.022300    51.248446
  39    6.0614     0.008548     0.001456   -15.376359    -6.958832
  40    6.0769     0.034077     0.012455    -8.737804    -9.967058
  41    6.1107     0.004744     0.001049     7.799639     7.099601
  42    6.2878     0.342148     0.070279     2.281779     1.776086
  43    6.3417     0.020516     0.004743    -6.750860    -5.740883
  44    6.3553     0.003496     0.002434   -19.938480   -15.176437
  45    6.3754     0.000826     0.000715    -9.908696     9.212831
  46    6.3897     0.001103     0.000461    -3.465093     9.727027
  47    6.4184     0.001871     0.006825    22.813314    45.470765
  48    6.4422     0.000550     0.001706     3.069628     8.904924
  49    6.4573     0.022630     0.018760    40.573484    -0.048121
  50    6.4820     0.000885     0.000836     1.756576     0.505179
  51    6.5271     0.006293     0.001749   -33.179112   -19.163019
  52    6.5531     0.257896     0.122684   242.393702   190.380874
  53    6.5587     0.152761     0.061733    44.131667    15.947306
  54    6.5618     0.031158     0.012973   -26.694140   -33.612296
  55    6.5664     0.036609     0.009510   -47.964502   -31.747607
  56    6.5745     0.303158     0.113151   -56.632216   -57.085466
  57    6.5796     0.363779     0.133271   -14.014561    -8.382133
  58    6.5907     0.013967     0.003445    -2.083613    -0.833137
  59    6.6427     0.000413     0.029192    10.699520  -145.475476
  60    6.6567     0.172860     0.063331   -98.304944  -120.791815
  61    6.6767     1.528172     0.646819   361.178778   271.144031
  62    6.6823     0.073165     0.010649  -491.838609   -88.151398
  63    6.7005     0.201772     0.087158    19.900486   -27.600814
  64    6.7022     0.073567     0.029548  -168.668480  -151.807088
  65    6.7089     0.104321     0.034211    65.109948    46.841931
  66    6.7155     0.380651     0.162026    16.826530     9.439509
  67    6.7460     0.238706     0.026028   428.355902   223.575984
  68    6.7671     0.022194     0.009643  -206.666082  -171.983221
  69    6.7964     0.000185     0.000916    -0.042009     1.089474
  70    6.8587     0.078009     0.041512   -85.830594   -76.777581
  71    6.8982     0.022275     0.005226   197.881088     8.246024
  72    6.9013     0.032286     0.020666    57.160637   -14.242386
  73    6.9030     0.165063     0.059081    -8.354248    -7.476458
  74    6.9159     0.180272     0.080434  -194.147106  -158.635372
  75    6.9324     0.075947     0.032780    -6.302973   -64.349849
  76    6.9352     0.027562     0.015191    54.462130    44.561944
  77    6.9363     0.062260     0.023368   -26.648942   -83.927188
  78    6.9487     0.013851     0.028357    43.128715    77.725271
  79    6.9525     0.040060     0.066524    23.244258    38.073802
  80    6.9629     0.130999     0.062888  -138.535610  -111.909551
  81    6.9694     0.014629     0.002610   -10.091514    -4.453490
  82    6.9850     0.008143     0.037452    64.603886   141.386109
  83    6.9997     0.025990     0.031570    76.454996    87.254788
  84    7.0057     0.000798     0.001209     4.578340     0.963762
  85    7.0060     0.025489     0.031102    57.652235    52.836657
  86    7.0194     0.038798     0.013432   381.530293   232.780012
  87    7.0276     0.024871     0.008962    91.464038    29.375385
  88    7.0347     0.003283     0.004811    22.171183    36.376213
  89    7.0412     0.020530     0.002185   243.391057    80.759363
  90    7.0908     0.142142     0.024020  -249.716632  -125.369641
  91    7.0963     0.150547     0.031476   -64.462937   -24.852732
  92    7.1006     0.024190     0.008382  -177.931501  -138.723931
  93    7.1109     0.083235     0.020330   -38.346195   -18.792913
  94    7.1114     0.061627     0.015156   -47.445451   -27.643974
  95    7.1163     0.093246     0.015911   -36.179584     6.910449
  96    7.1497     0.138333     0.034468   308.566516   219.175994
  97    7.1567     0.401223     0.082150 -1722.903896 -1022.608424
  98    7.1639     0.272459     0.063126   322.944180   198.208135
  99    7.1678     0.034288     0.014899   141.036581   119.070738
 100    7.1748     0.012508     0.007691    32.258765   -17.995792
 101    7.1826     0.392456     0.098054   915.907289   586.455778
 102    7.1933     0.053739     0.008714   158.803849    70.656122
 103    7.2032     0.032357     0.009009    11.844156   -10.307101
 104    7.2163     0.083527     0.012997    85.070830    56.049190
 105    7.2294     0.062192     0.014472    -4.387161    11.831015
 106    7.2346     0.066663     0.013106  -102.332948   -61.063785
 107    7.2495     0.041109     0.013578    36.041255    34.857098
 108    7.2557     0.022360     0.012526   -41.029532   -43.296715
 109    7.2781     0.036587     0.012218   -90.399509   -63.275474
 110    7.2800     0.006428     0.004350     6.874639    12.096078
 111    7.2931     0.040629     0.009864    91.947599    57.819785
 112    7.2989     0.016819     0.004099    -2.580583    -7.083477
 113    7.3052     0.129207     0.036510   207.456330   182.853966
 114    7.3118     0.232816     0.053802  -538.968557  -314.179568
 115    7.3294     0.148399     0.039875    69.836589    44.284538
 116    7.3336     0.007338     0.003245    -3.708143     5.202436
 117    7.3465     0.046970     0.009037   -22.892709   -14.333131
 118    7.3500     0.051289     0.012570   -10.983754   -10.379365
 119    7.3559     0.007962     0.001286     1.372782     7.453975
 120    7.3620     0.016258     0.003527    11.911799    12.384436
 121    7.3802     0.013556     0.001416   -19.646846   -13.374333
 122    7.3831     0.006333     0.006488   -18.593195   -52.578744
 123    7.3900     0.015415     0.001331    98.718173    35.841149
 124    7.3959     0.005269     0.002048    -2.166879    -2.112885
 125    7.4000     0.019576     0.003297    25.650586    14.639183
 126    7.4017     0.015191     0.001811   -22.898643    -6.796210
 127    7.4033     0.008483     0.002273    12.217619     0.791228
 128    7.4122     0.080758     0.023423   158.421696    62.947452
 129    7.4139     0.013779     0.003775    17.352661    17.897620
 130    7.4208     0.035480     0.018268    30.657225    16.682262
 131    7.4258     0.002477     0.002606     2.163871     1.052853
 132    7.4309     0.028024     0.001132    33.158852     3.538142
 133    7.4386     0.004406     0.000380     2.848115    -0.625771
 134    7.4466     0.003866     0.003384    10.083591    -3.243167
 135    7.4527     0.029213     0.006777    -8.860607   -29.394366
 136    7.4533     0.005597     0.000661    20.625567   -17.192091
 137    7.4602     0.004504     0.002876   -12.527672    10.429890
 138    7.4687     0.013274     0.005185    -4.289691    -9.955240
 139    7.4702     0.004475     0.001417    -2.069872    -3.438260
 140    7.4765     0.012628     0.000894    33.013436     8.433484
 141    7.4907     0.000966     0.002536    -3.190654   -11.617202
 142    7.4926     0.045595     0.012654    53.668855    23.211655
 143    7.4980     0.025171     0.006842    21.633054    10.680146
 144    7.5044     0.035673     0.010614   -46.137822   -37.688543
 145    7.5140     0.005232     0.000986   -29.172842    -8.555811
 146    7.5238     0.017034     0.000513   107.295384    15.614515
 147    7.5293     0.032777     0.002909    55.782768    23.783353
 148    7.5387     0.005929     0.003004    10.813881    15.912951
 149    7.5447     0.002342     0.003710   -48.767560    33.643724
 150    7.5486     0.012481     0.002278    14.902935     8.823046
 151    7.5551     0.003868     0.002362     6.676824    -1.152111
 152    7.5589     0.005195     0.003204   -13.115140    -7.865272
 153    7.5634     0.026158     0.017900   -87.338727   -83.246983
 154    7.5782     0.066580     0.013112    62.177424    40.506801
 155    7.5801     0.001223     0.000756     6.795581     5.264869
 156    7.5939     0.003959     0.004263   -13.017701   -16.378653
 157    7.5966     0.008230     0.004728   -26.302931   -14.273736
 158    7.6021     0.005792     0.002395   -21.344901   -10.781160
 159    7.6083     0.002369     0.001328    13.501016    18.427016
 160    7.6177     0.011091     0.004663     8.774024     4.149091
 161    7.6276     0.019631     0.004368     2.593080    10.271540
 162    7.6358     0.014719     0.004991   -30.948208   -33.455216
 163    7.6400     0.051937     0.019306  -112.186200  -101.101223
 164    7.6504     0.021338     0.003057    21.357719    -9.280551
 165    7.6518     0.057049     0.003398   269.397978    63.582443
 166    7.6575     0.009520     0.004705   -59.158534   -65.086666
 167    7.6695     0.105416     0.019886    93.788513   134.228688
 168    7.6732     0.060481     0.021689   152.824247   135.342828
 169    7.6796     0.250549     0.125108  -251.826976  -147.400125
 170    7.6896     0.026333     0.010907   102.195134   122.061378
 171    7.6965     0.038807     0.004556  -168.579966   -47.771194
 172    7.6980     0.004092     0.001714    -4.965615     9.167615
 173    7.6993     0.005040     0.000624     4.709511     5.352743
 174    7.7108     0.009158     0.001577   -83.657578   -33.802423
 175    7.7254     0.007637     0.010137    39.816685    48.657504
 176    7.7291     0.014052     0.011488   -16.832418   -29.815730
 177    7.7395     0.001704     0.001626     7.586796     5.109853
 178    7.7417     0.006476     0.001178    -1.304102    -1.417281
 179    7.7592     0.020502     0.009625    27.550528    82.743711
 180    7.7628     0.040630     0.009528    32.999342    50.811199
 181    7.7759     0.139946     0.028011    42.400897    34.795772
 182    7.7815     0.082879     0.012747   181.121974    27.597896
 183    7.8120     0.069064     0.030776   -43.578558   -54.921478
 184    7.8163     0.003798     0.003946   -19.132377   -41.291884
 185    7.8264     0.055400     0.013839  -308.945246  -227.999386
 186    7.8299     0.239666     0.056415   504.949921   329.970544
 187    7.8560     0.017332     0.003569    64.742623     4.741950
 188    7.8590     0.018191     0.001007    41.972715     5.539008
 189    7.8742     0.016604     0.015141    -5.428353    38.671326
 190    7.8928     0.054642     0.011449    62.917722    62.469393
 191    7.9073     0.067728     0.010429   -19.833664    30.843288
 192    7.9095     0.012494     0.023755    88.823315    88.490514
 193    7.9244     0.072278     0.041078   -23.716021   -61.650875
 194    7.9327     0.141517     0.088338  -218.688144  -193.229228
 195    7.9438     0.147634     0.012231  -131.221618  -128.507306
 196    7.9524     0.027564     0.010350   -13.980590    -2.116893
 197    7.9598     0.036326     0.024040   -23.627472   -77.733183
 198    7.9642     0.011716     0.017367   -38.322669    63.103814
 199    7.9674     0.048259     0.021707  -102.124439   -58.436841
 200    7.9727     0.007582     0.016748    64.040496   151.053328
 201    7.9790     0.071196     0.047696  -327.364192  -278.542726
 202    7.9826     0.033673     0.003190  -101.677104   -54.124842
 203    7.9955     0.006586     0.009294    29.137656   -10.482411
 204    7.9966     0.018785     0.062401    59.925182   270.013323
 205    8.0002     0.014423     0.024589  -195.223148  -340.881079
 206    8.0052     0.033182     0.044447   -29.920286    55.888103
 207    8.0212     0.027236     0.180438    10.699273    24.381228
 208    8.0261     0.033044     0.015702   -67.792215    26.874504
 209    8.0351     0.041964     0.059157    77.686908   157.312877
 210    8.0396     0.030822     0.040912   401.129146   536.822190
 211    8.0463     0.012111     0.000974  -149.146115   -20.606976
 212    8.0546     0.159530     0.115815  -226.178256  -247.913595
 213    8.0638     0.031150     0.002891  -112.089453    19.988607
 214    8.0704     0.266789     0.066031  -158.665133  -114.672550
 215    8.0782     0.077762     0.056004   -95.710572   -64.947441
 216    8.0785     0.179779     0.018422   208.090818    81.133250
 217    8.0945     0.141608     0.054013  -148.002436   -81.731688
 218    8.1027     0.135428     0.056172   126.676591    66.534146
 219    8.1129     0.068388     0.018188  -161.370063  -112.663898
 220    8.1308     0.078715     0.017519  -218.701031  -152.510194
 221    8.1349     0.158485     0.030676   -80.439873   -28.038748
 222    8.1452     0.031662     0.015342  -319.184412  -284.588016
 223    8.1516     0.215320     0.045507   632.129684   375.492808
 224    8.1585     0.071919     0.020232   210.423594   137.678263
 225    8.1623     0.072580     0.023819  -163.622342  -104.508189
 226    8.1731     0.160158     0.073789    50.262590    84.125750
 227    8.1764     0.012603     0.006164    83.397655    83.281046
 228    8.1866     0.125300     0.059562  -410.481521  -371.705975
 229    8.1963     0.049560     0.015654   196.025096    99.459798
 230    8.2004     0.011632     0.006846   -65.921838   -77.748202
 231    8.2068     0.067705     0.024155    82.370461    65.294619
 232    8.2161     0.044596     0.013983   -78.841875   -47.022158
 233    8.2206     0.041446     0.014761    20.625960    14.359726
 234    8.2311     0.019668     0.011698    19.402638    18.755613
 235    8.2354     0.002907     0.001896    -9.277496     1.238960
 236    8.2476     0.005002     0.015183   -22.463722   -34.274526
 237    8.2539     0.021828     0.010390    55.101994    42.402480
 238    8.2564     0.005918     0.007519    27.451525    34.190181
 239    8.2594     0.013026     0.004273   -20.321468   -15.546030
 240    8.2658     0.025256     0.006032   -69.657387   -34.074113
 241    8.2706     0.092417     0.027181    82.727646    39.110907
 242    8.2744     0.008744     0.005393    72.832083    62.910621
 243    8.2761     0.005849     0.003343    -7.126607    -2.408180
 244    8.2818     0.011652     0.005268   -47.076915   -36.912101
 245    8.2857     0.001894     0.006901    18.468355   -44.051695
 246    8.2902     0.081989     0.027631    72.671348    48.243602
 247    8.3000     0.029253     0.023895   -29.447922   -18.609870
 248    8.3110     0.004522     0.003870     9.583501    12.932399
 249    8.3173     0.057476     0.018026  -114.786676   -25.313931
 250    8.3191     0.115516     0.057894   -39.769305    17.648657
 251    8.3208     0.040405     0.014602    24.253626    14.994004
 252    8.3280     0.080044     0.019542   -38.831902     3.564216
 253    8.3340     0.038041     0.002817  -183.332961   -53.132741
 254    8.3396     0.032316     0.017932   126.509575    83.807157
 255    8.3445     0.017464     0.002334   -30.871451   -17.232300
 256    8.3544     0.025839     0.008239    21.972491    34.803838
 257    8.3737     0.020739     0.004572    24.405784    11.347918
 258    8.3913     0.007784     0.010835    14.261909    20.184796
 259    8.3948     0.039001     0.004390  -118.077347   -49.338209
 260    8.3971     0.007303     0.004836   -31.877804   -22.851395
 261    8.3998     0.083403     0.035059     3.613683    16.742846
 262    8.4050     0.047247     0.003994  -153.111186   -57.403705
 263    8.4188     0.071272     0.015243    24.887503    32.398068
 264    8.4231     0.018910     0.003962    18.143313    10.886558
 265    8.4302     0.003570     0.001717   -19.643001   -17.122011
 266    8.4377     0.005283     0.001704     5.702448     2.011300
 267    8.4444     0.012666     0.005476    17.861417    16.932793
 268    8.4447     0.031907     0.013571    44.710328    22.258129
 269    8.4531     0.011937     0.002616    35.689315     9.571608
 270    8.4611     0.002431     0.000902   -12.453341     4.032500
 271    8.4692     0.034330     0.015682   193.635566   156.279479
 272    8.4775     0.019411     0.015936  -169.683127  -167.008041
 273    8.4838     0.001463     0.002884    -4.046821    21.423587
 274    8.4850     0.016309     0.011725    19.252126    17.943773
 275    8.4920     0.016631     0.008786    50.684667    29.945910
 276    8.5022     0.006488     0.003376   -23.920070    -8.742772
 277    8.5058     0.017107     0.012315   -63.260532   -53.125950
 278    8.5067     0.020944     0.007175    63.611802    45.681161
 279    8.5090     0.096247     0.032548    -7.492335   -20.814869
 280    8.5112     0.016604     0.008078   -17.729662   -17.460364
 281    8.5154     0.004554     0.011767     6.676305    17.206269
 282    8.5188     0.016593     0.006198   -35.310109   -29.232975
 283    8.5415     0.052854     0.017589   -61.160710   -41.107030
 284    8.5463     0.005520     0.008136   -24.736383   -43.001242
 285    8.5477     0.024321     0.008332    65.314461    65.923524
 286    8.5504     0.003360     0.002518    24.652452     3.408053
 287    8.5546     0.038470     0.005020   -32.666839   -10.927775
 288    8.5578     0.013085     0.005032    40.127249     1.840565
 289    8.5581     0.010269     0.001692   -12.157098   -10.190984
 290    8.5655     0.027432     0.011871   -44.659192   -34.662964
 291    8.5682     0.032142     0.013120    37.668626    10.624468
 292    8.5735     0.021503     0.009998    -4.170543    -3.520892
 293    8.5788     0.011920     0.005003    14.252431     9.312113
 294    8.5823     0.001326     0.000751    -3.785162     0.356749
 295    8.5840     0.032028     0.009621    -5.772179    -0.568271
 296    8.5886     0.034267     0.010880    27.054098    16.228058
 297    8.5922     0.058806     0.024487   -20.002491   -40.135154
 298    8.5988     0.010604     0.002775    11.463927    23.533277
 299    8.6026     0.006946     0.002552   -20.302905   -13.936742
 300    8.6107     0.010224     0.003850    -6.204724    -8.465863
 301    8.6170     0.011318     0.003531    20.371822    11.535905
 302    8.6195     0.030836     0.006895    -7.724201   -14.622484
 303    8.6220     0.001799     0.000495    -2.845751    -3.804804
 304    8.6241     0.011416     0.003800    39.242921    23.859168
 305    8.6278     0.010255     0.006409    35.345189    34.578005
 306    8.6322     0.080612     0.025662    16.962877    -3.251855
 307    8.6359     0.028907     0.010047   -55.781675   -57.558199
 308    8.6424     0.011901     0.005911    40.259486    28.462656
 309    8.6495     0.006218     0.001609     7.973820     7.516773
 310    8.6550     0.001344     0.000288    -2.061291    -0.803239
 311    8.6557     0.000744     0.000765    -6.702627    -5.528397
 312    8.6663     0.020856     0.009738   -31.918019     1.605210
 313    8.6763     0.022985     0.007164    68.336879    44.005502
 314    8.6869     0.066865     0.028042   -80.423214   -68.973162
 315    8.6909     0.015148     0.005084   -11.142404    -7.257746
 316    8.6962     0.040434     0.015463    71.231495    31.190398
 317    8.6971     0.080485     0.027460   -11.370286    -7.744824
 318    8.7059     0.011059     0.005212    32.079592    -8.401097
 319    8.7086     0.010348     0.009818     2.392211    18.843499
 320    8.7116     0.002809     0.002692     9.705163    10.626793
 321    8.7144     0.021558     0.004670    40.983341    16.894037
 322    8.7175     0.003870     0.003957    -3.723222    -6.374789
 323    8.7265     0.011621     0.005251    -2.526897    -4.386260
 324    8.7301     0.056259     0.013053   131.861904    66.113052
 325    8.7366     0.076416     0.023590     4.596129    -2.475153
 326    8.7427     0.120807     0.044693  -122.160890  -108.009477
 327    8.7482     0.063792     0.009031   108.123921    50.955803
 328    8.7546     0.104059     0.037535   -27.159473   -27.584312
 329    8.7665     0.027556     0.004067    48.394566    23.315399
 330    8.7734     0.005658     0.002791    -7.539002    -9.003865
 331    8.7805     0.009390     0.004526     1.821284     2.722332
 332    8.7878     0.032484     0.012807    -0.104447    -2.889347
 333    8.7906     0.023282     0.001481    -1.071986    -0.587063
 334    8.7926     0.012073     0.003331    29.079029     8.634713
 335    8.7971     0.019085     0.006299    34.005363    24.234291
 336    8.8056     0.005051     0.002206     3.910418    -5.134651
 337    8.8061     0.010302     0.007368    14.482223    36.754741
 338    8.8092     0.009436     0.000785    34.867697     9.343419
 339    8.8188     0.009021     0.001362   -60.270877   -10.514288
 340    8.8265     0.022355     0.004931   -44.093083   -18.662513
 341    8.8300     0.005282     0.006315   -14.726712     1.231368
 342    8.8338     0.033043     0.009220   -34.300499   -23.407221
 343    8.8416     0.022983     0.004716    33.596738    21.241809
 344    8.8495     0.004061     0.004023    10.115058    10.776082
 345    8.8579     0.014948     0.007207    13.484550    15.784244
 346    8.8682     0.015380     0.006192     9.541857     9.758154
 347    8.8720     0.033599     0.008329    42.803801    35.939268
 348    8.8762     0.006908     0.002028    14.621848     5.986195
 349    8.8766     0.020756     0.004255    33.549940    13.332378
 350    8.8931     0.051507     0.010212  -135.496319   -81.955759
 351    8.9007     0.001880     0.000490    11.766094     7.278417
 352    8.9056     0.051597     0.014160    16.828739    17.528578
 353    8.9148     0.014246     0.005926   -42.420151   -10.054270
 354    8.9164     0.074164     0.020116    92.896868    66.265418
 355    8.9184     0.054390     0.014731    34.398617    14.006988
 356    8.9236     0.001653     0.001353    -8.695741   -15.920662
 357    8.9243     0.002951     0.000973    13.928184     3.165878
 358    8.9312     0.000280     0.001850     0.122203    -0.287434
 359    8.9383     0.017062     0.003430   -20.095274   -17.934756
 360    8.9437     0.008742     0.003996     5.632375     6.566418
 361    8.9478     0.000867     0.002101    -2.626186    10.892584
 362    8.9559     0.003189     0.001227     5.468306     6.349798
 363    8.9613     0.010911     0.007256   -87.338271   -64.131128
 364    8.9671     0.005948     0.004689    29.267196    28.633265
 365    8.9743     0.003422     0.001988    36.512633    18.297517
 366    8.9765     0.012940     0.004316    20.941110   -13.076753
 367    8.9829     0.002460     0.000912     6.572569     5.777451
 368    8.9878     0.036508     0.022109    98.124392    86.581131
 369    8.9925     0.008535     0.000099    12.886715     2.561569
 370    9.0000     0.023994     0.002376   -32.026692    -0.864411
 371    9.0063     0.008832     0.001142   -26.213765   -14.583971
 372    9.0099     0.032658     0.004335    18.478915    10.709839
 373    9.0135     0.034539     0.005681   -12.296076   -16.770245
 374    9.0190     0.015604     0.006416    -5.076092   -41.113236
 375    9.0213     0.008003     0.000901    15.397142    -2.657743
 376    9.0252     0.019628     0.004918    31.819493    10.072909
 377    9.0272     0.022397     0.005366   -29.402020   -21.159547
 378    9.0315     0.007215     0.003534    19.433586    18.659107
 379    9.0365     0.013495     0.003278    19.765838    -4.776033
 380    9.0371     0.023123     0.007534   -25.985074   -20.841463
 381    9.0412     0.002147     0.001419     9.623677     8.167138
 382    9.0464     0.029197     0.007352   126.776877    64.387287
 383    9.0481     0.020471     0.001608    10.511898     4.679603
 384    9.0508     0.026548     0.004118    -3.953716    -4.264566
 385    9.0647     0.065167     0.015846   -96.072459   -60.430986
 386    9.0660     0.103465     0.024147   -72.224803   -38.627884
 387    9.0675     0.069552     0.012938    44.233424    27.089653
 388    9.0719     0.032547     0.008421    10.155234    20.069907
 389    9.0744     0.048366     0.005868   -15.876645    -2.042039
 390    9.0798     0.044504     0.004359    10.450108     2.963263
 391    9.0833     0.026497     0.004096    16.170029     9.578561
 392    9.0878     0.005024     0.001010    -4.832703    -7.470056
 393    9.0900     0.003588     0.001839    -3.423749    -4.136685
 394    9.0923     0.005616     0.001853   -13.034152    -5.288792
 395    9.0951     0.012733     0.003754     8.555890     3.430428
 396    9.0959     0.010610     0.000453    14.905536     5.604980
 397    9.0972     0.024497     0.011584    -5.430386    -7.176042
 398    9.1041     0.006384     0.003516     0.051353     7.029335
 399    9.1047     0.007226     0.003791    -0.295420    -0.490807
 400    9.1091     0.083849     0.017203   -37.694183   -22.872223
 401    9.1175     0.007107     0.002141     6.809857    10.405872
 402    9.1200     0.001727     0.000993     8.277738     5.403079
 403    9.1239     0.014982     0.003712     0.670387    -1.241800
 404    9.1261     0.014829     0.012749    -0.496041    -1.834096
 405    9.1313     0.031683     0.025202    17.870277    16.871383
 406    9.1337     0.006388     0.001692   -13.492291    -6.905800
 407    9.1405     0.085856     0.014374   -48.773333   -27.305017
 408    9.1468     0.037762     0.016969     4.401245    -0.097740
 409    9.1488     0.010700     0.005911    42.908653    45.573877
 410    9.1550     0.044737     0.014328    -1.978942     6.275356
 411    9.1560     0.032537     0.013152   -14.768980    -7.041367
 412    9.1604     0.031765     0.008880     3.124635     1.829042
 413    9.1654     0.013273     0.002423    -9.336454   -13.993630
 414    9.1687     0.018156     0.001601    60.352791    20.727494
 415    9.1709     0.017936     0.011680    36.728136    24.871675
 416    9.1750     0.064043     0.014149   127.490771    80.269490
 417    9.1786     0.020453     0.003320    13.424362     5.445674
 418    9.1868     0.019244     0.013919   -24.562308     5.215164
 419    9.1875     0.008043     0.004133     4.303630   -12.105026
 420    9.1911     0.015263     0.006627   -86.236962   -76.673170
 421    9.1949     0.002640     0.001348     9.929155     3.379147
 422    9.1971     0.069084     0.017979    -7.541245   -19.219069
 423    9.2010     0.007041     0.001207    -0.988435    -0.238022
 424    9.2054     0.013382     0.001926    47.655583    19.885777
 425    9.2071     0.006133     0.004699    16.177186    10.792087
 426    9.2136     0.005037     0.001487     7.779210     7.655759
 427    9.2156     0.007636     0.001466     2.474076    -1.953458
 428    9.2176     0.065980     0.022483   174.920578   102.734860
 429    9.2219     0.002550     0.000176    -6.242452    -2.851141
 430    9.2242     0.003116     0.001223   -22.892750   -31.096544
 431    9.2268     0.009629     0.002923    18.655414     9.847993
 432    9.2304     0.017742     0.010340    21.193592    11.135957
 433    9.2331     0.001522     0.001698    -8.621265     2.444598
 434    9.2407     0.022073     0.004051   -66.890063   -30.621832
 435    9.2438     0.016000     0.004731    44.542734    24.321510
 436    9.2512     0.010746     0.000425   -19.014882    -0.817692
 437    9.2563     0.015974     0.006513   -36.789824   -30.749112
 438    9.2610     0.011177     0.003890     0.976125     6.663322
 439    9.2647     0.066645     0.019695   -10.908247   -12.208866
 440    9.2664     0.007022     0.003237    15.565507    28.855859
 441    9.2689     0.001627     0.000996    11.597870     1.612172
 442    9.2751     0.033745     0.007094   -24.221505   -14.499729
 443    9.2805     0.004001     0.001502    -9.833625    -5.183484
 444    9.2831     0.009983     0.002733    -5.653980    -5.281412
 445    9.2868     0.001449     0.001157     0.143033     2.760595
 446    9.2891     0.001178     0.002091     1.597514     3.571272
 447    9.2958     0.011443     0.003216     2.254913    -0.532724
 448    9.3005     0.004413     0.003244    -9.713753   -23.531631
 449    9.3037     0.011302     0.003838    14.033362     5.647744
 450    9.3052     0.005299     0.000622    -9.811745    -0.256290
 451    9.3071     0.003063     0.001213    10.009229    -4.417793
 452    9.3121     0.003195     0.000949    -0.738062    -0.138901
 453    9.3150     0.030325     0.006075    10.026098     3.588721
 454    9.3216     0.009732     0.002211   -10.121349    -0.040706
 455    9.3287     0.008476     0.005624    26.033495    24.919159
 456    9.3314     0.000608     0.003764     4.473362    18.751128
 457    9.3323     0.012993     0.002542    55.663205    41.257121
 458    9.3385     0.098570     0.021551  -122.336940   -69.962685
 459    9.3407     0.040256     0.013184   -29.183168   -18.641075
 460    9.3453     0.004824     0.002963   -21.142135    26.278756
 461    9.3508     0.012613     0.004625    45.991740    37.626010
 462    9.3522     0.031328     0.012129   -23.427260   -10.198207
 463    9.3576     0.035554     0.006206   -49.640286   -28.078166
 464    9.3589     0.031254     0.009117   -16.622417   -10.622145
 465    9.3637     0.014568     0.004067   -43.039347   -20.076063
 466    9.3672     0.013526     0.005444    -0.748201   -14.437506
 467    9.3703     0.004917     0.001590    15.242858    -0.284812
 468    9.3736     0.005691     0.000957    15.304215     3.695564
 469    9.3763     0.013693     0.003112   -23.058554    -5.078304
 470    9.3802     0.005909     0.001890     4.410813    13.828581
 471    9.3861     0.009841     0.003658    -6.491944    -5.402352
 472    9.3881     0.041119     0.011066  -116.915455   -81.911506
 473    9.3915     0.020672     0.006432    23.337892    15.117720
 474    9.3952     0.038334     0.009377    28.610693    20.271251
 475    9.3971     0.007246     0.002650   -11.682826   -11.831345
 476    9.4049     0.068294     0.017127   131.920493    85.923536
 477    9.4061     0.036752     0.007210   -22.262865   -13.542619
 478    9.4113     0.005965     0.002776    19.799991    16.673735
 479    9.4169     0.027814     0.008030    27.716159    22.731478
 480    9.4195     0.064931     0.017324    -2.782287    -2.343864
 481    9.4215     0.012076     0.004307   -10.653854   -11.469021
 482    9.4228     0.006702     0.004705   -23.274890   -22.001952
 483    9.4286     0.018658     0.003890   -40.009123   -22.327689
 484    9.4297     0.005219     0.002016    28.929420    18.034597
 485    9.4339     0.017266     0.003475     0.159694     0.582237
 486    9.4389     0.009621     0.005287     8.571296    13.557677
 487    9.4462     0.005273     0.005897     5.608686    22.855508
 488    9.4511     0.097866     0.029118   -80.454827   -50.951197
 489    9.4539     0.010307     0.003817    31.652541    23.621080
 490    9.4552     0.027966     0.008027     0.453827     2.404092
 491    9.4611     0.002339     0.001477     7.534198    -0.361718
 492    9.4641     0.082491     0.016083   -55.076959   -25.689463
 493    9.4683     0.010709     0.003050   -13.741078    -0.569508
 494    9.4739     0.004208     0.003704    12.174163    17.775421
 495    9.4773     0.020624     0.004325   -49.750344   -29.921054
 496    9.4799     0.003420     0.001840     7.724385    11.250564
 497    9.4849     0.009731     0.003261   -39.115946   -23.569560
 498    9.4870     0.010094     0.004005    -7.591010    -5.409171
 499    9.4909     0.001246     0.001199     3.839425     6.810524
 500    9.4924     0.002906     0.002080    -6.817349    -2.859126
 501    9.4960     0.004209     0.000537    16.948377    10.332396
 502    9.4981     0.013177     0.002590     1.001044    -1.148238
 503    9.5020     0.011080     0.002393    -4.368024    -2.561949
 504    9.5040     0.023095     0.009943    26.805777    15.848736
 505    9.5076     0.005220     0.001723    -9.159932   -17.109490
 506    9.5139     0.011772     0.005247    55.510422    45.984023
 507    9.5208     0.010701     0.003416    19.920554    13.373488
 508    9.5249     0.114110     0.029765   -97.827752   -62.072126
 509    9.5266     0.036802     0.009224   -23.275856   -15.363390
 510    9.5294     0.008291     0.004099    10.063843     3.996375
 511    9.5323     0.077840     0.026609   -57.657162   -44.934261
 512    9.5351     0.004460     0.001249    -3.306468    -2.285680
 513    9.5368     0.068579     0.021863    17.008889     6.373330
 514    9.5385     0.009959     0.002707     4.940264     9.822230
 515    9.5412     0.003225     0.001031   -17.215459    -2.608615
 516    9.5450     0.039568     0.010979    -8.576084    -2.797944
 517    9.5483     0.031617     0.008592   -26.928549   -21.386328
 518    9.5563     0.014803     0.003005     3.157018     0.913299
 519    9.5588     0.105489     0.027442   -99.205987   -64.095790
 520    9.5604     0.026374     0.014258     0.633798     3.847919
 521    9.5636     0.011881     0.006508    10.163057    11.737761
 522    9.5709     0.024754     0.010121     7.654817    -7.834895
 523    9.5782     0.043299     0.011104   -18.292436    -7.745139
 524    9.5806     0.049945     0.015284    74.976448    40.541683
 525    9.5830     0.024083     0.006376    17.676472     8.469670
 526    9.5885     0.053933     0.015056    32.404718    17.848274
 527    9.5997     0.029789     0.005712   -22.573619    -6.170142
 528    9.6019     0.002980     0.000463    20.939243     9.515911
 529    9.6073     0.019066     0.004033     1.417782    -0.161670
 530    9.6107     0.005960     0.001879     8.741351     4.799289
 531    9.6181     0.001382     0.000431     0.647672     0.418454
 532    9.6207     0.032562     0.008329    26.869482    12.013334
 533    9.6243     0.011292     0.005648   -26.257498   -21.682691
 534    9.6265     0.002977     0.001332    -3.273686    -2.439261
 535    9.6281     0.007791     0.000423     7.197572     1.468113
 536    9.6296     0.004344     0.000479     0.876745     0.871137
 537    9.6343     0.017547     0.004351    -2.971486    -3.586191
 538    9.6362     0.003070     0.003387    11.862554    21.523091
 539    9.6400     0.006352     0.003366    16.884348     8.174083
 540    9.6464     0.000664     0.000456     3.505289     3.735659
 541    9.6502     0.000911     0.000448     1.911062     0.421416
 542    9.6536     0.005780     0.002714     6.802554    -4.646164
 543    9.6553     0.000514     0.000312     1.851720     3.915752
 544    9.6576     0.001207     0.000093    -4.110376     0.259524
 545    9.6597     0.008811     0.006738     9.244666     3.706708
 546    9.6618     0.016655     0.006679   -16.698686   -11.411210
 547    9.6659     0.002713     0.001506    -5.901350    -4.810450
 548    9.6672     0.001072     0.000706    -1.602979    -4.692826
 549    9.6690     0.007719     0.002805   -11.416495    -7.955318
 550    9.6710     0.006531     0.003290    14.820555    -5.488291
 551    9.6714     0.002127     0.001773     2.394556     3.596957
 552    9.6742     0.000812     0.002112    -5.877603    -4.702933
 553    9.6752     0.005366     0.000862     0.581886    -0.002599
 554    9.6784     0.000209     0.000688    -0.311825    -1.117509
 555    9.6818     0.006904     0.001124    -1.754652    -0.293254
 556    9.6833     0.005027     0.000595    -0.779560    -0.140165
 557    9.6865     0.008846     0.004307    -6.712082    -7.921961
 558    9.6884     0.009312     0.008048    -0.605303    -4.539369
 559    9.6901     0.014895     0.009989    -8.029424   -14.195705
 560    9.6937     0.042803     0.015897   -20.492758   -15.354196
 561    9.6979     0.047777     0.013393   -15.411578   -14.129585
 562    9.6989     0.016739     0.008705    52.504661    45.756067
 563    9.7012     0.016933     0.004511    -3.970036   -13.143689
 564    9.7042     0.004938     0.000620     6.177396    -0.538850
 565    9.7061     0.009242     0.001853    -8.723588    -7.863902
 566    9.7091     0.013515     0.002561     8.236030     0.714474
 567    9.7097     0.004270     0.002422    14.377282    11.175629
 568    9.7135     0.005151     0.001746     8.758594     5.496771
 569    9.7167     0.027892     0.007179    28.443276    19.208920
 570    9.7181     0.003302     0.001075     3.939303     1.605926
 571    9.7207     0.019354     0.006561     7.651846     3.826640
 572    9.7210     0.006098     0.001956    10.473928     6.777788
 573    9.7230     0.001623     0.000683     0.774168     3.188327
 574    9.7288     0.018823     0.006428   -25.231286   -20.959186
 575    9.7306     0.053977     0.020388     1.325035     1.068408
 576    9.7346     0.010138     0.003414    15.241498    11.145302
 577    9.7365     0.015213     0.006356     3.851028     0.189995
 578    9.7443     0.001549     0.000554     4.074127     5.248288
 579    9.7455     0.012985     0.003637    -0.685800    -3.750288
 580    9.7468     0.011707     0.001163    -9.673117    -6.759849
 581    9.7480     0.005516     0.001904    -3.488852     2.768045
 582    9.7527     0.012993     0.002489     7.732071     6.264015
 583    9.7543     0.008408     0.005627     5.227968    17.615771
 584    9.7582     0.001039     0.000171     3.669739     2.218776
 585    9.7628     0.014650     0.005583    -2.781919     3.268033
 586    9.7662     0.048106     0.014620   -46.035425   -22.097797
 587    9.7664     0.005014     0.003914    23.081818   -11.862519
 588    9.7690     0.002933     0.002918   -13.895469    -8.841406
 589    9.7698     0.011582     0.001934   -10.881999    -5.991256
 590    9.7737     0.009434     0.004495     6.105504     2.561466
 591    9.7769     0.003684     0.000499    -1.791999     0.618040
 592    9.7776     0.000821     0.000247     2.207317     0.841192
 593    9.7780     0.001794     0.000107     1.964558     0.612955
 594    9.7799     0.015111     0.005263    37.642901    22.008020
 595    9.7834     0.001883     0.000490     7.277398     3.349279
 596    9.7878     0.003596     0.001408    -6.968654    -2.716897
 597    9.7909     0.000079     0.001995    -1.840564    -5.286934
 598    9.7924     0.002392     0.000764    -0.122994    -2.200289
 599    9.7949     0.005430     0.002559     9.570557    10.194095
 600    9.7983     0.008417     0.000403   -13.135986    -3.941811
 601    9.8006     0.000517     0.000579    -0.339820    -3.120172
 602    9.8025     0.006814     0.001371   -15.304360   -11.039563
 603    9.8050     0.014635     0.005253   -53.727669   -29.751912
 604    9.8074     0.014335     0.006676     7.762963     6.720104
 605    9.8111     0.001166     0.004166     8.201247    18.068231
 606    9.8150     0.001273     0.001729    -0.014225     0.830445
 607    9.8165     0.002338     0.000920    -2.206462    -2.174337
 608    9.8176     0.005914     0.002556    -0.618303     0.975983
 609    9.8210     0.003154     0.001791     7.618744     2.324130
 610    9.8274     0.001972     0.000266    -6.918123     2.880402
 611    9.8312     0.002468     0.001641     5.597994     5.748919
 612    9.8362     0.012773     0.004504    -0.745034     0.352668
 613    9.8374     0.019772     0.004814   -13.512461    -9.883960
 614    9.8423     0.000233     0.001707    -2.145376    -6.636500
 615    9.8429     0.001038     0.002567    -2.755419    -4.037280
 616    9.8444     0.000721     0.000682     3.060633     3.587677
 617    9.8451     0.003746     0.002269     4.686840     5.661220
 618    9.8460     0.002777     0.000760    -2.478922     1.316799
 619    9.8494     0.014849     0.008095    -2.172001     2.866875
 620    9.8507     0.006495     0.001433     5.088340     1.792875
 621    9.8543     0.000978     0.006370     1.686001    13.005445
 622    9.8545     0.000953     0.001780    -6.575087    -7.287627
 623    9.8594     0.001032     0.001430    -5.835435     2.485710
 624    9.8647     0.003473     0.001901    -8.165722    -4.741738
 625    9.8670     0.003196     0.001806     1.538344     4.104734
 626    9.8712     0.004327     0.001086     1.623643     1.735478
 627    9.8785     0.007844     0.001395     1.843928     0.699195
 628    9.8836     0.013440     0.002989   -19.831854    -9.704527
 629    9.8863     0.013714     0.006621   -21.088813   -20.935932
 630    9.8901     0.001255     0.001531     2.642200     1.153685
 631    9.8940     0.002417     0.001325     7.127759     5.188459
 632    9.8959     0.006919     0.004712    11.338677    20.166101
 633    9.9078     0.001161     0.000999     0.103889   -11.923899
 634    9.9137     0.013399     0.004665    -3.404060    -3.402316
 635    9.9157     0.002341     0.000300    -7.226091    -2.853785
 636    9.9178     0.001414     0.001120     3.308452    -1.332100
 637    9.9246     0.002018     0.001464    -5.124621    -4.986846
 638    9.9260     0.000638     0.001266    -5.745220     1.228107
 639    9.9301     0.002886     0.002652     4.361405     2.330535
 640    9.9333     0.002653     0.000190    -3.674341    -0.810917
 641    9.9360     0.004979     0.005438     3.627723    -8.501664
 642    9.9374     0.005501     0.005462     5.501540     1.638955
 643    9.9381     0.007623     0.003535     2.485632     5.515315
 644    9.9414     0.000525     0.001491    -0.726123    -4.014355
 645    9.9448     0.018113     0.004619    54.855462    32.406618
 646    9.9463     0.005576     0.001549    -8.328845    -0.348060
 647    9.9489     0.006060     0.001679   -18.773911   -11.972130
 648    9.9514     0.000755     0.000129    -1.358752    -2.137873
 649    9.9553     0.001327     0.001440     4.665194     4.180748
 650    9.9565     0.001452     0.000697     0.814640     0.016167
 651    9.9592     0.007856     0.002849     3.409998     1.360494
 652    9.9620     0.010080     0.003832   -24.819578   -18.752378
 653    9.9633     0.000126     0.001194    -2.675804    -4.754289
 654    9.9652     0.000669     0.000791    -0.685915    -0.168035
 655    9.9654     0.005153     0.003478   -11.295461   -12.250709
 656    9.9672     0.003531     0.004463     0.190963     2.124720
 657    9.9699     0.000904     0.000400     3.068902     2.249608
 658    9.9709     0.004613     0.000857    13.358615     2.615275
 659    9.9737     0.004693     0.000921    14.446806     5.923067
 660    9.9765     0.005806     0.003168    -5.147065    -0.862143
 661    9.9799     0.002129     0.001134    -0.031080    -5.956991
 662    9.9859     0.009519     0.003100    -4.932211    -1.115071
 663    9.9871     0.004829     0.000781    -3.305087    -2.035049
 664    9.9917     0.006754     0.004246    -7.751308    -6.220909
 665    9.9954     0.002540     0.001271    -1.243585    -1.683847
 666    9.9977     0.008224     0.001915   -18.689203    -7.416833
 667    9.9989     0.001647     0.000426     1.821163     1.050157
