           2           1   1.90481686155813     
           3           1  3.227215814914739E-003
           3           2   1.08872843067595     
           4           1  4.918308925689487E-002
           4           2  3.466655983769632E-003
           4           3   1.37573020089754     
           5           2  1.255870370649617E-002
           5           3  2.251630046678796E-003
           5           4   1.45854102621556     
           6           1  3.035749287823333E-002
           6           3  9.965042248940871E-002
           6           4  2.119472347127701E-003
           6           5   1.40542716025076     
           7           4  1.162517426010748E-002
           7           5  6.570786332495523E-003
           7           6   1.00500205869730     
           8           3  3.020275903453047E-003
           8           5  1.011120606425466E-002
           8           6  5.011295111148392E-003
           8           7  0.963519916727067     
           9           6  1.164402053894087E-002
           9           7  3.994123627021368E-003
           9           8   1.09448549396497     
          10           7  5.547957179209458E-003
          10           8  6.386705430202860E-002
          10           9   1.33212654220227     
          11           8  1.302359105260770E-002
          11           9  4.620270076429795E-003
          11          10   1.45649528265925     
          12           8  2.374121981494812E-002
          12           9  6.599250843642317E-002
          12          10  7.921816641811035E-003
          12          11   1.36875758227768     
          13           8  1.088059478145545E-002
          13           9  4.659507304429279E-003
          13          10  8.186953029622690E-002
          13          11  6.135861603745646E-003
          13          12   1.25429511792234     
          14           7  1.251969320549947E-002
          14           8  5.734661652334133E-002
          14           9   1.37187166284528     
          14          10  7.079243956906673E-003
          14          11  0.105975157319769     
          14          12  4.268832730242882E-003
          14          13   1.37821602256758     
          15           8  3.698922815503647E-003
          15           9  1.874901375757750E-002
          15          11  7.083760601627010E-003
          15          12  5.294359069008499E-003
          15          13   1.13274192114427     
          15          14  6.645127516882089E-003
          16          10  1.007997485069284E-002
          16          12  2.064452605745315E-002
          16          13  5.315760993566696E-003
          16          14  1.878906746051095E-002
          16          15   1.36864304687615     
          17           9  2.679547846260411E-003
          17          12  2.527767908402682E-003
          17          13  2.062430458913911E-002
          17          15  5.686909377841351E-003
          17          16   1.46761898877179     
          18          10  8.965073158510112E-003
          18          11  2.147512571987621E-003
          18          12  1.085271283677161E-002
          18          14  8.803922240684926E-003
          18          15  8.286081230838904E-002
          18          16  2.679298532430516E-003
          18          17   1.39346251246394     
          19          11  3.494069068130547E-003
          19          12  1.501861000755129E-002
          19          13  7.176761839142788E-003
          19          15  7.422978748056824E-003
          19          16  0.105951905935852     
          19          17  5.769269678593295E-003
          19          18   1.47043959080274     
          20           9  3.136812230339500E-003
          20          10  1.218564880182939E-002
          20          11  1.639109003755979E-002
          20          12  2.155867165393624E-002
          20          13  6.502274401166374E-003
          20          14  1.816435460203733E-002
          20          15   1.25513076016664     
          20          16  4.053504961662872E-003
          20          17  7.749995927713955E-002
          20          18  3.873531970579589E-003
          20          19   1.35415877546437     
          21           8  3.936346892783816E-003
          21           9  1.407068681179201E-002
          21          10  1.608456982865010E-002
          21          11  2.838110585093572E-002
          21          12   1.08394555010643     
          21          13  3.752578489642786E-002
          21          14  7.927952135310780E-003
          21          15  4.214948867488098E-002
          21          16  6.630245427986011E-003
          21          17  2.123305379116429E-002
          21          18  2.098357474287938E-002
          21          19  3.031796323198204E-002
          21          20   1.11032234728978     
          22          12  9.972917315001049E-003
          22          13  9.031034787489805E-003
          22          15  9.290470548687174E-003
          22          20  1.030481500857739E-002
          22          21   1.00844283976827     
          23          11  2.289109889213719E-003
          23          12  8.005712309342192E-003
          23          13  2.347476461715268E-003
          23          15  2.794336730019205E-003
          23          20  1.349534065946758E-002
          23          21  1.346293430530662E-002
          23          22   1.39336675903784     
          24          21  1.154061311284662E-002
          24          22  4.000270765227396E-003
          24          23   1.43507175304157     
          25          12  2.502329616067077E-003
          25          20  2.825336887355685E-003
          25          21  5.772279617088977E-003
          25          22  9.371570082467612E-002
          25          23  4.421982849928115E-003
          25          24   1.43282177164214     
          26          21  8.229708359724639E-003
          26          22  3.433876827950013E-003
          26          23  9.410829090241581E-002
          26          24  3.983612716370835E-003
          26          25   1.39582518503907     
          27          22  8.247597512134342E-003
          27          23  5.429158182417349E-003
          27          24  1.141488305530018E-002
          27          25  1.312123881593665E-002
          27          26   1.00565914210284     
          28          23  2.778769119081732E-003
          28          25  1.337305316436704E-002
          28          26  1.030180652817533E-002
          28          27   1.11339966531425     
          29          27  2.991512660223726E-002
          29          28   1.35303656791055     
          30          27  2.143658254028099E-002
          30          28  3.892619708372692E-003
          30          29   1.47196224581704     
          31          27  2.108244556201272E-002
          31          28  7.698998980411188E-002
          31          29  5.727817628875174E-003
          31          30   1.39147544429653     
          32          27  6.642234354699879E-003
          32          28  4.132068692276522E-003
          32          29  0.106212281064604     
          32          30  2.739032303116484E-003
          32          31   1.46998687304301     
          33          25  2.747596704894854E-003
          33          26  9.279445224300390E-003
          33          27  4.253818037024199E-002
          33          28   1.25322393650124     
          33          29  7.429939841162441E-003
          33          30  8.211977571782429E-002
          33          31  5.706361073798516E-003
          33          32   1.36585907563468     
          34          25  2.400658519943438E-003
          34          26  9.019978268638252E-003
          34          27  3.951066574660717E-002
          34          28  6.857814427369827E-003
          34          29  7.189555321796460E-003
          34          31  2.110466359629919E-002
          34          32  5.438712158641681E-003
          34          33   1.13764359166740     
          35          27  8.098674075516675E-003
          35          28  1.728967674400497E-002
          35          30  7.945771309795973E-003
          35          32  1.739489495590994E-002
          35          33  6.668953659845014E-003
          35          34   1.35165639632736     
          36          27  1.428867560633280E-002
          36          28  3.111237825635582E-003
          36          31  2.733833156482870E-003
          36          33  1.851028191859544E-002
          36          34  4.853649125644519E-003
          36          35   1.39687414932953     
          37          27  3.522754901795439E-003
          37          33  4.836334720877643E-003
          37          34  1.301860074445845E-002
          37          35  7.562457532691749E-002
          37          36   1.09025284658965     
          38          35  4.160273025018335E-003
          38          36  4.111059018819640E-003
          38          37  0.973829032789940     
          39          35  2.628551777130963E-003
          39          36  2.219548241642459E-003
          39          37  1.673954358928551E-002
          39          38  0.997216778609953     
          40          37  5.842046914171394E-003
          40          38  5.198536883947633E-003
          40          39   1.40099814100359     
          41          38  1.170257470221073E-002
          41          39  2.116408184415666E-003
          41          40   1.46337925873698     
          42          39  9.951726290153311E-002
          42          40  2.313000450864726E-003
          42          41   1.37262138315931     
          43          40  1.258142145776780E-002
          43          41  3.466390829150740E-003
          43          42   1.08944708403731     
          44          39  3.059646990890291E-002
          44          41  4.891461047999614E-002
          44          42  3.266844105188805E-003
          44          43   1.90403514632604     
          45          38  1.147337557765875E-002
          45          39  2.093306432642568E-003
          45          40  0.103116305050287     
          45          41  2.585508247812586E-003
          45          42   1.37347702019406     
          45          43  4.789199422320154E-003
          45          44  5.346830811340933E-002
          46          37  1.068876202427041E-002
          46          38  6.404412832962529E-003
          46          39   1.40195217874432     
          46          40  2.637863277370099E-003
          46          41  0.103927590531326     
          46          42  2.337348920320283E-003
          46          43  1.150712288685182E-002
          46          45   1.46052492864071     
          47          27  1.653998766774807E-002
          47          28  1.239981526665585E-002
          47          30  9.256194088069842E-003
          47          32  1.047287218232604E-002
          47          34  8.389286370421459E-002
          47          35  6.748558450096555E-003
          47          36   1.31265617655563     
          47          37  4.258116987850141E-002
          47          38  1.274440114511173E-002
          48          25  2.079331250510933E-003
          48          27  2.667291590501049E-002
          48          28  1.609499718504702E-002
          48          29  3.271660434958822E-003
          48          30  2.069712594555308E-003
          48          33  7.190888042883435E-003
          48          34  6.085662966382145E-003
          48          35  0.101876344167635     
          48          36  4.478909255477105E-003
          48          37  1.145919197347626E-002
          48          47   1.48532507039733     
          49          23  2.606839363899833E-003
          49          25  8.235698454648900E-003
          49          26  9.971178623785682E-003
          49          27   1.08702414285148     
          49          28  2.252898898746192E-002
          49          29  1.541957509814029E-002
          49          30  1.169571989666337E-002
          49          31  2.665545377642279E-003
          49          32  2.174027793370743E-002
          49          33  5.384830729161634E-003
          49          34   1.26965087621035     
          49          35  4.476090269236486E-003
          49          36  6.574707445197088E-002
          49          37  2.251008762426000E-002
          49          47  7.195415854593745E-003
          49          48   1.34818729930101     
          50          12  1.149638397553748E-002
          50          13  2.621390510589978E-003
          50          15  2.663498683768786E-003
          50          19  2.034971879478944E-003
          50          20  7.889082207974449E-003
          50          21  1.472763222638031E-002
          50          22   1.30093931482028     
          50          23  3.535792287302898E-003
          50          24  8.970831664931807E-002
          50          25  3.527787668361820E-003
          50          26   1.30118248519561     
          50          27  1.412151220308248E-002
          50          28  7.895974756355249E-003
          50          33  2.613451919597988E-003
          50          34  2.690709774937836E-003
          50          49  1.160938846535650E-002
          51          21  3.660160237502513E-003
          51          22  1.768691699629991E-002
          51          23  9.952357317315563E-003
          51          24  5.493760213198490E-003
          51          25  1.000885718946838E-002
          51          26  1.775794326546356E-002
          51          27  3.510996122248481E-003
          51          50   1.10918072171594     
          52          21  2.997127791009961E-003
          52          22  5.225405956257613E-002
          52          23  2.642212748369899E-003
          52          24  2.028857586225778E-002
          52          25  2.671858763639150E-003
          52          26  5.235012568478737E-002
          52          27  2.798661370687921E-003
          52          50  5.195877551955802E-002
          52          51   2.65270790570062     
          53           2  1.146722614828038E-002
          53           3  2.231998677549908E-003
          53           4  0.104585995074807     
          53           5  2.618639439942705E-003
          53           6   1.40069332830480     
          53           7  4.790459000631212E-003
          53           8  7.439706758465229E-003
          54           1  5.289258725750846E-002
          54           2  4.790562530064108E-003
          54           3   1.37162866645229     
          54           4  2.580004910723162E-003
          54           5  0.103372928180462     
          54           6  2.067031290185519E-003
          54           7  1.169496744335125E-002
          54          53   1.46362993086825     
          55           1  0.973932912491280     
          56           1  0.979615439470416     
          56           3  1.552274311278634E-002
          57           2  0.967735636922734     
          57           4  7.835783824747649E-003
          57          55  1.575226128696017E-002
          58           4  0.967245630905781     
          58           6  1.049931826141525E-002
          58          54  9.981564494959695E-003
          59           3  1.065718378504741E-002
          59           5  0.969233452270026     
          59          53  9.778194858992419E-003
          60           3  3.535426323365008E-003
          60           5  9.041134462180038E-003
          60           7  0.959776890958504     
          60           8  1.177282052042411E-002
          60          53  4.879828859261593E-003
          61           7  0.969469422927501     
          61           8  1.371598759529285E-002
          61          53  7.068243309627034E-003
          62          10  0.969522692826179     
          62          12  1.012250469149073E-002
          62          14  9.295500511870981E-003
          63           9  1.022879362955917E-002
          63          11  0.967389960554314     
          63          13  1.105791102610996E-002
          64           8  4.154037940084487E-003
          64          10  9.119052027402045E-003
          64          12  1.122748469339049E-002
          64          14  0.964260635157323     
          65          16  0.968829037072160     
          65          18  1.086922182052852E-002
          65          20  1.096050405157623E-002
          66          15  1.059291901407904E-002
          66          17  0.972817429749965     
          66          19  1.031964515895934E-002
          67          16  1.030038880531518E-002
          67          18  0.973133215968002     
          67          20  1.045835149791845E-002
          68          15  1.092905159905310E-002
          68          17  1.077322166789675E-002
          68          19  0.966286124691541     
          69          23  0.968897780373340     
          69          25  1.065083723308714E-002
          69          50  9.159359254938633E-003
          70          22  1.043354715961937E-002
          70          24  0.972172186420544     
          70          26  1.041343342491384E-002
          71          23  1.063488638419716E-002
          71          25  0.968917253230141     
          71          50  9.170111443188585E-003
          72          29  0.966472760624853     
          72          31  1.079843027273270E-002
          72          33  1.094727717172036E-002
          73          28  1.047445073712917E-002
          73          30  0.973138607979980     
          73          32  1.027739871031718E-002
          74          29  1.030039850827899E-002
          74          31  0.972819713983465     
          74          33  1.061652848255959E-002
          75          28  1.097058010851070E-002
          75          30  1.089149977386484E-002
          75          32  0.968803579199362     
          76          35  0.962366493575366     
          76          47  9.841871629174111E-003
          76          49  1.069471957171277E-002
          77          36  1.148123752256804E-002
          77          37  1.273518077506772E-002
          77          38  0.958738799218040     
          77          40  7.046679533379979E-003
          77          42  3.977116049259970E-003
          77          46  8.225190604278678E-003
          78          37  9.858758100631625E-003
          78          38  0.966143246643804     
          78          40  7.594986046937432E-003
          79          37  9.149150575152863E-003
          79          40  0.968114471518648     
          79          42  1.078747476969086E-002
          79          46  9.809654650228405E-003
          80          39  1.060481511918066E-002
          80          41  0.967080673421868     
          80          45  9.972573825755471E-003
          81          41  7.843113815719963E-003
          81          43  0.967734717949823     
          82          42  1.551372008202431E-002
          82          44  0.979623377018864     
          83          44  0.973876039881060     
          83          81  1.575464208447085E-002
          84          39  1.059826211816116E-002
          84          41  9.401594371526214E-003
          84          45  0.969310658204733     
          85          40  9.787800573499482E-003
          85          42  1.082360897149318E-002
          85          46  0.970119385613655     
          86          35  8.603013130615480E-003
          86          37  4.432680032441789E-003
          86          47  0.968354123070369     
          86          49  1.060175106831752E-002
          87          34  1.077070163839800E-002
          87          36  1.080855581844417E-002
          87          48  0.967155037012047     
          88           3  1.088468453816345E-002
          88           5  9.789168275371893E-003
          88           8  4.713494499644442E-003
          88          53  0.969396846637225     
          89           4  9.386112515147250E-003
          89           6  1.070783164070400E-002
          89          54  0.969329546073062     
