 NM
 VELO
 MMASS
   406.485600000000     
 LFAKTOR
  0.5
 RFAKTOR
  1.0
 WIDTH
  0.20
 SHIFT
  0.00
 DATXY
   1    3.5804     0.257726     0.034897    -4.566810    -5.467092
   2    3.8547     0.207339     0.038559    -3.992967    -1.847216
   3    4.1328     0.109386     0.027229    -7.360586   -19.031956
   4    4.2898     0.095123     0.026294    26.843942    53.365050
   5    4.4763     0.004635     0.001468    -1.458614    -0.081067
   6    4.5279     0.088996     0.022284    14.358957    32.190371
   7    4.6693     0.674499     0.204958   -74.711041   -51.941950
   8    4.9261     0.118631     0.017410   -18.246252   -30.030242
   9    5.0194     0.384493     0.070567   126.225563   113.424034
  10    5.1666     0.008343     0.003808     3.707438     7.143190
  11    5.2716     0.143868     0.018130    26.994480    21.619610
  12    5.3405     0.426551     0.054921    35.786113    38.872286
  13    5.4309     0.401761     0.044199    13.912955    11.611402
  14    5.6335     0.196893     0.043776    24.640687    12.977432
  15    5.6779     0.952969     0.247929   -37.465255   -18.656209
  16    5.7207     0.880289     0.166355   -51.909152   -70.088917
  17    5.7640     0.113834     0.022942   168.324412   119.888162
  18    5.9264     0.055730     0.004928   -84.241050   -41.992416
  19    5.9607     0.080244     0.017690     5.812225     7.010882
  20    6.0128     0.138054     0.021288    27.485965    29.142105
  21    6.0599     0.038754     0.007096    23.556884    18.989929
  22    6.0979     0.007253     0.002272    -4.849420    -2.328114
  23    6.1417     0.286990     0.066050   -23.516647   -20.724287
  24    6.1610     0.379003     0.078103  -212.570295   -23.585788
  25    6.2208     0.126111     0.026703   -63.034485   -33.753620
  26    6.2608     0.021497     0.016840    15.943758    26.371142
  27    6.2890     0.088317     0.024523   249.914027   119.688541
  28    6.3196     0.188574     0.037591    65.478340     7.807248
  29    6.3635     0.042853     0.011403   -35.103707     9.815075
  30    6.4123     0.234154     0.041142   -75.621121   -66.724316
  31    6.4203     0.046152     0.007939    42.969835    26.168089
  32    6.4866     0.123031     0.030792    76.990906    58.828864
  33    6.5066     0.240729     0.047333    91.599314    -7.073287
  34    6.5341     0.019965     0.095390   -35.613682   -41.002893
  35    6.5428     0.136058     0.021834   -40.454519   -24.881995
  36    6.5937     0.036996     0.021905    20.456956    10.871518
  37    6.6182     0.008949     0.060971    29.826516   -96.650698
  38    6.6995     0.306680     0.078702    16.856493    -7.520591
  39    6.7352     0.002648     0.023654    16.700798    29.945717
  40    6.7578     0.004208     0.020550     7.466920   -16.279876
  41    6.7923     0.092650     0.021482   -39.876184   -31.216852
  42    6.8018     0.078275     0.014847    61.140012    12.498980
  43    6.8053     0.049827     0.005834    39.142380    23.937558
  44    6.8463     0.014093     0.018362   -27.058042    -6.125907
  45    6.9098     0.053262     0.008840    17.423577    15.893390
  46    6.9487     0.034974     0.011640    41.718431    15.687317
  47    6.9579     0.007011     0.002192    -8.489356     2.355356
  48    7.0427     0.094573     0.023273   135.000635   126.353008
  49    7.0726     0.044008     0.011394   106.734964   106.820208
  50    7.1047     0.155933     0.017716  -123.640971  -100.713044
  51    7.1464     0.007683     0.001797    19.933784    10.210795
  52    7.1670     0.026275     0.003019   -15.365183   -21.752623
  53    7.2020     0.061799     0.008596   -48.773555   -38.701488
  54    7.2128     0.028685     0.053968     3.254133   -35.350500
  55    7.2294     0.012773     0.004794    15.189278   -19.309580
  56    7.3187     0.135529     0.022839   130.339742   117.035483
  57    7.3402     0.001930     0.000905   -10.244617    -3.324154
  58    7.3690     0.058952     0.021357    21.419720    34.865280
  59    7.3845     0.081511     0.014923   -83.051951   -54.178114
  60    7.3982     0.132987     0.023936   -64.045925    32.035333
  61    7.4240     0.303023     0.063118    94.115952     4.718117
  62    7.4356     0.127691     0.008093  -243.306312  -128.697551
  63    7.4800     0.013137     0.022992    26.113213     4.720114
  64    7.5028     0.137312     0.029782     2.461492    -1.441166
  65    7.5141     0.126043     0.022120   -34.461796   -28.245057
  66    7.5557     0.125565     0.029237     1.312249   -15.528727
  67    7.5574     0.053694     0.041374   -55.655213   -24.786477
  68    7.5693     0.027293     0.008329   -41.308412   -27.079448
  69    7.5744     0.015510     0.001357   -38.583964   -22.718253
  70    7.5976     0.207022     0.037725   -18.164351   -16.490635
  71    7.6198     0.008592     0.002982    -4.064659     3.099397
  72    7.6231     0.134443     0.032013    21.764428    11.619706
  73    7.6759     0.024152     0.008810    18.276272    13.738308
  74    7.7091     0.007131     0.014931    56.615489    44.804814
  75    7.7121     0.060807     0.025812    63.584894    39.050695
  76    7.7883     0.013432     0.005357   -12.880085   -10.376733
  77    7.8016     0.030256     0.001977  -150.682631   -20.115088
  78    7.8248     0.034520     0.012192   -21.490531    16.375411
  79    7.8479     0.056020     0.012756    47.470486    29.020475
  80    7.8644     0.001869     0.003372    -2.802671    -0.796483
  81    7.8722     0.005890     0.026892   -34.923410     5.275953
  82    7.8775     0.004087     0.004593     8.253042     8.587040
  83    7.9166     0.020957     0.004074   -20.869723   -16.715073
  84    7.9422     0.021509     0.007495    36.948349    22.868840
  85    7.9516     0.021131     0.010127   -21.837423   -11.428725
  86    7.9639     0.036397     0.019435    -9.111674    -9.926769
  87    7.9718     0.001096     0.006810    -6.039421    -4.584616
  88    8.0031     0.053103     0.018535    40.238661    33.988700
  89    8.0033     0.035673     0.014977   -36.875459   -48.551291
  90    8.0141     0.076587     0.027416    80.463850    56.860943
  91    8.0210     0.016726     0.004749    20.602087    -7.524174
  92    8.0332     0.013664     0.004510   -62.103590   -46.939090
  93    8.0437     0.003802     0.001210    10.553527     0.003447
  94    8.0675     0.054615     0.020597    25.311440    -6.028622
  95    8.0763     0.003740     0.004591    -0.051966    40.609065
  96    8.0805     0.043600     0.014928    62.279277    48.752108
  97    8.0893     0.013394     0.008297    19.196129   -21.353520
  98    8.1183     0.111807     0.041341  -125.221553   -70.430314
  99    8.1272     0.002634     0.001372    11.234901    11.846026
 100    8.1483     0.023205     0.025641    29.212555    31.022133
 101    8.1836     0.000146     0.000563    -0.790040     2.867778
 102    8.2052     0.024856     0.001551     9.355160     1.898010
 103    8.2183     0.011611     0.005039    26.695851    17.660935
 104    8.2294     0.004241     0.000992     1.329986    -0.288765
 105    8.2462     0.068483     0.011890   -17.372681    -8.626948
 106    8.2606     0.031691     0.005093   -15.541136    -9.805975
 107    8.2816     0.035714     0.012312    42.119176    41.090714
 108    8.2913     0.006636     0.011668   -24.239708    -8.529127
 109    8.3106     0.217928     0.054261   -69.173326   -31.426593
 110    8.3382     0.012387     0.004351    17.182430    20.356872
 111    8.3641     0.027948     0.003983   -17.038070     4.543390
 112    8.4002     0.007881     0.014382     3.698747   -23.993744
 113    8.4075     0.041222     0.008974     1.078695     7.777142
 114    8.4135     0.046412     0.006866    -1.220091    -6.460014
 115    8.4302     0.006141     0.002279    14.049610    10.658221
 116    8.4394     0.030083     0.005402   -14.740872   -24.966478
 117    8.4906     0.007564     0.069929    11.212687  -149.122907
 118    8.5054     0.011941     0.010906     6.656001    -4.380596
 119    8.5123     0.008387     0.003319     1.165851     3.913930
 120    8.5231     0.010338     0.002482    -3.268919     0.123511
 121    8.5341     0.050277     0.009743    14.096260    14.859586
 122    8.5411     0.024102     0.022492   -11.794456   -13.692579
 123    8.5474     0.055130     0.006171    22.517850    10.300128
 124    8.5705     0.055257     0.004563   -28.916795   -15.571206
 125    8.5758     0.029182     0.008760   -55.692042    -2.315612
 126    8.5949     0.009309     0.019370    28.062579    57.753717
 127    8.6129     0.051365     0.022927    54.451568     7.851266
 128    8.6465     0.014306     0.019684    -2.931941   -19.082669
 129    8.6621     0.011935     0.008348    15.600092     2.219299
 130    8.6802     0.006844     0.000257    -3.874046     5.401972
 131    8.6810     0.013635     0.009465    -4.201029    25.718025
 132    8.7011     0.025382     0.013295    19.878377    13.945004
 133    8.7129     0.004694     0.000851    -8.770194    -1.626135
 134    8.7259     0.033320     0.048995    16.949974    36.155855
 135    8.7300     0.013181     0.006633    18.912749     6.727012
 136    8.7422     0.023575     0.003585   -11.630364    -9.056575
 137    8.7503     0.002651     0.007359     2.380193   -10.435164
 138    8.7555     0.008031     0.002200    -9.660300     0.789568
 139    8.7701     0.001762     0.012342    -5.876879   -19.046243
 140    8.7781     0.037443     0.011897     7.640407     9.236015
 141    8.7982     0.001382     0.002635    -1.482455     8.080440
 142    8.8063     0.045936     0.036265   -14.250847    -0.789904
 143    8.8256     0.034039     0.007444   -14.028576   -33.885629
 144    8.8435     0.001510     0.000727     2.468372     7.203418
 145    8.8649     0.000400     0.004183    -0.117182     3.499881
 146    8.8706     0.021895     0.006683    -6.483021     0.442586
 147    8.8894     0.019597     0.006038    -4.213394     2.160640
 148    8.8907     0.010006     0.003960     2.203204     0.615905
 149    8.9060     0.006476     0.002502     3.396294     6.870884
 150    8.9251     0.022528     0.003044   -73.741511    -4.632322
 151    8.9321     0.003153     0.010488    -5.651663     1.172200
 152    8.9389     0.044901     0.019624   -30.614581   -23.750370
 153    8.9414     0.017994     0.017674    10.772593     5.334667
 154    8.9590     0.017643     0.009265    -0.339314     1.099917
 155    8.9709     0.041006     0.007708    21.398598    17.629059
 156    8.9835     0.004369     0.003440     9.650129     3.164424
 157    8.9946     0.017802     0.010469     4.217780     1.425281
 158    9.0241     0.006791     0.006635   -21.225568    12.919174
 159    9.0326     0.068170     0.028592    60.480395    24.330074
 160    9.0491     0.002068     0.001923     4.420234    -4.993699
 161    9.0536     0.007781     0.013780   -14.295730   -11.757433
 162    9.0622     0.076728     0.012611   -12.073157    -7.944786
 163    9.0690     0.020994     0.009444     2.661632    -1.520470
 164    9.0762     0.021597     0.016170     3.299697     5.044679
 165    9.0807     0.052373     0.010910   -22.491740     2.602293
 166    9.1163     0.042193     0.011268    -7.862042     0.938233
 167    9.1380     0.000419     0.002453    -4.910041    -2.085786
 168    9.1457     0.003019     0.006300     7.724754    -6.188042
 169    9.1572     0.030132     0.006922    21.735670    14.083090
 170    9.1870     0.023684     0.009519    17.841331    13.076381
 171    9.1983     0.009377     0.003553   -13.747483    -9.464345
 172    9.2097     0.005257     0.001815     2.635820     8.902955
 173    9.2356     0.006466     0.004683    15.139203    14.756316
 174    9.2527     0.019395     0.003510   -32.430367   -14.615100
 175    9.2775     0.024995     0.004021   -24.055210    -0.777334
 176    9.2846     0.012299     0.000159    -7.318083    -1.555809
 177    9.2992     0.010808     0.007504    46.551549     1.003934
 178    9.3147     0.002975     0.005980   -17.398945   -10.892961
 179    9.3203     0.063103     0.021895    -3.061029    11.403649
 180    9.3336     0.019407     0.012463    34.741473    27.879486
 181    9.3367     0.013470     0.014143    34.458989   -42.779720
 182    9.3432     0.052872     0.009746   -21.810849    -7.532803
 183    9.3505     0.002151     0.010365     1.457344     9.017157
 184    9.3751     0.059286     0.028439    10.878409   -13.104096
 185    9.3917     0.007123     0.013957     6.092473    36.371020
 186    9.3936     0.020335     0.008214    -7.043508    -6.053845
 187    9.4012     0.005497     0.001202    -9.332937    -4.189192
 188    9.4099     0.003418     0.004344    -5.697496     1.629485
 189    9.4217     0.015405     0.005357   -26.913250   -19.232447
 190    9.4386     0.009233     0.004136     8.383063     6.556996
 191    9.4474     0.002947     0.004976     3.672246    -5.807087
 192    9.4873     0.000766     0.000275     3.188922     1.775003
 193    9.4926     0.003208     0.000949   -26.557130   -13.926463
 194    9.5026     0.006169     0.003675   -10.848580    -9.593301
 195    9.5066     0.003777     0.000920    -8.072961    -4.575539
 196    9.5198     0.000803     0.000817     4.013206    -4.040680
 197    9.5234     0.010595     0.002174     8.073903     3.837476
 198    9.5413     0.010700     0.000125   -26.330417    -3.624184
 199    9.5595     0.009510     0.003691     3.833884    -0.384140
 200    9.5690     0.014624     0.004440     7.581505     4.821873
 201    9.5861     0.001737     0.003096     3.368176     4.037378
 202    9.5877     0.013164     0.005674     5.984983     8.090252
 203    9.5982     0.012279     0.003543    -6.337353    -5.957926
 204    9.6214     0.017776     0.006857    10.676446     4.455609
 205    9.6323     0.002748     0.002619   -11.862014   -11.325996
 206    9.6462     0.005291     0.005405    -0.191633    -0.159854
 207    9.6500     0.010608     0.003372    -0.632924    -0.804832
 208    9.6646     0.003749     0.002645    19.233548    16.977542
 209    9.6687     0.045630     0.013169     5.605786     2.887686
 210    9.6755     0.025082     0.009314   -11.017905    -5.576049
 211    9.6798     0.005416     0.002311     9.783514     6.767468
 212    9.6870     0.019521     0.005919   -13.750027   -11.019614
 213    9.7016     0.026619     0.010520    -7.278427    -5.689989
 214    9.7129     0.001060     0.004024    -2.112351    -6.129233
 215    9.7315     0.001270     0.005160     4.101548   -11.389957
 216    9.7372     0.002179     0.002816    11.197135     1.228648
 217    9.7527     0.028282     0.008064   -19.773790   -13.219873
 218    9.7611     0.008994     0.002706    -6.901389    -7.233213
 219    9.7724     0.009389     0.003545    37.749534    30.513042
 220    9.7829     0.008230     0.005758    -6.061350   -10.784064
 221    9.7999     0.010327     0.009264    19.159922    16.228548
 222    9.8096     0.000628     0.000461    -4.950512    -4.518899
 223    9.8101     0.001057     0.001909     0.389471    -4.659093
 224    9.8177     0.004102     0.008401     2.814110     7.354001
 225    9.8408     0.003818     0.005714    -5.836335    -9.152898
 226    9.8517     0.009347     0.002717     8.242786    -9.133084
 227    9.8586     0.004320     0.000166    -5.499337    -0.874899
 228    9.8726     0.001971     0.009165     6.018022    -8.647334
 229    9.8860     0.007400     0.005832    -7.805704    10.628896
 230    9.8968     0.005270     0.003965    -5.718614    -4.120567
 231    9.9086     0.001819     0.002785    -4.198736    -0.901004
 232    9.9171     0.002667     0.000920     0.645849     1.212593
 233    9.9192     0.001986     0.000486     4.321454     2.792986
 234    9.9334     0.003260     0.005252    -5.930170    -7.913255
 235    9.9443     0.005583     0.012402     1.500025    -7.169397
 236    9.9465     0.010111     0.005635    -2.741452    -8.063889
 237    9.9672     0.002089     0.008168     3.366266   -20.494995
 238    9.9688     0.004893     0.001396     0.097008     0.015160
 239    9.9747     0.006841     0.004479    16.814515    19.505824
