$coord
          1.829909907453        -12.263442410458         -0.288637706283     c 
          4.156462595473        -11.135724032369         -0.689025850484     c 
          4.361692773851         -8.516933396532         -0.722557188034     c 
          2.255913965473         -7.001899534486         -0.330050037787     c 
          2.213497595582         -4.269110418597         -0.282211122430     c 
          4.439643646861         -2.694832403279         -0.133332916587     c 
          4.375144054778         -0.259553414903         -1.196478118467     c 
          6.437283525162          1.314102223257         -1.084728188153     c 
          8.640628297716          0.535162642762          0.142441668608     c 
         10.753668758780          2.127805643753          0.259107052290     n 
         13.196033943607          1.462496020827         -0.363674551892     c 
         14.117735581879         -0.802252257714         -1.317953574257     c 
         16.674629366834         -0.960102139124         -1.828501603377     c 
         18.284792525902          1.083075564095         -1.421572335947     c 
         17.370743038515          3.358027112163         -0.516256784390     c 
         14.810331536633          3.562110692807          0.010301598253     c 
         13.238555054156          5.587892041878          0.911735873305     c 
         13.717277026003          8.064824258727          1.626114150164     c 
         11.724217777285          9.532754806112          2.465059866288     c 
          9.287227848214          8.548343131892          2.622148413749     c 
          8.763901140447          6.086272757178          1.923162656296     c 
         10.748911568369          4.617183194931          1.033246542282     c 
          8.702914052873         -1.843231083500          1.281013089293     c 
          6.643654189904         -3.426537948570          1.148502526883     c 
          0.004983353378         -3.069858092341         -0.328864129212     n 
         -2.181346940628         -4.242785993674         -0.154556822693     c 
         -4.502397422607         -2.800802051501         -0.151876212468     c 
         -4.457916984238         -0.160724830643         -0.296450760693     c 
         -6.671099233127          1.204212208642         -0.290631578048     c 
         -8.995973612559         -0.037858767587         -0.148288438618     c 
        -11.249525774873          1.349904254481         -0.145240381896     n 
        -13.192634076824          1.099560379512          1.577572432860     c 
        -13.360532851366         -0.444252749217          3.693241097716     c 
        -15.522709447384         -0.284037024011          5.151046832793     c 
        -17.470611363958          1.378627666478          4.541059418922     c 
        -17.294649119585          2.952809201774          2.462300495693     c 
        -15.141777272117          2.826751250131          0.970858979784     c 
        -14.315969412846          4.173351773332         -1.241479611523     c 
        -15.394969796597          6.051048184418         -2.719745177020     c 
        -14.068572899268          6.926479749836         -4.794430372820     c 
        -11.712108367258          5.930722818151         -5.415895004741     c 
        -10.600267779154          4.057206599936         -3.973732475716     c 
        -11.901306715204          3.205125617903         -1.859727266397     c 
         -9.056114174453         -2.671531194661         -0.003624297066     c 
         -6.838663078961         -4.030770599949         -0.000609826957     c 
         -2.285292811493         -6.769133666953          0.008415532185     n 
         -0.175158286180         -8.160875784806         -0.091508956245     c 
         -0.322791324852        -10.804269311349         -0.022299440537     c 
          1.677364553591        -14.298216542586         -0.226658734959     h 
          5.817839960802        -12.280305504822         -0.992898072470     h 
          6.165189928980         -7.657352810271         -1.131624534644     h 
          2.677688081186          0.332900847550         -2.159361868065     h 
          6.381949565800          3.145600237169         -1.983658181451     h 
         12.876441141481         -2.382189981144         -1.668782855761     h 
         17.439337366756         -2.703018055406         -2.565966094116     h 
         20.272789781599          0.884581551022         -1.838332930629     h 
         18.617021631779          4.947858115884         -0.231022733414     h 
         15.609500428631          8.821879330490          1.534428180679     h 
         12.057021424300         11.466996022945          3.024775876066     h 
          7.774826321101          9.731515817439          3.314048489321     h 
          6.877983233687          5.327050954965          2.085459030332     h 
         10.364758066534         -2.413156634779          2.320549459511     h 
          6.695883396385         -5.208899749929          2.138492783657     h 
         -2.651145503030          0.781773326925         -0.383183529321     h 
         -6.627375567249          3.243389130423         -0.353978052864     h 
        -11.846420895188         -1.713456984809          4.198973882132     h 
        -15.700605722917         -1.468001325319          6.804111155036     h 
        -19.132621958822          1.445795658620          5.723631738834     h 
        -18.793166099613          4.261404852665          2.010955292263     h 
        -17.234532512257          6.803375672736         -2.259812738155     h 
        -14.873120739332          8.391726928607         -5.965239061293     h 
        -10.735637341366          6.631532623361         -7.065466543902     h 
         -8.790190235513          3.271241694023         -4.488906952726     h 
        -10.855577573919         -3.631429438417          0.064560607774     h 
         -6.858865122306         -6.068417520650          0.095284961780     h 
         -2.154090393030        -11.658940302078          0.249176855155     h 
$end
