$coord
        -11.164440478233          4.809017792291          3.987193158414     c 
         -8.610298590305          5.340306699116          3.959580259873     c 
         -6.957601455618          3.830489258767          2.597100280308     c 
         -7.839053603539          1.778539955170          1.214560255018     c 
        -10.424740825280          1.218305850369          1.309276767493     c 
        -12.066041699686          2.728402710284          2.670857137419     c 
        -11.444815212159         -0.840734369549          0.097642023103     o 
         -9.810300494072         -2.409332788294         -1.176905500897     c 
        -10.858654206447         -4.504245227051         -2.335574269922     c 
         -9.352388362971         -6.148561468733         -3.713096588275     c 
         -6.798975170705         -5.664117220436         -3.937139047511     c 
         -5.738633227431         -3.569012370221         -2.773624375871     c 
         -7.211345759046         -1.926555849030         -1.349365560013     c 
         -6.217312333459          0.221169975155         -0.170846927433     n 
         -3.653005645793          0.887971661386         -0.452747014333     c 
         -3.051006838140          3.176186426473         -1.705180482162     c 
         -0.600546132690          3.874983652194         -2.077382806521     c 
          1.382208345575          2.315263033698         -1.201185014617     c 
          3.790646927326          2.985299597444         -1.597346198656     n 
          5.588038001833          1.478736511534         -0.736520625793     c 
          8.200507074374          2.139549852137         -1.184977294062     c 
          8.767818210212          4.329475957274         -2.551659879264     c 
         11.234025052415          4.995715973514         -3.031731920853     c 
         13.178010247155          3.466544291132         -2.143663966677     c 
         12.645686765053          1.306091763382         -0.789818305460     c 
         10.155505373305          0.579518423536         -0.267644530437     c 
          9.544289135477         -1.693415326430          1.161376912118     c 
         11.403850308937         -3.288537729303          2.161371299470     c 
         10.781294333461         -5.430371701620          3.506262992982     c 
          8.263644739131         -6.068158239733          3.906101503807     c 
          6.393955453085         -4.538107723999          2.946615247996     c 
          6.998990692818         -2.357085939887          1.582200705563     c 
          4.987139053803         -0.783799845769          0.609165558168     c 
          2.618515973229         -1.477889551495          0.981831357490     n 
          0.780647769463          0.023956413179          0.085848113366     c 
         -1.768635479808         -0.655053654936          0.440150644887     c 
        -12.459681186956          5.979901572177          5.038580795135     h 
         -7.874569348538          6.928398861020          5.006251506864     h 
         -4.961466202051          4.245241575190          2.616455832646     h 
        -14.044636007061          2.238207939693          2.682007235461     h 
        -12.866128500389         -4.804159944203         -2.147572331875     h 
        -10.186716933299         -7.778235562340         -4.608618902883     h 
         -5.603017227745         -6.906833965654         -5.025504198348     h 
         -3.745530057493         -3.203067063665         -2.990730355209     h 
         -4.580116664183          4.342406804423         -2.389127497125     h 
         -0.114040337365          5.597878884767         -3.053138230430     h 
          7.211542946709          5.466497195545         -3.216337279572     h 
         11.658340627434          6.687084826408         -4.090974628763     h 
         15.120495902773          3.971227141673         -2.515666538374     h 
         14.202444502298          0.168032658124         -0.134312410961     h 
         13.375650942053         -2.854452943185          1.893722955077     h 
         12.263351524301         -6.617926173613          4.254511626208     h 
          7.782711801288         -7.746909375582          4.961149472718     h 
          4.420902099046         -4.972117041476          3.221513777723     h 
         -2.189249646839         -2.392801357253          1.421634424437     h 
$end
