           2           1   1.42974663603223     
           3           1  2.834556449379784E-003
           3           2   1.45844723464495     
           4           1  0.101363002770503     
           4           2  2.064813552496921E-003
           4           3   1.37368160603372     
           5           1  6.987286444967464E-003
           5           2  1.158164886709315E-002
           5           3  1.134660311620000E-002
           5           4   1.06453943282426     
           6           1  8.971578084615198E-003
           6           3  1.538764228353649E-002
           6           4  9.194191524801625E-003
           6           5   1.32353080250191     
           7           4  1.226087255639988E-002
           7           5  7.333345990551627E-003
           7           6   1.32359191139594     
           8           5  1.225858898890473E-002
           8           6  9.188202804916959E-003
           8           7   1.06462962369282     
           9           6  2.116738936036973E-002
           9           7  1.135347982737372E-002
           9           8   1.37351028424524     
          10           7  1.158517022926923E-002
          10           8  2.065431191495268E-003
          10           9   1.45861623197514     
          11           6  8.981346114205983E-003
          11           7  6.994719119899620E-003
          11           8  0.101356171640446     
          11           9  2.835684226567124E-003
          11          10   1.42962517846171     
          12           7  1.158155082305444E-002
          12           8  2.064963838848208E-003
          12           9  0.106334164019479     
          12          10  2.084028073803867E-003
          12          11   1.42970747476067     
          13           6  1.540235836301815E-002
          13           7  1.135360662270277E-002
          13           8   1.37360776831810     
          13           9  3.231793605077574E-003
          13          10  0.106297423798022     
          13          11  2.835859033944537E-003
          13          12   1.45850024677089     
          14           1  5.560319131603436E-003
          14           3  7.060779098883120E-003
          14           5  6.514362532515218E-002
          14           6  4.227516229959251E-002
          14           7   1.32783999642658     
          14           8  9.205156499051115E-003
          14           9  1.574514757764294E-002
          14          11  9.274693563101809E-003
          14          13  2.155389179262535E-002
          15           4  1.221127649685075E-002
          15           5  7.033697739472652E-003
          15           6  6.342623120445595E-002
          15           7  7.043910828601152E-003
          15           8  1.220663335679546E-002
          15          14   1.31832997490068     
          16           5  1.268417710754188E-002
          16           6  2.715450640188776E-003
          16           7  1.269110983547693E-002
          16          14  1.013199953295644E-002
          16          15   1.07722837239351     
          17           6  6.842159590607057E-003
          17          14  2.073961841180276E-002
          17          15  1.106595969191469E-002
          17          16   1.35933267597724     
          18          15  1.325581301609544E-002
          18          16  2.983949487268463E-003
          18          17   1.47699771993603     
          19           6  5.298476219854517E-003
          19          14  8.286629677947606E-003
          19          15  7.139578608493412E-003
          19          16  8.901165969717585E-002
          19          17  4.158611815581097E-003
          19          18   1.36441634710487     
          20          15  3.168146360371173E-003
          20          16  6.781292517320071E-003
          20          17  1.200305290685907E-002
          20          18  1.417398158334775E-002
          20          19   1.01649685394409     
          21          16  2.582964469496474E-003
          21          18  1.296292609617567E-002
          21          19  1.034015257163561E-002
          21          20   1.10714524911406     
          22          19  2.406904532020392E-003
          22          20  2.663250578453941E-002
          22          21   1.35184809012061     
          23          20  2.018715734982710E-002
          23          21  4.018121304009120E-003
          23          22   1.47804978581417     
          24          20  1.708591233354733E-002
          24          21  7.373979960054625E-002
          24          22  4.874665838656953E-003
          24          23   1.34727210272746     
          25          22  1.113402406521682E-002
          25          23  3.783958866966780E-003
          25          24   1.04257671043052     
          26          21  4.289795668213351E-003
          26          23  1.649798765045622E-002
          26          24  3.779713835833057E-003
          26          25   1.35149928501601     
          27          24  1.107311774274645E-002
          27          25  5.022764049617114E-003
          27          26   1.47111185059066     
          28          21  2.114272243834347E-003
          28          23  4.338130493821181E-003
          28          25  7.504960377364127E-002
          28          26  4.239531914653680E-003
          28          27   1.35876228237168     
          29          25  2.020316134691056E-002
          29          26  2.300937123742004E-002
          29          27  3.346117495159893E-002
          29          28   1.13459341972185     
          30          25  3.243250155315561E-003
          30          26  1.005436421544583E-002
          30          27  1.751680883089095E-002
          30          28  1.569014357102837E-002
          30          29   1.13489272708659     
          31          26  2.396948975319772E-003
          31          27  3.060287687295734E-003
          31          28  1.777398374004282E-002
          31          29  3.411741436178935E-002
          31          30   1.36407155266500     
          32          26  7.917928712540529E-003
          32          27  2.301202742081799E-003
          32          28  9.986771731950965E-003
          32          29  2.311654693344376E-002
          32          30  4.097170355662533E-003
          32          31   1.46194314063901     
          33          25  2.668803971005596E-003
          33          28  3.382955226455161E-003
          33          29  2.181798747007455E-002
          33          30  8.043218922588698E-002
          33          31  5.577207125312552E-003
          33          32   1.39999031896665     
          34          26  9.834781570685083E-003
          34          28  2.086238299440917E-002
          34          29  9.269412167927833E-003
          34          30  4.374291929744976E-003
          34          31  0.106227804997069     
          34          32  2.777221877178085E-003
          34          33   1.46532167785670     
          35          25  1.912429985770527E-002
          35          27  6.882158654235425E-003
          35          28  7.304678655234176E-003
          35          29  5.617660286254994E-002
          35          30   1.26321682613665     
          35          31  7.311028258979120E-003
          35          32  8.531905005428508E-002
          35          33  5.208851147304303E-003
          35          34   1.36826957958434     
          36          24  1.112836647017192E-002
          36          25  4.712523555122606E-003
          36          26  8.184860562294037E-002
          36          27  6.891086190850751E-003
          36          28   1.26030749517464     
          36          29  5.515501316057590E-002
          36          30  7.430472952053019E-003
          36          31  6.899892420175420E-003
          36          33  1.976857329620702E-002
          36          34  5.764457656314652E-003
          36          35   1.12650813037217     
          37          21  5.290775726248063E-003
          37          23  1.605518460238324E-002
          37          24  3.804807096863070E-003
          37          25   1.41351457418579     
          37          26  2.619735796721052E-003
          37          27  0.101614573093052     
          37          28  3.935335107845427E-003
          37          29  9.292156978077884E-003
          37          30  2.065786369618118E-002
          37          32  1.001010884734168E-002
          37          34  1.862997786666981E-002
          37          35  5.739870344087410E-003
          37          36   1.37480069460383     
          38          20  6.543412628099054E-003
          38          21  3.643865618406348E-003
          38          22  0.100764750015505     
          38          23  2.576992434425223E-003
          38          24   1.41434389050106     
          38          25  3.839050225873339E-003
          38          26  1.606543799704578E-002
          38          28  5.357124294791696E-003
          38          37  2.147027117065296E-002
          39          18  2.844999682007022E-003
          39          19  9.571981607032987E-003
          39          20  3.697965575495370E-002
          39          21   1.25387836805639     
          39          22  6.612650976577966E-003
          39          23  7.998077845067594E-002
          39          24  4.739286489660058E-003
          39          25  1.120252806877695E-002
          39          38   1.37712283767347     
          40          18  2.617727673331522E-003
          40          19  9.566609666099004E-003
          40          20  3.697531100902533E-002
          40          21  6.399952450868972E-003
          40          22  7.070021006145918E-003
          40          24  1.967867595812253E-002
          40          38  5.330471765363125E-003
          40          39   1.13158441470408     
          41          20  6.566121987502256E-003
          41          21  2.023706520557483E-002
          41          23  9.571632610597444E-003
          41          38  1.939010385505302E-002
          41          39  5.333828540635177E-003
          41          40   1.37664061786087     
          42          20  1.708965807101991E-002
          42          21  3.443956036543057E-003
          42          24  2.884232300254224E-003
          42          39  1.966945370463316E-002
          42          40  4.731382725412485E-003
          42          41   1.41464004800743     
          43          40  1.122240420787187E-002
          43          41  3.810177946365797E-003
          43          42   1.04311073508356     
          44          41  1.633883162762303E-002
          44          42  3.770225388264640E-003
          44          43   1.35142693038181     
          45          42  1.111182024729248E-002
          45          43  5.025472221817657E-003
          45          44   1.47117109708325     
          46          41  5.494937745087263E-003
          46          43  7.500127614629998E-002
          46          44  4.240239637387973E-003
          46          45   1.35870592724242     
          47          43  2.019246214634195E-002
          47          44  2.301637238967248E-002
          47          45  3.345012871810264E-002
          47          46   1.13460461667266     
          48          43  3.241732745180755E-003
          48          44  1.005306402535507E-002
          48          45  1.751515545459660E-002
          48          46  1.569003526608819E-002
          48          47   1.13492473321666     
          49          44  2.398216743496775E-003
          49          45  3.059850439078967E-003
          49          46  1.777772148892056E-002
          49          47  3.411676570616641E-002
          49          48   1.36405691451833     
          50          44  7.915873179919913E-003
          50          45  2.300659785177166E-003
          50          46  9.985124951514887E-003
          50          47  2.311467486731125E-002
          50          48  4.096533989956450E-003
          50          49   1.46195308694046     
          51          43  2.667804127722782E-003
          51          46  3.383717030544962E-003
          51          47  2.181843364516334E-002
          51          48  8.043136959942931E-002
          51          49  5.577496222535814E-003
          51          50   1.39998612737033     
          52          44  9.830121381890157E-003
          52          46  2.085851435886349E-002
          52          47  9.267623525461862E-003
          52          48  4.373970606186410E-003
          52          49  0.106224423979496     
          52          50  2.776478307194055E-003
          52          51   1.46532092276750     
          53          43  1.912372442448802E-002
          53          45  6.881839367371124E-003
          53          46  7.305571799425622E-003
          53          47  5.617901200707085E-002
          53          48   1.26320226686167     
          53          49  7.311406820268420E-003
          53          50  8.531989795074307E-002
          53          51  5.210090379858827E-003
          53          52   1.36827950361804     
          54          42  1.110912379841979E-002
          54          43  4.711751443287545E-003
          54          44  8.180662568181478E-002
          54          45  6.888377575156845E-003
          54          46   1.26026704684683     
          54          47  5.514364881182097E-002
          54          48  7.428559140731019E-003
          54          49  6.899837500442310E-003
          54          51  1.976741048705918E-002
          54          52  5.764791030194037E-003
          54          53   1.12649245824384     
          55          41  2.172512102292371E-002
          55          42  3.804217637077565E-003
          55          43   1.41308309439294     
          55          44  2.620639135177014E-003
          55          45  0.101566919295646     
          55          46  3.934881624066052E-003
          55          47  9.290769419875297E-003
          55          48  2.065774697443696E-002
          55          50  1.001028416935732E-002
          55          52  1.863479610153939E-002
          55          53  5.741925500043849E-003
          55          54   1.37494537842756     
          56          20  2.020585374931965E-002
          56          21  1.014345419177172E-002
          56          22  2.161798396020430E-003
          56          23  7.794859112884993E-003
          56          38  9.590127853372474E-003
          56          40  7.996769553753566E-002
          56          41  2.573401020367050E-003
          56          42   1.34649941100989     
          56          43  3.800830624299506E-003
          56          44  1.643840946137495E-002
          56          46  4.262421029781084E-003
          56          55  1.586499316152512E-002
          57          18  3.069360058288804E-003
          57          19  2.409023765511523E-003
          57          20  2.659540374890167E-002
          57          21  1.644418703805177E-002
          57          22  3.187072733428677E-003
          57          23  2.158265287571921E-003
          57          39  7.085758317395824E-003
          57          40  6.606049599573025E-003
          57          41  0.100621876696116     
          57          42  4.887824975476929E-003
          57          43  1.114799385754963E-002
          57          56   1.47894959989489     
          58          16  2.561575930370538E-003
          58          18  7.910560295522930E-003
          58          19  1.024479675321301E-002
          58          20   1.10750010838159     
          58          21  2.018942135618471E-002
          58          22  1.646295803604860E-002
          58          23  1.016451235395065E-002
          58          24  3.451841303345851E-003
          58          38  2.027432243615357E-002
          58          39  6.400626625727841E-003
          58          40   1.25430691612858     
          58          41  3.632410159821956E-003
          58          42  7.368965509734095E-002
          58          44  4.298820280861117E-003
          58          46  2.127156941319292E-003
          58          55  5.322768550228290E-003
          58          56  4.016967598521671E-003
          58          57   1.35118666278845     
          59          15  1.326839282833165E-002
          59          16  2.991852216829537E-003
          59          17  9.671845116223962E-002
          59          18  4.317576137009240E-003
          59          19   1.36496457506053     
          59          20  1.423488494632062E-002
          59          21  7.884474401144384E-003
          59          22  3.144459788262505E-003
          59          39  2.574064417908890E-003
          59          40  2.859644537697009E-003
          59          58  1.293224735015757E-002
          60           6  6.853721434187192E-003
          60          14  1.495800110643687E-002
          60          15  1.107737028677408E-002
          60          16   1.35974003474725     
          60          17  3.370754496791646E-003
          60          18  9.674750007463179E-002
          60          19  4.171937729558773E-003
          60          20  1.202974633241374E-002
          60          59   1.47649547270425     
          61           1  9.274276645392848E-003
          61           3  2.155452334539860E-002
          61           4  9.201644264226034E-003
          61           5   1.32806051180766     
          61           6  4.227127831254957E-002
          61           7  6.517136429084275E-002
          61           9  7.068688400441742E-003
          61          11  5.566024111527727E-003
          61          13  7.066392349346493E-003
          61          14  4.074184838515982E-002
          61          15   1.31803489411065     
          61          16  1.010908625320030E-002
          61          17  1.496328610514939E-002
          61          19  8.280933421874867E-003
          61          60  2.075701501509163E-002
          62           1  2.834469912115648E-003
          62           2  0.106346449476129     
          62           3  3.229877560766194E-003
          62           4   1.37350663969889     
          62           5  1.134995979989442E-002
          62           6  2.115333168401071E-002
          62          14  7.062562030810821E-003
          62          61  1.575050762006594E-002
          63           1   1.42960835081570     
          63           2  2.083847005877795E-003
          63           3  0.106300118054783     
          63           4  2.065746085754179E-003
          63           5  1.158352705583231E-002
          63          62   1.45863198206634     
          64           1  0.973260995445345     
          64           3  1.053824981783382E-002
          64          62  1.053711603405477E-002
          65           2  0.972369376456661     
          65           4  1.084384403880693E-002
          65          63  1.062254255096392E-002
          66           1  1.085751493100589E-002
          66           3  0.967744437814624     
          66           6  1.016015438249858E-002
          66          62  9.681705901747143E-003
          67           9  0.967743460380237     
          67          11  1.085906757237452E-002
          67          13  9.678659354223799E-003
          67          14  1.020198843658399E-002
          68           8  1.084781213121340E-002
          68          10  0.972361939614489     
          68          12  1.062371336143397E-002
          69           9  1.053726996209702E-002
          69          11  0.973262011697212     
          69          13  1.053761939799616E-002
          70           8  1.084513304907174E-002
          70          10  1.062248627496878E-002
          70          12  0.972368081082173     
          71           6  1.020284295397462E-002
          71           9  9.680503299664073E-003
          71          11  1.085835764670400E-002
          71          13  0.967736813661826     
          72          17  0.967222391585761     
          72          19  1.076362509433595E-002
          72          60  9.614350966265478E-003
          72          61  1.017850814976469E-002
          73          16  1.095862358967901E-002
          73          18  0.968831895608099     
          73          59  9.298011458115131E-003
          74          22  0.966796404493701     
          74          24  1.072255361170017E-002
          74          39  1.090681953133449E-002
          75          21  1.056799535954526E-002
          75          23  0.969289743581526     
          75          38  9.349228057443483E-003
          76          26  0.969247769127713     
          76          28  1.045077210095557E-002
          76          37  9.335542798192584E-003
          77          25  1.066232321016812E-002
          77          27  0.967223047052399     
          77          36  1.095489571262828E-002
          78          31  0.967827858121844     
          78          33  1.072276161109600E-002
          78          35  1.097079954799824E-002
          79          30  1.037733247896127E-002
          79          32  0.972953078780361     
          79          34  1.029737256801307E-002
          80          31  1.033391143729761E-002
          80          33  0.972720974944783     
          80          35  1.055388070110757E-002
          81          30  1.094457871227563E-002
          81          32  1.086493241515320E-002
          81          34  0.968768657281359     
          82          26  9.917394562342557E-003
          82          28  1.101440859391957E-002
          82          37  0.965163065650751     
          83          21  1.113097165127816E-002
          83          23  9.907589687292785E-003
          83          38  0.965223170234152     
          84          41  0.965057304658630     
          84          56  9.943422972313445E-003
          84          58  1.111849306887549E-002
          85          44  0.969156757713280     
          85          46  1.044735497565490E-002
          85          55  9.346126320725762E-003
          86          43  1.066030537377216E-002
          86          45  0.967225990034343     
          86          54  1.095538388385704E-002
          87          49  0.967827777270695     
          87          51  1.072302340734350E-002
          87          53  1.097076090172009E-002
          88          48  1.037778529962449E-002
          88          50  0.972952691049919     
          88          52  1.029742644291964E-002
          89          49  1.033395494283466E-002
          89          51  0.972719573043488     
          89          53  1.055461484742091E-002
          90          48  1.094517896690676E-002
          90          50  1.086547934035198E-002
          90          52  0.968767760625512     
          91          44  9.906534704191923E-003
          91          46  1.101830961300765E-002
          91          55  0.965196349539743     
          92          41  9.313397743016896E-003
          92          56  0.969387392004014     
          92          58  1.058139105360465E-002
          93          40  1.088821587275419E-002
          93          42  1.074166011914192E-002
          93          57  0.966774422770182     
          94          16  1.094414330906618E-002
          94          18  9.324338491767031E-003
          94          59  0.968847957047680     
          95          14  9.988290440129687E-003
          95          17  9.626251596921867E-003
          95          19  1.075213266107904E-002
          95          60  0.967279989791024     
          96           1  1.085943010880520E-002
          96           3  9.677459340654780E-003
          96          61  1.019809900994874E-002
          96          62  0.967739482257351     
          97           2  1.062368771084362E-002
          97           4  1.084834791437508E-002
          97          63  0.972360047730242     
