$coord
         -2.325424605721          5.239978702339         -6.259387135228     o 
         -0.012160879008          5.053610503984         -4.782651432231     s 
          2.363534725340          5.301600271881         -6.144001271284     o 
         -0.110341527331          7.300453087379         -2.323321404625     c 
         -2.430606155919          8.134539524442         -1.347528576980     c 
         -2.408593621255          9.576144930248          0.822206230197     c 
         -0.097141066027         10.109906580070          1.963230288993     c 
          2.117256868073          9.304117395940          1.041751650938     n 
          2.096528059385          7.938013493342         -1.028457443465     c 
         -0.004594219866          2.194380635290         -3.105992186628     c 
          2.301949699695          1.211305110150         -2.224900207318     c 
          2.300334899509         -0.753291559760         -0.529407160289     c 
          4.619751229863         -1.777658301976          0.352734861459     n 
          6.151956033369         -0.394918349206          1.960634204509     c 
          5.497669085292          2.012831683910          2.811011478599     c 
          7.085502247222          3.333020329743          4.407977464401     c 
          9.353370175441          2.277749394031          5.203118510229     c 
         10.021858093184         -0.122804154390          4.412458627381     c 
          8.439352689180         -1.464067762135          2.811232218163     c 
          9.180931749462         -3.833814274239          2.119149605606     o 
          7.664936990930         -5.160770991750          0.512855880800     c 
          8.461088003362         -7.551812797989         -0.209574870276     c 
          7.014710343210         -8.967996072651         -1.864085895050     c 
          4.782519798923         -7.979686073206         -2.825729889435     c 
          3.976094347475         -5.599169892151         -2.119317414374     c 
          5.379710189714         -4.159643975880         -0.415841394790     c 
          0.022898590020         -1.790886022036          0.378281137922     c 
         -2.265541921750         -0.762045565744         -0.503245107026     c 
         -4.574105618701         -1.795949993759          0.403433237873     n 
         -5.405578954437         -4.118970138183         -0.462731940978     c 
         -4.052910323075         -5.521484570128         -2.235665820533     c 
         -4.931567428793         -7.845132230755         -3.039335043370     c 
         -7.186375960126         -8.809868772989         -2.106786923587     c 
         -8.580170839627         -7.428352026186         -0.378989467174     c 
         -7.711059010048         -5.096008504489          0.442286878297     c 
         -9.176429544952         -3.799998694848          2.121904113829     o 
         -8.336888321470         -1.507401680282          2.950128796504     c 
         -9.840810504758         -0.213228594586          4.661510044813     c 
         -9.063873608125          2.101607949676          5.596369323416     c 
         -6.768600004122          3.118418513914          4.831056095154     c 
         -5.261655522615          1.850249674613          3.117075233104     c 
         -6.025204973785         -0.469787978456          2.126949479900     c 
         -2.298959171023          1.202839639771         -2.198360473518     c 
         -4.146801180156          7.656617742964         -2.340587487646     h 
         -4.143466436471         10.284281060026          1.628101684082     h 
          0.023527890864         11.226660442811          3.668102496774     h 
          3.905084955998          7.314627711255         -1.751824412831     h 
          4.030611226303          2.009353785880         -2.950323953253     h 
          3.742516154272          2.845334852430          2.196298206693     h 
          6.545666495807          5.197798523973          5.027336324654     h 
         10.592746673990          3.317570249062          6.441543827887     h 
         11.760337566976         -1.000746600011          5.011379672617     h 
         10.218897397883         -8.254021857523          0.544053375012     h 
          7.638656087540        -10.827369284402         -2.415863725934     h 
          3.666406026963         -9.065010708296         -4.140806903923     h 
          2.263021143031         -4.817169689682         -2.892351571396     h 
          0.032186723488         -3.320602373469          1.719253407229     h 
         -2.321057248293         -4.756055046453         -2.983459071203     h 
         -3.854884144657         -8.903632369518         -4.408095572038     h 
         -7.867232918097        -10.624669268654         -2.734491010647     h 
        -10.351740493642         -8.114454348552          0.357149353405     h 
        -11.602665185350         -1.060382555789          5.235769438673     h 
        -10.239892311312          3.101485254967          6.926080120594     h 
         -6.143013194408          4.908443921631          5.577699504141     h 
         -3.480761339259          2.643766411991          2.524752481287     h 
         -4.041283609020          1.993780662972         -2.898153115668     h 
$end
