$coord
          0.255066159776          5.559858201406         -3.581389512470     o 
          0.134361293224          4.324238061791         -1.100453747690     p 
          0.252116185295          6.557493801681          1.524849898224     c 
         -0.762099017975          8.934255909597          1.076786505717     c 
         -0.778287517964         10.733086461891          2.972483868413     c 
          0.223817716844         10.156095363853          5.321746548762     c 
          1.250109681394          7.788693903877          5.767746444490     c 
          1.267871668615          5.985366750566          3.874277100432     c 
          2.714415158373          2.119936058658         -0.555079934108     c 
          2.526607927514          0.079846620616          1.110546183473     c 
          4.532256347395         -1.543164656746          1.488398405733     c 
          6.748313308240         -1.100224028223          0.151099910732     c 
          6.966052960645          0.984154091355         -1.513803727367     c 
          4.928313552202          2.588828230051         -1.868837371016     c 
          9.492462964312          0.918901158668         -2.502747807370     c 
         10.797883393917          2.421659581346         -4.212507464432     c 
         13.261545256893          1.792959614753         -4.794670658725     c 
         14.412228774235         -0.316496748942         -3.717913155380     c 
         13.150727174444         -1.838934294944         -2.012102789756     c 
         10.688919318645         -1.190962236172         -1.385449718375     c 
          9.006168004181         -2.392482986927          0.212024753207     n 
          9.509681268659         -4.574457294652          1.631832198308     c 
          7.885262924558         -6.638661718836          1.502254287215     c 
          8.387396199388         -8.782145907973          2.909266340070     c 
         10.511790263923         -8.893407286688          4.433934476999     c 
         12.134609764917         -6.843661775359          4.557081116250     c 
         11.638089673947         -4.684292472575          3.172427953418     c 
         -2.755841702636          2.527725213181         -0.610572703601     c 
         -3.809604633463          2.123586842934          1.776098087604     c 
         -6.001225515903          0.740754941119          2.067509556850     c 
         -7.141945111775         -0.233930725577         -0.087205301625     c 
         -6.061984705192          0.128857087682         -2.509242042425     c 
         -3.864316253822          1.529155776430         -2.760513084642     c 
         -7.662469353580         -1.178229519531         -4.268803601125     c 
         -7.606239598541         -1.481825724097         -6.874681202530     c 
         -9.512260134801         -2.853976482314         -8.009728179583     c 
        -11.468248730853         -3.891748584962         -6.584791571957     c 
        -11.562813788884         -3.615793315282         -3.989817021711     c 
         -9.628700662672         -2.276121128095         -2.833327853545     c 
         -9.288326514154         -1.688144248405         -0.310490322673     n 
        -10.884270216335         -2.416211024435          1.677939139851     c 
        -11.555692375463         -4.941293165851          1.975456870818     c 
        -13.140415386855         -5.646652343980          3.929480383867     c 
        -14.048737564588         -3.853618217295          5.605806460930     c 
        -13.373671625961         -1.341372323674          5.317199593136     c 
        -11.805512422008         -0.614693513349          3.357914577030     c 
         -1.510795756495          9.342072115125         -0.779045760179     h 
         -1.566774156539         12.583471284682          2.623012329849     h 
          0.216049208029         11.556949181614          6.806918950450     h 
          2.043737567666          7.348829767909          7.597416939796     h 
          2.085735678665          4.143645266730          4.210928558267     h 
          0.769735578270         -0.239028597611          2.101833367914     h 
          4.382023551189         -3.102123259812          2.796872057372     h 
          5.019635126140          4.177085214835         -3.146969760156     h 
          9.890418540089          4.035963700478         -5.066497733414     h 
         14.315077134775          2.936163082204         -6.116144958980     h 
         16.332569904696         -0.777234189681         -4.233293042662     h 
         14.048077735336         -3.488362147416         -1.214243240657     h 
          6.254477274674         -6.559746284651          0.278161278351     h 
          7.121767401580        -10.379483360193          2.800964749580     h 
         10.902243509226        -10.573684920871          5.522765192086     h 
         13.789278958738         -6.920015894073          5.749121250440     h 
         12.876488984943         -3.067001729282          3.292995183250     h 
         -2.900283943982          2.928523034050          3.418294612711     h 
         -6.794792966567          0.419217838502          3.920028878959     h 
         -3.009767707912          1.872620636187         -4.581822250764     h 
         -6.105308540116         -0.649275720508         -7.975996402676     h 
         -9.506001314552         -3.117301716117        -10.033047789093     h 
        -12.949292440996         -4.929938349716         -7.530452009153     h 
        -13.104161137148         -4.398783206761         -2.906480069714     h 
        -10.811847075132         -6.338029015241          0.687114775096     h 
        -13.656848688086         -7.608433812885          4.152199249688     h 
        -15.280589043406         -4.412475055718          7.132737646743     h 
        -14.085059711984          0.064144894077          6.614614275529     h 
        -11.308153869510          1.347554411130          3.100158308343     h 
$end
