 NM
 UV
 MMASS
   665.795399999999     
 LFAKTOR
  0.5
 RFAKTOR
  1.0
 WIDTH
  0.20
 SHIFT
  0.00
 DATXY
   1    3.7771     0.466917     0.210715     3.232284     2.010726
   2    4.0914     0.478661     0.201504   -22.749216   -35.497307
   3    4.3684     1.469283     0.598320    24.682959    18.088072
   4    4.8738     0.225698     0.111454   130.573590    78.792914
   5    4.8887     0.032021     0.015590    28.354541    14.741456
   6    4.9717     0.002200     0.001408    -2.657802    -1.843817
   7    4.9870     0.277540     0.174004    -3.979204    -5.080169
   8    5.0436     0.458802     0.259306   -97.039340   -77.127267
   9    5.0666     0.004277     0.004112     0.933037     2.881807
  10    5.0989     0.006792     0.003638    -3.291209    -0.130226
  11    5.1215     0.000365     0.000626    -2.337834    -3.643300
  12    5.2308     0.036435     0.023599   -22.984941   -35.722387
  13    5.2804     0.514984     0.254530    96.964846     8.789263
  14    5.3590     0.055551     0.026661    23.552317     9.502863
  15    5.4788     0.211557     0.104789   -11.660996    40.399589
  16    5.5378     0.278788     0.131712   -64.169552   -41.969959
  17    5.5970     0.074160     0.043577   -28.355763    -3.156883
  18    5.6774     0.035679     0.013239   181.125208    71.699283
  19    5.7554     0.008731     0.006416     0.986458    -4.325750
  20    5.8057     0.025168     0.319007  -264.037694    12.164386
  21    5.8246     0.039848     0.032925    53.458201   -38.925073
  22    5.9102     0.009871     0.029127   -13.850097    -8.426064
  23    5.9706     0.041343     0.048977   126.298049   129.514270
  24    5.9974     0.034173     0.020087   -48.639371   -45.131290
  25    6.0536     0.069891     0.022907  -105.633185   -74.499926
  26    6.1461     0.020733     0.020169   -24.157793    -9.611511
  27    6.1690     0.098601     0.056104    66.895388    43.451473
  28    6.1852     0.070925     0.035509    -6.962188    -4.647345
  29    6.2271     0.043568     0.019748     0.481607   -17.452377
  30    6.2498     0.004688     0.009623   -22.205566     2.785056
  31    6.3113     0.060583     0.080113  -106.083651  -135.473795
  32    6.3175     0.035960     0.019738   132.053554   105.044434
  33    6.4050     0.030618     0.014629    -8.977594    52.140837
  34    6.4169     0.042290     0.029619   -82.210517   -89.147077
  35    6.4318     0.024987     0.020861     0.415566    42.432458
  36    6.4447     0.130153     0.086614   101.463570    61.928876
  37    6.4509     0.131103     0.089395    47.079126    62.455819
  38    6.4576     0.075237     0.054602    56.542598    48.278407
  39    6.4830     0.025481     0.012596    28.697837    11.425962
  40    6.5237     0.001399     0.001710     3.804685     8.371000
  41    6.5561     0.030991     0.029007   165.490198   145.647080
  42    6.5681     0.054644     0.050726    62.145266    68.035602
  43    6.5786     0.097000     0.059058    13.292524    -3.913251
  44    6.5899     0.042531     0.024870   -17.123489   -11.369584
  45    6.6272     0.022091     0.032069    13.142860   -26.428848
  46    6.6345     0.070154     0.070174  -135.255209  -110.346344
  47    6.6407     0.359053     0.197586  -355.978100  -243.877238
  48    6.6537     0.091246     0.077786   275.598595   274.532305
  49    6.6756     0.052653     0.041067   -78.709123    -7.802425
  50    6.6858     0.008617     0.004211    24.039700     5.795098
  51    6.6895     0.017593     0.007320   -70.669603   -20.825053
  52    6.6968     0.069384     0.030605  -227.727738  -131.662670
  53    6.7114     0.052958     0.025657  -113.411359   -90.811749
  54    6.7322     0.171137     0.115415    82.019941    97.178591
  55    6.7604     0.085633     0.033774    21.035630     0.936116
  56    6.7785     0.342491     0.203408  -337.739523  -234.286156
  57    6.7899     0.099116     0.068093   -30.590284  -116.389571
  58    6.8041     0.063051     0.045862   155.743706   162.624833
  59    6.8273     0.135440     0.103359    61.097586    51.616653
  60    6.8404     0.065048     0.028411    -3.966545   -96.243207
  61    6.8454     0.021698     0.013993   -23.317865    -1.527378
  62    6.8799     0.070581     0.054570   -89.116225   -73.959344
  63    6.8888     0.026397     0.011908     3.367218     7.321686
  64    6.9182     0.052000     0.039365    45.790388    -2.616254
  65    6.9274     0.105484     0.074920   -46.820130   -24.830155
  66    6.9426     0.121342     0.084001    48.865698    62.803382
  67    6.9475     0.000460     0.000128     1.716853    -1.287869
  68    6.9695     0.003884     0.037555    30.458774    74.869059
  69    6.9870     0.087234     0.060296    57.890433    37.711522
  70    6.9975     0.010306     0.017026    -1.840317    44.361689
  71    7.0036     0.008968     0.025417    14.124450    52.347282
  72    7.0071     0.058110     0.032124   -80.595750   -98.362691
  73    7.0702     0.054715     0.022647   -38.103919   -24.950499
  74    7.0829     0.081612     0.051465    55.541207    21.754431
  75    7.1036     0.060671     0.038558   147.196804   144.039080
  76    7.1228     0.019600     0.016086   -65.633436   -65.929498
  77    7.1329     0.023405     0.023840    32.393854    25.800706
  78    7.1701     0.249613     0.155268   103.978503    17.991726
  79    7.1808     0.030716     0.022502    49.570802    42.152388
  80    7.2008     0.096583     0.063059   -71.388099   -55.080889
  81    7.2108     0.024102     0.009428   -55.681604   -21.809267
  82    7.2255     0.135354     0.072804   158.134824   114.519777
  83    7.2535     0.019657     0.019838    49.490691    11.145679
  84    7.2743     0.086576     0.036814  -177.428411   -97.461177
  85    7.2812     0.124357     0.049502   187.723459    87.389652
  86    7.2870     0.124094     0.094941    86.028972   142.918706
  87    7.3040     0.545434     0.329458  -249.859281  -254.634210
  88    7.3156     0.084306     0.045739    49.430537    57.970709
  89    7.3250     0.059268     0.051342  -146.938135  -100.960009
  90    7.3293     0.086419     0.057383   -32.346689   -22.678115
  91    7.3480     0.136114     0.080219   259.470362   215.964725
  92    7.3540     0.102240     0.059718  -307.110277  -259.443068
  93    7.3587     0.222110     0.137196  -210.437234  -242.238411
  94    7.3706     0.027945     0.016227   178.592414   135.524825
  95    7.3776     0.124007     0.072495    56.282515    51.522614
  96    7.3832     0.113310     0.058336  -249.543226  -173.478284
  97    7.4058     0.055548     0.049528    -6.308544    -1.164283
  98    7.4100     0.017510     0.009199   131.983157    84.967376
  99    7.4171     0.021107     0.014160   137.926832   113.271550
 100    7.4333     0.010019     0.016023    29.504267    42.972038
 101    7.4452     0.029406     0.015853    34.846238    13.060118
 102    7.4526     0.030010     0.014910   -30.862701   -48.865853
 103    7.4608     0.052204     0.031689    58.774100    43.738409
 104    7.4640     0.011672     0.020312    61.007284    93.644010
 105    7.4851     0.019538     0.031313    31.962390    49.789253
 106    7.4916     0.055936     0.030683   -65.766093   -20.914970
 107    7.4964     0.043070     0.041323    30.056737    51.708411
 108    7.5117     0.040998     0.018253   -78.103454   -59.766411
 109    7.5219     0.004730     0.018544    16.894005    42.170215
 110    7.5302     0.151298     0.075955   -34.072300   -32.731402
 111    7.5457     0.062157     0.066634   -26.795089     3.994004
 112    7.5494     0.063172     0.043744   -65.174618   -55.398618
 113    7.5607     0.024852     0.011934   -12.314833   -12.356211
 114    7.5636     0.031878     0.023224    28.549388    32.708550
 115    7.5824     0.050428     0.030434  -187.054173  -137.911978
 116    7.5851     0.056840     0.037812   216.494270   119.686540
 117    7.5903     0.042647     0.026935    -4.962534    -6.601773
 118    7.6040     0.076400     0.061088   -96.841610   -98.055974
 119    7.6183     0.001895     0.006289     1.949242    23.752585
 120    7.6296     0.031716     0.025859   -17.677679   -27.712798
 121    7.6429     0.015284     0.016054    42.005169    33.265687
 122    7.6510     0.014067     0.018090     4.071544    -6.807154
 123    7.6662     0.021646     0.008567    70.431746    47.011828
 124    7.6798     0.064608     0.031783    19.091820    21.863016
 125    7.6857     0.007880     0.009912    90.161559   -36.362880
 126    7.6953     0.079021     0.062456   129.523807   106.885085
 127    7.7017     0.114749     0.063227   -67.563459   -44.639051
 128    7.7293     0.008832     0.046332    10.319491    82.551436
 129    7.7305     0.026967     0.022580    15.252105    14.802494
 130    7.7589     0.004407     0.005134   -20.260541   -24.726060
 131    7.7701     0.002608     0.003113    -4.354078     9.857197
 132    7.7821     0.086170     0.052221   -75.278461   -56.959488
 133    7.7969     0.028544     0.021946    45.866733    51.951173
 134    7.8102     0.007600     0.011496    16.934389    24.855153
 135    7.8159     0.017852     0.009546    -4.706352     0.586365
 136    7.8240     0.008114     0.004238   -33.489015    -7.345957
 137    7.8388     0.003213     0.018982    -4.966861   -36.317712
 138    7.8601     0.026309     0.033188    98.830952   104.998379
 139    7.8753     0.012942     0.033289   -18.878340   -20.693696
 140    7.8802     0.107082     0.041690  -240.816450  -181.600509
 141    7.8829     0.009216     0.016430    85.283718     5.793570
 142    7.9025     0.016495     0.048760   107.141277   195.157938
 143    7.9202     0.068674     0.072610   -15.858217    -6.672070
 144    7.9269     0.022806     0.019666   118.912579    -4.400443
 145    7.9336     0.001805     0.012913    11.399527    13.492002
 146    7.9470     0.010257     0.031447    82.705505     6.858106
 147    7.9547     0.005494     0.006006   -12.304257     0.828094
 148    7.9606     0.062949     0.141510  -370.450093  -112.335227
 149    7.9690     0.004258     0.047106   -57.763315  -197.941703
 150    7.9756     0.035364     0.050817   110.038723   137.350399
 151    7.9901     0.019197     0.030963   107.439463    68.870516
 152    8.0076     0.011780     0.026850    -4.245177   -14.764230
 153    8.0163     0.053542     0.007950   -33.921515   -53.927243
 154    8.0223     0.110642     0.091475    60.213470   -52.481390
 155    8.0274     0.026143     0.005164    91.766924   -17.731302
 156    8.0428     0.020359     0.140464    21.476344     5.226831
 157    8.0477     0.024568     0.121139    61.441342   -17.825665
 158    8.0542     0.024319     0.004793    -4.088255    21.943064
 159    8.0607     0.019011     0.011535    -0.684939    -1.521011
 160    8.0785     0.017430     0.002449   -44.198424   -22.348920
 161    8.0880     0.030431     0.020319   -17.961113   -19.373609
 162    8.0932     0.013888     0.028522   -10.836328    -8.631247
 163    8.0974     0.010353     0.021783    -3.354238   -54.762146
 164    8.1102     0.004231     0.002277    -3.051700    -0.178339
 165    8.1162     0.040881     0.026437   -42.329464   -23.574066
 166    8.1198     0.052823     0.026375    65.023308    49.604932
 167    8.1279     0.006159     0.016500     4.504695     3.397662
 168    8.1307     0.037266     0.020721     0.200346   -45.606001
 169    8.1416     0.124843     0.096653   171.250801    77.079428
 170    8.1589     0.061128     0.033165    82.713932    79.400125
 171    8.1640     0.057044     0.034879    52.193930     5.320825
 172    8.1652     0.031024     0.019383    32.424570     8.016295
 173    8.1779     0.050251     0.033080    31.925225    28.000136
 174    8.1843     0.004538     0.010265   -32.679718     2.337052
 175    8.1907     0.063191     0.027306   -43.952824   -30.958928
 176    8.2075     0.011847     0.203823    22.950653   -24.166020
 177    8.2102     0.039453     0.031406   -98.914049   -78.984905
 178    8.2189     0.049003     0.030085    25.219071    48.632374
 179    8.2281     0.003746     0.017926     2.274353   -10.274415
 180    8.2388     0.018457     0.009276    13.344925    34.589637
 181    8.2460     0.002990     0.002795   -24.422143    16.605556
 182    8.2567     0.018499     0.013788   -14.250032    -9.062269
 183    8.2693     0.051460     0.054469   -19.115574   -20.795329
 184    8.2788     0.017283     0.010282   -33.070154   -15.324851
 185    8.2791     0.030545     0.021113   -41.053145   -52.916590
 186    8.2957     0.012099     0.011027    14.263269    27.651933
 187    8.3059     0.026208     0.025916    53.941885    54.671997
 188    8.3083     0.013609     0.026507    23.425755    -3.428908
 189    8.3263     0.008110     0.016627    -8.187427   -13.404252
 190    8.3285     0.001899     0.002671     0.746909     7.738928
 191    8.3319     0.039578     0.020703   -58.928978   -36.367934
 192    8.3460     0.008449     0.034355    57.038974   105.782519
 193    8.3500     0.010895     0.004512     4.782761    -5.599389
 194    8.3614     0.002390     0.002191     2.762436    -0.610350
 195    8.3683     0.001597     0.003102    -3.680233    -2.184668
 196    8.3705     0.003952     0.008712     9.732363    20.754700
 197    8.3752     0.002602     0.000560    -4.616411    -0.983719
 198    8.3908     0.004851     0.012140    21.914021     9.646840
 199    8.4019     0.003046     0.002498    -2.080351    -9.291831
 200    8.4113     0.006904     0.017448     1.399712    11.190296
 201    8.4139     0.006944     0.007486    19.641303    16.088753
 202    8.4172     0.006384     0.018432    10.308479    23.984860
 203    8.4308     0.005402     0.001349     4.624908     2.300041
 204    8.4398     0.007298     0.008313    21.382617    22.355550
 205    8.4619     0.002673     0.026607    12.652667   -50.866182
 206    8.4679     0.000493     0.007004     8.959000    29.181418
 207    8.4786     0.003126     0.016858    11.580521    11.258273
 208    8.4839     0.008255     0.008177   -21.790295   -19.696064
 209    8.4952     0.000525     0.001151     7.199653    -9.566811
 210    8.5016     0.046398     0.030401    35.351761    25.956067
 211    8.5061     0.009459     0.004857   -12.810212    -6.686027
 212    8.5092     0.003510     0.005466    11.244665   -10.829169
 213    8.5105     0.000434     0.009994    -0.591997   -34.857732
 214    8.5150     0.028670     0.020169    -1.613726   -11.443225
 215    8.5269     0.009189     0.003744     9.264328    -1.345977
 216    8.5287     0.016907     0.013929    13.794599     8.817535
 217    8.5347     0.004583     0.008832   -30.698496   -29.787443
 218    8.5429     0.040748     0.018625   -31.444677   -27.346188
 219    8.5450     0.020509     0.029671    33.588685    38.978877
 220    8.5507     0.029755     0.026217   -35.203723   -11.805898
 221    8.5626     0.012222     0.006217   -17.951594    -5.571544
 222    8.5669     0.008265     0.009412    21.493209    20.815246
 223    8.5753     0.003193     0.002309    -1.942345     1.729713
 224    8.5786     0.012907     0.013322    21.883562    27.456188
 225    8.5799     0.002951     0.004279    -6.188643     5.251334
 226    8.5923     0.011968     0.007629   -28.137534   -20.525431
 227    8.5976     0.012110     0.016133   -23.688348   -29.037874
 228    8.6069     0.038289     0.029670    39.998706    36.000392
 229    8.6083     0.010800     0.006434   -14.003781    11.000732
 230    8.6197     0.004048     0.006796    24.079671    25.695498
 231    8.6307     0.010329     0.003569   -19.748503    -6.782073
 232    8.6361     0.010026     0.008812   -16.871487   -23.565070
 233    8.6421     0.003509     0.004470     1.092255    -1.304878
 234    8.6422     0.012036     0.011212    11.636596     9.940452
 235    8.6522     0.000496     0.001537     1.293377    -3.614947
 236    8.6535     0.001483     0.000547     3.752583    -2.876079
 237    8.6673     0.002265     0.002644    -7.710448    -5.661492
 238    8.6734     0.014854     0.013563    -3.833312   -15.192356
 239    8.6769     0.007837     0.005751    42.243254    21.192228
 240    8.6912     0.006567     0.006876   -11.567986   -10.307873
 241    8.6980     0.010311     0.012362     2.645551   -13.942955
 242    8.7111     0.030037     0.017690   -67.282726   -50.358478
 243    8.7121     0.004356     0.002764    13.450234     9.821365
 244    8.7187     0.001275     0.001158     9.524062     9.059426
 245    8.7337     0.038006     0.025943    31.147060    24.834732
 246    8.7497     0.010148     0.006240   -43.002100   -32.316881
 247    8.7525     0.001920     0.006334    17.607907    12.589955
 248    8.7635     0.004551     0.004849     7.903453     8.259408
 249    8.7730     0.001938     0.005256    -1.849822    11.253040
 250    8.7739     0.009877     0.032422     3.779479     5.706026
 251    8.7807     0.004080     0.001483    16.441670    -1.974728
 252    8.7866     0.004626     0.007554    -6.151192    -6.030133
 253    8.7988     0.015111     0.006890   -36.035478   -35.631751
 254    8.8051     0.001983     0.005597     9.888793    18.112228
 255    8.8088     0.005136     0.002167     2.936222     4.980093
 256    8.8114     0.004199     0.003396    -2.066324     2.024422
 257    8.8128     0.009826     0.009817   -21.375059    -7.642606
 258    8.8191     0.002232     0.000917    -5.027463    -6.184402
 259    8.8250     0.002685     0.001811   -17.037084   -11.290076
 260    8.8288     0.002133     0.001032    -8.207606    -5.889982
 261    8.8313     0.009077     0.006930     5.255135    -3.275930
 262    8.8389     0.002109     0.002177     0.544373     0.616386
 263    8.8427     0.007395     0.010407    11.344788    14.390046
 264    8.8491     0.022155     0.015893    24.453764    19.755631
 265    8.8520     0.006824     0.016441    10.221905     2.201636
 266    8.8582     0.003362     0.000214    10.026987     4.530837
 267    8.8650     0.001445     0.002268    -5.894930   -10.275184
 268    8.8685     0.006462     0.004323   -13.927509    -4.938286
 269    8.8812     0.004249     0.002610     2.307049     0.313912
 270    8.8921     0.015083     0.006406   -31.128747   -20.048145
 271    8.8955     0.014395     0.016453    29.325087    29.339942
 272    8.8975     0.007177     0.014281   -14.188741   -23.286337
 273    8.9018     0.000530     0.001002    -0.443075   -13.354831
 274    8.9035     0.004886     0.002771     8.314970    -2.050300
 275    8.9104     0.011586     0.003882     4.509481     4.128738
 276    8.9114     0.003616     0.003069     6.794190     9.919689
 277    8.9207     0.006558     0.008244   -22.830419    -8.092662
 278    8.9303     0.013585     0.013816    -1.233377     8.266727
 279    8.9431     0.035853     0.028070    46.967422    37.073029
 280    8.9476     0.008723     0.010381   -18.726337   -11.783190
 281    8.9515     0.005124     0.008546    -5.301379    -7.141669
 282    8.9550     0.003824     0.005512    -4.360163     2.229300
 283    8.9569     0.002740     0.010045     3.057444    10.224555
 284    8.9614     0.001064     0.000348    -0.677266     0.271398
 285    8.9720     0.005065     0.002638    13.166745     1.889893
 286    8.9767     0.001488     0.002156     4.156865     6.737807
 287    8.9874     0.001850     0.003796    -1.502227    -5.012300
 288    8.9895     0.005390     0.003102    13.175690     3.793737
 289    8.9969     0.009776     0.003708    26.220855    19.684169
 290    9.0022     0.001357     0.011168    14.569645   -14.131695
 291    9.0041     0.027319     0.031173   -52.871929   -22.194049
 292    9.0110     0.014432     0.011149    41.842986    29.627538
 293    9.0252     0.001641     0.009386    -2.931232     6.263801
 294    9.0274     0.002449     0.001220     2.702883     2.057315
 295    9.0351     0.006750     0.002965    -1.457230    -3.596927
 296    9.0401     0.013438     0.010879    19.235941    24.921339
 297    9.0452     0.017365     0.010488   -55.439044   -44.193004
 298    9.0542     0.006684     0.005815     9.946980     8.939979
 299    9.0594     0.004509     0.004697     3.829682     3.481072
 300    9.0626     0.003927     0.004221     1.607606     9.683797
 301    9.0631     0.014966     0.009363     5.883544     5.203400
 302    9.0847     0.008132     0.008810    -5.297214    -6.351657
 303    9.0868     0.015750     0.011966    22.202662    14.863416
 304    9.0908     0.005282     0.003901   -22.182762   -17.382256
 305    9.0968     0.006179     0.003844    10.287493     0.091808
 306    9.0995     0.031784     0.011900    60.643664    25.622904
 307    9.1019     0.021614     0.011836   -21.447918    -6.657092
 308    9.1050     0.009242     0.010244   -21.980767   -22.134853
 309    9.1071     0.005924     0.006728    -9.619884    -9.173246
 310    9.1168     0.000837     0.002362    -0.235452    -2.627421
 311    9.1187     0.022386     0.022848     5.793224     8.965629
 312    9.1232     0.007230     0.004632    -5.402746    -6.186052
 313    9.1402     0.003127     0.001448     5.160635     3.673589
 314    9.1440     0.008550     0.002241    30.026219     9.234573
 315    9.1454     0.012524     0.010966   -24.867682   -14.427548
 316    9.1536     0.001970     0.000992     2.660036    -0.956454
 317    9.1549     0.001596     0.002689     2.559010     1.684226
 318    9.1627     0.009718     0.006555    10.146892    17.191970
 319    9.1674     0.020881     0.008968   -31.168267   -17.006771
 320    9.1757     0.003827     0.002735   -12.912005    -7.684955
 321    9.1843     0.011278     0.007271    20.409491    11.705626
 322    9.1947     0.004043     0.002509    -2.644656    -2.199184
 323    9.1988     0.001819     0.001404    -5.522550    -1.875855
 324    9.2017     0.000518     0.000067     0.545261     0.595267
 325    9.2059     0.002100     0.001777    -2.282178     1.687246
 326    9.2110     0.006279     0.004606    19.559392    17.058249
 327    9.2173     0.038915     0.016469     1.718946    14.684092
 328    9.2212     0.002532     0.002697    -6.700507    -6.308527
 329    9.2239     0.017523     0.013818     0.458396    -4.248997
 330    9.2379     0.014780     0.012106   -10.270828    -4.249764
 331    9.2418     0.001948     0.000978    -6.548702     2.283880
 332    9.2440     0.001916     0.003226    11.496616    26.115650
 333    9.2447     0.001347     0.001806    -2.548032     7.075260
 334    9.2496     0.017438     0.008873   -10.782383   -17.233454
 335    9.2624     0.041276     0.021510   -71.908911   -49.902288
 336    9.2644     0.010427     0.001440   -37.179936   -13.320916
 337    9.2747     0.005630     0.007001    27.608393    31.081188
 338    9.2799     0.004549     0.002352    -3.969920     0.025072
 339    9.2834     0.003001     0.001551    -2.102148    -0.864304
 340    9.2915     0.008969     0.004267    -7.290345   -13.419336
 341    9.2932     0.008743     0.012771    -9.932437   -18.249824
 342    9.2992     0.000855     0.010994    -5.422502   -22.795495
 343    9.3067     0.011715     0.011151    -4.085786    -1.620624
 344    9.3112     0.027360     0.017157    38.581733    30.565718
 345    9.3180     0.004727     0.006672     7.249517     6.420017
 346    9.3216     0.006108     0.002280    -1.239187    -2.789462
 347    9.3280     0.003852     0.008398    -9.648340   -15.508073
 348    9.3420     0.001709     0.001168    -7.519360    -5.741280
 349    9.3465     0.006088     0.004818     6.621551     2.199103
 350    9.3499     0.006066     0.003953    23.488278    25.077537
 351    9.3506     0.011412     0.005974   -48.186756   -38.948585
 352    9.3576     0.021527     0.008156     5.939723     2.618949
 353    9.3632     0.011688     0.014851     1.557574     0.460584
 354    9.3692     0.001826     0.002729     2.149610     4.317337
 355    9.3802     0.010144     0.010025   -31.465287   -21.151654
 356    9.3837     0.003941     0.004168    -1.952741    -3.415477
 357    9.3870     0.006452     0.002927    -7.927496    -3.210534
 358    9.3966     0.003425     0.006714    12.108500    14.022054
 359    9.3977     0.004224     0.000462   -16.828927    -0.287105
 360    9.4040     0.006571     0.003473    -9.404360    -7.256036
 361    9.4090     0.020822     0.012819   -12.128758    -9.800993
 362    9.4173     0.002602     0.003128     6.781927     2.886761
 363    9.4235     0.001855     0.000633     0.488079    -2.814055
 364    9.4254     0.004960     0.004031     1.815976     3.032965
 365    9.4346     0.023665     0.008341   -33.061133   -17.398090
 366    9.4425     0.000568     0.001325     1.994517     4.729464
 367    9.4484     0.013837     0.003544   -26.316318   -11.747630
 368    9.4520     0.008405     0.007741    -6.787214    -7.658729
 369    9.4570     0.003477     0.002259    -4.758731    -4.931934
 370    9.4589     0.000431     0.000181    -0.885376    -0.905488
 371    9.4649     0.002297     0.001128    -8.473297    -0.824732
 372    9.4699     0.007039     0.003723    -6.457737    -4.413559
 373    9.4732     0.000619     0.000805     7.648516     5.714790
 374    9.4790     0.010559     0.008847     7.998921     6.394157
 375    9.4810     0.005891     0.006141    -2.704678    -5.148373
 376    9.4879     0.004153     0.002494     8.446878     5.012019
 377    9.4967     0.004604     0.001343    -3.408030     3.100494
 378    9.5045     0.003187     0.004682    14.753921     8.460613
 379    9.5062     0.003967     0.004155     4.575280     3.821140
 380    9.5078     0.002500     0.001545    -0.501371    -2.000536
 381    9.5107     0.003431     0.001600     6.976979     5.230012
 382    9.5130     0.007556     0.006140    21.252818    12.257311
 383    9.5175     0.002401     0.000566    -1.312559     0.248711
 384    9.5200     0.007010     0.003623    11.951161     5.180922
 385    9.5273     0.004435     0.001396     3.167601     2.666140
 386    9.5358     0.023551     0.012398    -9.247331     0.395759
 387    9.5390     0.004199     0.001774     1.064726    -0.031825
 388    9.5429     0.003217     0.003104    -6.709367    11.330663
 389    9.5498     0.002694     0.003486    -0.538778     4.330990
 390    9.5584     0.005530     0.002196    -0.293369     5.478186
 391    9.5690     0.011222     0.005690   -14.132613    -6.977456
 392    9.5750     0.004663     0.003416    10.379020     7.556492
 393    9.5771     0.001530     0.000449    -1.842944    -0.548718
 394    9.5855     0.000862     0.001427    -2.461677     2.389800
 395    9.5900     0.000633     0.000643     8.999825     9.711716
 396    9.5981     0.001533     0.001688    -9.080136    -5.318428
 397    9.5999     0.003688     0.001708     1.462920     4.568659
 398    9.6040     0.003483     0.003881    -5.665158    -8.317550
 399    9.6072     0.006056     0.005709     5.301206    14.801679
 400    9.6181     0.002302     0.002222    -6.297010    -7.426984
 401    9.6261     0.002065     0.001858     1.427985    -1.573421
 402    9.6282     0.000965     0.005612    -0.793690     1.139561
 403    9.6329     0.005275     0.005080    -2.633418    -3.740797
 404    9.6435     0.008563     0.004007    12.747272    12.841936
 405    9.6537     0.005010     0.000935    -1.008308    -0.544175
 406    9.6561     0.011514     0.002533   -27.115492   -12.760038
 407    9.6637     0.009425     0.003399    19.939031   -12.557493
 408    9.6709     0.007702     0.001976    -5.391483    -3.126321
 409    9.6799     0.000294     0.001691     2.926544     4.780657
 410    9.6847     0.001795     0.002135     5.571892     5.594528
 411    9.6892     0.007707     0.005460    -2.516826     1.100311
 412    9.6944     0.001824     0.000642     5.263680     1.653299
 413    9.6954     0.001740     0.001151    -4.839943    11.089752
 414    9.6995     0.010435     0.009128    24.656438    24.249071
 415    9.7130     0.002898     0.001995     4.587044     2.572103
 416    9.7162     0.002230     0.005123    -8.976866   -10.644057
 417    9.7231     0.006197     0.003985   -14.327567    -3.181052
 418    9.7282     0.003114     0.011305    -6.723924     7.213628
 419    9.7327     0.000307     0.000168    -0.125350    -0.171534
 420    9.7367     0.009564     0.005485     7.129470     4.611918
 421    9.7415     0.011495     0.003636   -16.441963   -11.088564
 422    9.7491     0.007884     0.002047    -2.963181    -0.893586
 423    9.7525     0.000363     0.001360     0.487216     4.198863
 424    9.7654     0.004122     0.004980    10.204605    11.223848
 425    9.7667     0.000145     0.000068     0.215637     0.484943
 426    9.7730     0.006952     0.000347     1.228808     0.034412
 427    9.7770     0.009180     0.004307     4.064604     2.812386
 428    9.7850     0.002766     0.004097     3.281543    -3.466548
 429    9.7881     0.001852     0.001846    -2.181533    -4.094968
 430    9.7975     0.000362     0.003465     2.321655     7.110223
 431    9.8015     0.014983     0.009783    14.958538    -3.332302
 432    9.8059     0.002133     0.001106    -4.187984    -3.008525
 433    9.8122     0.007384     0.003336   -13.888695   -18.121933
 434    9.8160     0.002874     0.001100     5.780178     2.559082
 435    9.8215     0.003508     0.004697     6.849971     0.492580
 436    9.8262     0.005802     0.003014    -9.524512     0.865363
 437    9.8277     0.006637     0.005469   -11.984381   -17.752629
 438    9.8310     0.001153     0.000246     1.521635     0.312059
 439    9.8338     0.001298     0.000361    -8.152441    -2.900757
 440    9.8404     0.011221     0.006246    -4.946514    -3.603000
 441    9.8473     0.000257     0.000468     1.077294     1.420406
 442    9.8500     0.007371     0.004073    10.947678     3.537311
 443    9.8547     0.008770     0.009661    12.451078    17.086665
 444    9.8666     0.005508     0.001201     1.871588     2.076919
 445    9.8686     0.008114     0.004278    -3.613592    -4.055857
 446    9.8713     0.002043     0.001338     7.922249     3.761252
 447    9.8771     0.000732     0.000636     3.836782     0.316686
 448    9.8820     0.001926     0.000386   -13.716907    -2.448105
 449    9.8903     0.032423     0.014227   -10.347412    -7.031769
 450    9.8926     0.001079     0.003184     0.451444     0.787500
 451    9.8950     0.014588     0.005920    20.123970     2.534853
 452    9.8990     0.007503     0.003257     0.317877    -4.202204
 453    9.9045     0.014021     0.006455     2.210746     0.720731
 454    9.9111     0.021986     0.007539    -4.665700    -5.034440
 455    9.9142     0.005664     0.005332     7.131752     4.246874
 456    9.9164     0.001522     0.002124    -0.223720     2.407104
 457    9.9301     0.008594     0.004718   -24.745844   -18.473332
 458    9.9349     0.001993     0.001011    -3.805542    -1.537246
 459    9.9367     0.006289     0.005745     5.933565     3.376160
 460    9.9418     0.004904     0.001909     3.057531     3.586312
 461    9.9444     0.000856     0.001371     1.172029     1.695731
 462    9.9445     0.006925     0.002360    -8.137686    -7.299531
 463    9.9506     0.007109     0.008591   -15.898207    -4.928238
 464    9.9564     0.004309     0.003439     5.998703     9.325937
 465    9.9586     0.003213     0.004727    17.959183    24.652450
 466    9.9612     0.000430     0.002378    -0.693301     7.053935
 467    9.9663     0.008101     0.004097   -15.797346   -10.517160
 468    9.9694     0.007216     0.002366    -9.052699    -8.927455
 469    9.9734     0.005585     0.006230   -13.041157    -9.815404
 470    9.9832     0.010971     0.006242     4.498243     8.259713
 471    9.9882     0.014083     0.010475    -2.208634    -2.830933
 472    9.9950     0.018543     0.020075    -9.848830    -7.120501
