$coord
         14.166570933942          5.158870841857          4.689341773199     c 
         11.554564466136          5.239454529942          4.736994737032     c 
         10.152601410690          3.762473113611          3.095345151790     c 
         11.346187177965          2.183719990940          1.364009778238     c 
         13.998172954103          2.082289238827          1.359786537796     c 
         15.386133385727          3.567385168406          3.004274039508     c 
         15.317135756225          0.520494679132         -0.227504823620     o 
         13.958880456504         -0.960545750456         -1.858329459153     c 
         15.305410429324         -2.531734119617         -3.456707211581     c 
         14.044465090469         -4.052468446520         -5.176450431189     c 
         11.434981986449         -3.976175528543         -5.305737215227     c 
         10.074120906882         -2.409749956542         -3.713367834296     c 
         11.307644384889         -0.900830022632         -1.947713904326     c 
          9.999126018414          0.681970535026         -0.314081668116     n 
          7.320901608110          0.746929133463         -0.353420164626     c 
          6.083522403101          2.857592969466         -1.294949250955     c 
          3.457350982714          3.070326918632         -1.390970805909     c 
          2.014720458890          1.069992411102         -0.501305113763     c 
          3.295627961914         -1.086308927117          0.461622789748     c 
          1.585830590120         -2.953188449117          1.300580662427     c 
          2.524457124694         -5.166738572597          2.305870717912     c 
          5.153674115974         -5.447890118945          2.453618416849     c 
          6.823000712211         -3.622600569937          1.632486364316     c 
          5.914107509761         -1.344559246195          0.583034239868     c 
         -0.913017421638         -1.941319052844          0.846055393236     c 
         -3.141220218755         -2.878121403984          1.269032275534     n 
         -5.219670068982         -1.541282960103          0.679398930431     c 
         -7.633644733358         -2.474803876647          1.118619214482     c 
         -9.788226992961         -1.096291692326          0.524082260053     c 
        -12.275370207747         -2.150055398837          1.155239024880     c 
        -12.875083530424         -4.651076095112          0.576407562670     c 
        -15.237670568206         -5.565089013370          1.224596686031     c 
        -16.978846045022         -4.199639979438          2.386881570773     n 
        -16.406333813132         -1.835557156657          2.963747522867     c 
        -14.107979605616         -0.722654575860          2.403143238916     c 
         -9.525789764983          1.306779880371         -0.590073632164     c 
        -11.738830617432          2.778857322317         -1.403178706131     c 
        -13.646539292134          1.698853649580         -2.865077086926     c 
        -15.665509580242          3.190623941438         -3.598705356972     c 
        -15.895151112549          5.604149895017         -2.991702932735     n 
        -14.078747722613          6.637839273945         -1.622317153314     c 
        -11.971137255893          5.330187187966         -0.790803195899     c 
         -7.138891877386          2.283585059249         -1.032528085136     c 
         -4.943508748029          0.944685648708         -0.428815494676     c 
         -2.649928184307          1.879113506725         -0.852351377008     n 
         -0.618671450141          0.553535607301         -0.268406226216     c 
         15.261236023552          6.313463708173          5.962586060321     h 
         10.588064160905          6.453228973782          6.059593849884     h 
          8.116157545460          3.818815780403          3.153230833356     h 
         17.418693189506          3.443362416769          2.938375936877     h 
         17.338713003595         -2.530572889778         -3.327454187899     h 
         15.106624442070         -5.275374800791         -6.412942792699     h 
         10.438573466068         -5.135585479559         -6.654542446960     h 
          8.040877169792         -2.346273090024         -3.834401111123     h 
          7.223627471732          4.404721562123         -1.989460469727     h 
          2.588839622885          4.750593620254         -2.149302012098     h 
          1.285968402151         -6.645004039725          2.967209560301     h 
          5.900318260175         -7.174465579834          3.247583156156     h 
          8.833275141228         -3.940394384368          1.792845134941     h 
         -7.802014099940         -4.306261564320          2.000890344074     h 
        -11.530836928114         -5.837253568097         -0.397692221208     h 
        -15.773834566009         -7.491023732816          0.790244441886     h 
        -17.871445393148         -0.783637240289          3.928099448502     h 
        -13.732136553594          1.206941740344          2.946486596812     h 
        -13.540601299209         -0.257481221798         -3.431974460276     h 
        -17.182195392253          2.417642087974         -4.732108550110     h 
        -14.333259797658          8.616686753072         -1.170375079731     h 
        -10.549497367966          6.254316090321          0.343965288931     h 
         -6.925520339808          4.107902019677         -1.919548759316     h 
$end
