           2           1  0.995604265486220     
           3           1  2.643518037118733E-003
           3           2  0.996195173961074     
           4           1  3.346872312349629E-003
           4           2   1.00779815846834     
           4           3  3.409944470709431E-003
           5           1  2.626760373819189E-003
           5           2  0.989871951796399     
           5           3  2.555825467160894E-003
           6           1  9.198950087129574E-003
           6           2  3.696014717931291E-003
           6           3  9.238077515376275E-003
           6           4  7.798946428804446E-003
           6           5   1.36674234005926     
           7           2  1.109761705002138E-002
           7           5  4.910020151820052E-003
           7           6   1.47238038195561     
           8           1  2.593988770438369E-003
           8           3  2.493148900584656E-003
           8           5  7.806683068691578E-002
           8           6  4.173437991840955E-003
           8           7   1.35596576416610     
           9           2  1.174964761947586E-002
           9           5  4.628276896221348E-003
           9           6  8.375724129791219E-002
           9           7  6.251452685762440E-003
           9           8   1.26584875923158     
          10           1  1.123068106479031E-002
          10           2  4.509332580325013E-003
          10           3  1.089976234994032E-002
          10           4  6.408669769805926E-003
          10           5   1.44490289846518     
          10           6  2.644443137734531E-003
          10           7  0.103028498534987     
          10           8  3.562824607747944E-003
          10           9   1.36549265359195     
          11           5  1.950825519496246E-002
          11           7  7.101452832564872E-003
          11           8  6.149779701337622E-003
          11           9   1.12802207574408     
          11          10  5.203796961201805E-003
          12           6  1.011857590717306E-002
          12           8  2.074600313492100E-002
          12           9  5.285928759359118E-003
          12          10  1.882186860092110E-002
          12          11   1.37752807904603     
          13           5  2.869770824273410E-003
          13           8  3.271826580784400E-003
          13           9  1.973941068592696E-002
          13          11  4.606330745534423E-003
          13          12   1.43093571563509     
          14          11  1.124236834882825E-002
          14          12  3.755637556334549E-003
          14          13  0.989539333141163     
          15          12  1.037629633510796E-002
          15          13  2.603751908346879E-003
          15          14  0.995866459856890     
          16          12  7.662654281862939E-003
          16          14   1.00802355376473     
          16          15  3.372729429777605E-003
          17          12  1.033771735740837E-002
          17          13  2.624689301084149E-003
          17          14  0.995976382805735     
          17          15  2.652405617503754E-003
          17          16  3.394174400176778E-003
          18           6  8.062417708439297E-003
          18           8  1.035019295145648E-002
          18          10  9.518102686649129E-003
          18          11  8.238797537141890E-002
          18          12  2.643863825268707E-003
          18          13   1.38072717055133     
          18          14  4.460232620415710E-003
          18          15  9.726907488351658E-003
          18          16  6.681330044444914E-003
          18          17  9.539250241993891E-003
          19           7  3.160012351106490E-003
          19           8  1.577205575678179E-002
          19           9  7.055995200866222E-003
          19          11  6.286770624375157E-003
          19          12  0.105250067690198     
          19          13  4.902305683258768E-003
          19          14  1.161872065847029E-002
          19          18   1.45838582039576     
          20           5  3.230911605743500E-003
          20           6  1.012543518269000E-002
          20           7  1.549423768336289E-002
          20           8  1.962335009595640E-002
          20           9  6.251079856683275E-003
          20          10  1.977555892492210E-002
          20          11   1.25738408017173     
          20          12  3.581643241325047E-003
          20          13  7.823956155509754E-002
          20          15  2.561932205223542E-003
          20          17  2.518828699229730E-003
          20          18  4.239317377458258E-003
          20          19   1.36524221945006     
          21           5  1.727226820765949E-002
          21           6  1.934469515558665E-002
          21           7  2.655131236404243E-002
          21           8   1.09687610100584     
          21           9  3.688646089987346E-002
          21          10  6.900962727994064E-003
          21          11  3.608939234201558E-002
          21          12  6.814212083090440E-003
          21          13  1.723957096076897E-002
          21          18  1.934105804699513E-002
          21          19  2.729526197803391E-002
          21          20   1.09720252092610     
          22           7  2.789350370734373E-003
          22           8  9.531776768796036E-003
          22           9  9.419407708302850E-003
          22          11  9.456594779758324E-003
          22          19  2.819943746511518E-003
          22          20  9.705329796868355E-003
          22          21   1.03750833054242     
          23           7  3.828660121649986E-003
          23           8  7.799376385299680E-003
          23           9  2.934087428676142E-003
          23          11  3.131327193858661E-003
          23          20  1.352640109939060E-002
          23          21  1.629996411959823E-002
          23          22   1.35234919742007     
          24          21  1.218257656796308E-002
          24          22  4.208444796357210E-003
          24          23   1.48648593170434     
          25           8  2.651998156465171E-003
          25          20  2.648780969734795E-003
          25          21  8.804039603568070E-003
          25          22  8.982382678147224E-002
          25          23  3.455963578120608E-003
          25          24   1.34987654176257     
          26          21  3.629342546238108E-003
          26          22  7.229787869805113E-003
          26          23  1.308630465393637E-002
          26          24  1.102644526234261E-002
          26          25   1.05705980836086     
          27          21  4.238635580188544E-003
          27          22  2.161953114892506E-002
          27          24  3.498618644072755E-002
          27          25  4.572329261714801E-002
          27          26   1.76643140077735     
          28          24  9.011182649385793E-003
          28          25  1.218356742776830E-002
          28          26  0.921922774591501     
          28          27  5.023385838257304E-002
          29          25  1.033277331042192E-002
          29          26  5.017678980606763E-002
          29          27  3.084815111269456E-002
          29          28   1.76796794671740     
          30          25  4.212304408834004E-003
          30          26  1.218738472851731E-002
          30          27  1.051557197807467E-002
          30          28   1.05560536410115     
          30          29  4.588978420348089E-002
          31          26  9.071158206413349E-003
          31          28  1.114800448144199E-002
          31          29  3.468651949053079E-002
          31          30   1.35104676889162     
          32          28  1.307504477842731E-002
          32          30  3.510109964895966E-003
          32          31   1.48515184309349     
          33          28  7.157298540894272E-003
          33          29  2.124988570081647E-002
          33          30  9.002198572436558E-002
          33          31  4.225367206539677E-003
          33          32   1.35370534244899     
          34          28  3.550868673600718E-003
          34          29  4.087795453786979E-003
          34          30  8.864993591158469E-003
          34          31  1.231340061736667E-002
          34          32  1.620462043617057E-002
          34          33   1.03743994200007     
          35          30  2.590693735573617E-003
          35          32  7.656199545498122E-003
          35          33  9.579204964952164E-003
          35          34   1.09750773207902     
          36          32  3.933889237779471E-003
          36          33  2.838583642281804E-003
          36          34  2.723881674868804E-002
          36          35   1.36510150726461     
          37          34  1.934023255615892E-002
          37          35  4.231405117390368E-003
          37          36   1.45853296323269     
          38          34  1.722322158983627E-002
          38          35  7.824886576621198E-002
          38          36  4.887289162835580E-003
          38          37   1.38059713139075     
          39          36  1.161562341374080E-002
          39          37  4.457908082693351E-003
          39          38  0.989553711180727     
          40          35  2.558820243723508E-003
          40          37  9.706707656904283E-003
          40          38  2.587751323133395E-003
          40          39  0.995960076325802     
          41          35  2.523903916263026E-003
          41          37  9.554263777867408E-003
          41          38  2.645529765926993E-003
          41          39  0.995882694821487     
          41          40  2.649952893371219E-003
          42          37  6.681993108484773E-003
          42          39   1.00800881540296     
          42          40  3.375028871846974E-003
          42          41  3.394187449219329E-003
          43          34  6.823358041405812E-003
          43          35  3.576004171334020E-003
          43          36  0.105253279954201     
          43          37  2.646014132147626E-003
          43          38   1.43107200377818     
          43          39  3.757282414821564E-003
          43          40  1.039329061600483E-002
          43          41  1.035670640641627E-002
          43          42  7.662236764174544E-003
          44          32  2.884043373011004E-003
          44          33  9.415216420930222E-003
          44          34  3.610470249666953E-002
          44          35   1.25761573745383     
          44          36  6.272840954252305E-003
          44          37  8.236818422144040E-002
          44          38  4.602770010281383E-003
          44          39  1.124558383859062E-002
          44          43   1.37734344479889     
          45          32  3.214225297302939E-003
          45          33  9.446141361459943E-003
          45          34  3.690695049321017E-002
          45          35  6.262381228203199E-003
          45          36  7.061455562727995E-003
          45          38  1.973420904366424E-002
          45          43  5.302698332321512E-003
          45          44   1.12803438313142     
          46          34  6.889327425656124E-003
          46          35  1.978979497985931E-002
          46          37  9.521931854860012E-003
          46          43  1.881908451985815E-002
          46          44  5.202129457520596E-003
          46          45   1.36558771619255     
          47          34  1.730499634411390E-002
          47          35  3.234196400782338E-003
          47          38  2.870279704293060E-003
          47          44  1.951235585843848E-002
          47          45  4.639810852259377E-003
          47          46   1.44482813950511     
          48          45  1.175025625908548E-002
          48          46  4.506806162697502E-003
          48          47  0.989825211849163     
          49          46  6.406201399794234E-003
          49          48   1.00780107906315     
          50          46  1.119414532767038E-002
          50          47  2.601612889782253E-003
          50          48  0.995737263163885     
          50          49  3.357272147068260E-003
          51          46  1.092283087954761E-002
          51          47  2.577439251497092E-003
          51          48  0.996085715315357     
          51          49  3.398865262758917E-003
          51          50  2.642714749870196E-003
          52          34  1.933906152118631E-002
          52          35  1.013826191657847E-002
          52          37  8.064153909893700E-003
          52          43  1.011898722135022E-002
          52          45  8.379708119934079E-002
          52          46  2.644009828246444E-003
          52          47   1.36684800128574     
          52          48  3.700918876810648E-003
          52          49  7.798536845011555E-003
          52          50  9.203856423913822E-003
          52          51  9.206754920799594E-003
          53          33  2.764111313731051E-003
          53          34  2.661681401750926E-002
          53          35  1.551456064768410E-002
          53          36  3.159181209310187E-003
          53          44  7.098129362766540E-003
          53          45  6.270173351727380E-003
          53          46  0.103010380360265     
          53          47  4.924947156716514E-003
          53          48  1.110060690902552E-002
          53          52   1.47223680630001     
          54          30  2.724124107244580E-003
          54          32  1.370907383524976E-002
          54          33  9.627562411086159E-003
          54          34   1.09659141259958     
          54          35  1.962824743465477E-002
          54          36  1.574791471099505E-002
          54          37  1.034058810807891E-002
          54          38  3.268468458719951E-003
          54          43  2.073547908884738E-002
          54          44  6.133677851316471E-003
          54          45   1.26563067915055     
          54          46  3.567512843800668E-003
          54          47  7.806904877159250E-002
          54          50  2.572959385772922E-003
          54          51  2.511081830106507E-003
          54          52  4.177243723682870E-003
          54          53   1.35612735702798     
          55          28  1.310352633508146E-002
          55          29  3.260259066601420E-003
          55          30  3.389057692503660E-003
          55          31  9.450906494741822E-002
          55          32  4.709169192665990E-003
          55          33   1.35708144300719     
          55          34  1.666518237161607E-002
          55          35  1.351316592752139E-002
          55          44  3.183177516951921E-003
          55          45  2.957467979350070E-003
          55          53  3.917281269013789E-003
          55          54  7.933750632394848E-003
          56          27  2.675899956261647E-003
          56          28  1.136232598649358E-002
          56          29  4.157484150902108E-002
          56          30   1.35770636409172     
          56          31  3.557536194056338E-003
          56          32  9.416660759097722E-002
          56          33  4.170185065604320E-003
          56          34  1.214621054203666E-002
          56          55   1.48026710129097     
          57          21  1.234958352684420E-002
          57          22  4.259310039887111E-003
          57          23  9.380026804313607E-002
          57          24  3.602541085272459E-003
          57          25   1.35775705925388     
          57          26  1.140393282681577E-002
          57          27  4.218104427418283E-002
          57          29  2.949305667504996E-003
          58           8  1.369551058467048E-002
          58           9  3.252832550505855E-003
          58          11  2.889719507741586E-003
          58          19  3.996869265001608E-003
          58          20  7.769464629299023E-003
          58          21  1.647435469070397E-002
          58          22   1.35799620433131     
          58          23  4.699790166589968E-003
          58          24  9.446443836363590E-002
          58          25  3.419595152686850E-003
          58          26  1.315561191552259E-002
          58          27  3.290944440512756E-003
          58          57   1.47982293291006     
          59           1  0.980359547433198     
          59           5  8.652834153182257E-003
          60           1  0.978303675249066     
          60           4  9.535058874768253E-003
          61           1  0.980098493076510     
          61           3  9.711493705337543E-003
          62           3  0.980298008153629     
          62           5  8.657862684643308E-003
          63           1  9.719921358501240E-003
          63           3  0.980154561918724     
          64           3  0.978125695369778     
          64           4  9.529194821332529E-003
          65           4  0.978707576805217     
          65           5  9.099826357222137E-003
          66           1  9.619529199668691E-003
          66           4  0.980409880062622     
          67           3  9.623762506375734E-003
          67           4  0.980128398624031     
          68           6  0.967897074381296     
          68           8  1.040167838210310E-002
          68          10  9.310553050135985E-003
          69           5  1.061849988607941E-002
          69           7  0.966648674577914     
          69           9  1.090042176334058E-002
          70           6  1.011010753268139E-002
          70           8  1.080801357613791E-002
          70          10  0.964431710281123     
          71          12  0.963691541283310     
          71          18  9.781139912948178E-003
          71          20  1.101310288120978E-002
          72          15  0.978369573842624     
          72          16  9.513579969250631E-003
          73          15  0.980119331407234     
          73          17  9.708829432862633E-003
          74          13  8.651150752359756E-003
          74          15  0.980388812295934     
          75          15  9.655954613727093E-003
          75          16  0.980218904962911     
          76          13  9.125789514936113E-003
          76          16  0.978503102834475     
          77          16  0.980076953775944     
          77          17  9.664836905413164E-003
          78          16  9.509587713885319E-003
          78          17  0.978376137632388     
          79          15  9.716293268015786E-003
          79          17  0.980112932705763     
          80          13  8.644369460501318E-003
          80          17  0.980374036586581     
          81          12  9.628033344517907E-003
          81          18  0.968659769504671     
          81          20  1.021998030862265E-002
          82          11  1.101985091470392E-002
          82          13  1.039489385862471E-002
          82          19  0.966896848464022     
          83          23  0.968173042012823     
          83          25  1.114083685865064E-002
          83          58  9.225913868703558E-003
          84          22  1.100698053961387E-002
          84          24  0.966928531696611     
          84          27  1.281655315005792E-002
          84          57  9.478362909377721E-003
          85          29  1.207257717327628E-002
          85          31  0.967016057734097     
          85          33  1.100459109303385E-002
          85          56  9.500120823831462E-003
          86          30  1.110262428684968E-002
          86          32  0.968088226674226     
          86          55  9.263295648047374E-003
          87          36  0.966947054375043     
          87          38  1.039886921941367E-002
          87          44  1.101685467258680E-002
          88          35  1.022355620345303E-002
          88          37  0.968651189465595     
          88          43  9.628974234688083E-003
          89          40  0.980115875030301     
          89          41  9.722813888602241E-003
          90          40  0.978325497096027     
          90          42  9.522361187020083E-003
          91          38  8.663758422220048E-003
          91          40  0.980397514639463     
          92          41  0.978393054843010     
          92          42  9.509726828569770E-003
          93          38  8.629828515870698E-003
          93          41  0.980374276787569     
          94          40  9.707372081653152E-003
          94          41  0.980115565667212     
          95          38  9.127861902684600E-003
          95          42  0.978509960301309     
          96          41  9.662384662945236E-003
          96          42  0.980022676162576     
          97          40  9.646210426182144E-003
          97          42  0.980260710463449     
          98          35  1.101295843867289E-002
          98          37  9.785276743531511E-003
          98          43  0.963673036525552     
          99          46  0.964428298685945     
          99          52  1.010690324698241E-002
          99          54  1.080808735247942E-002
         100          47  9.100004346380556E-003
         100          49  0.978694637286247     
         101          49  0.980158193953405     
         101          51  9.626366186738776E-003
         102          49  0.980379262022222     
         102          50  9.618690351803946E-003
         103          50  0.980099705740952     
         103          51  9.714139005842327E-003
         104          47  8.661034554110127E-003
         104          50  0.980352497446635     
         105          49  9.534508321384567E-003
         105          50  0.978253113826872     
         106          47  8.651957287199330E-003
         106          51  0.980305257194218     
         107          50  9.717911488079016E-003
         107          51  0.980147508829860     
         108          49  9.529204025521749E-003
         108          51  0.978188039205199     
         109          46  9.313644778235380E-003
         109          52  0.967918511847202     
         109          54  1.039892011188108E-002
         110          45  1.090462150172988E-002
         110          47  1.061445420413185E-002
         110          53  0.966567827777033     
         111          30  1.096872703350616E-002
         111          32  9.240964643258917E-003
         111          55  0.968594666275710     
         112          27  2.495804907107746E-003
         112          31  9.790679885921100E-003
         112          33  1.081064875098368E-002
         112          56  0.966490450181601     
         113          22  1.080847677265363E-002
         113          24  9.828994448899925E-003
         113          29  3.680552378603887E-003
         113          57  0.966496826195137     
         114          23  9.305885986958423E-003
         114          25  1.095759665528122E-002
         114          58  0.968554922825039     
