 NM
 VELO
 MMASS
   682.865999999998     
 LFAKTOR
  0.5
 RFAKTOR
  1.0
 WIDTH
  0.20
 SHIFT
  0.00
 DATXY
   1    2.5297     0.000099     0.000363    12.421873   -15.539038
   2    3.1320     0.316277     0.070781   -76.388789   -31.615719
   3    3.2313     0.343031     0.032820    30.857748     9.038742
   4    3.3747     0.105740     0.023200   -47.168584   -23.156743
   5    3.6107     0.007001     0.020746    23.691104    49.437631
   6    3.6590     0.005738     0.001451     3.458730     6.158490
   7    3.7050     0.000870     0.000381    -0.792949    -0.852688
   8    3.8049     0.151057     0.038154     2.619411     0.114878
   9    4.1333     0.152440     0.028487   -38.261155   -52.043811
  10    4.1444     0.016526     0.026070    34.011083    52.911458
  11    4.4967     0.721104     0.228466    -9.123782    -0.362432
  12    4.5369     0.000391     0.001264    -4.314797     3.104646
  13    4.5802     0.079258     0.019632    14.032391     5.568070
  14    4.6979     0.011990     0.000178   -18.057448     2.499333
  15    4.7301     0.029052     0.005358    -8.996667    -4.190590
  16    4.8621     0.017406     0.004989     4.358633     2.730104
  17    4.9484     0.319285     0.069830    32.416912    19.077151
  18    4.9847     0.021410     0.008009    -8.412984    -9.078566
  19    5.0130     0.002393     0.000402    -1.417242    -0.649700
  20    5.0824     0.613979     0.168167    60.712800    60.310659
  21    5.1020     0.117292     0.032081    24.717666    22.269460
  22    5.1111     0.025573     0.005269   -11.236237    -8.210793
  23    5.1413     0.023656     0.006333     2.296693     2.079964
  24    5.3289     0.476423     0.110446   152.963085   208.373701
  25    5.3567     0.014850     0.031091   -44.506473  -106.429407
  26    5.4360     0.237702     0.053919    33.016221    12.020463
  27    5.4483     0.054840     0.013496   -26.470113   -14.356082
  28    5.4903     1.439648     0.287755   234.618587    81.406974
  29    5.5604     0.446407     0.084647   -25.312502   -35.146706
  30    5.5840     0.091011     0.019966   -16.447002   -15.187042
  31    5.6587     0.280798     0.064163    -4.668709    -3.542056
  32    5.7442     0.030656     0.006154    32.137369    19.734487
  33    5.7745     0.014828     0.003024   -17.524617    -1.704849
  34    5.7927     0.005095     0.005954     7.582584    13.402695
  35    5.7965     0.013887     0.004369    74.158617    50.515764
  36    5.8370     0.022519     0.007564    -0.690617    14.839719
  37    5.8893     0.017827     0.003587     2.579655     0.740108
  38    5.9286     0.080655     0.041516    49.273669   -66.827689
  39    5.9583     0.020312     0.007372     1.496206     3.654466
  40    5.9822     0.023942     0.006031   -26.099497    -0.661056
  41    6.0292     0.084678     0.037044   -21.921835   -21.849097
  42    6.0624     0.061941     0.020621    17.824200     2.041775
  43    6.1198     0.012425     0.003308    23.347926    29.314992
  44    6.1444     0.145565     0.034893   -65.449940   -25.702782
  45    6.1817     0.173463     0.047627    61.526783    -5.748423
  46    6.2087     0.016588     0.006255   -40.462792   -22.364443
  47    6.2271     0.075795     0.016295    -7.369709    -5.046482
  48    6.2372     0.034630     0.011010    34.103528    16.907384
  49    6.2751     0.010346     0.006631   -21.351794   -27.902164
  50    6.2884     0.038119     0.015373    32.170418    65.898397
  51    6.3120     0.108793     0.060441   156.186597   164.392496
  52    6.3303     0.006235     0.038150   -22.798069   -60.046118
  53    6.3424     0.008571     0.000148    22.177384     3.562058
  54    6.3761     0.187900     0.061371  -119.196223   -78.836360
  55    6.3823     0.013530     0.000713    31.944109     4.338296
  56    6.4212     0.005174     0.002886    15.631432    12.732839
  57    6.4272     0.075163     0.011150   -75.442220   -32.311765
  58    6.4768     0.018948     0.006224   -33.132790   -34.220489
  59    6.4976     0.008748     0.006003     4.636543    -5.232495
  60    6.5307     0.062384     0.016064    68.836408    18.277723
  61    6.5479     0.000430     0.004043     0.058507     1.751501
  62    6.5675     0.011928     0.003980    -7.232354    -7.659716
  63    6.5830     0.056412     0.019293   -52.154605   -44.128732
  64    6.5936     0.054916     0.017944    25.337705    41.575385
  65    6.6002     0.022372     0.016181     2.792142     4.986531
  66    6.6294     0.042392     0.017277   -31.069081   -32.595412
  67    6.6428     0.018835     0.016493    20.476516    28.054890
  68    6.6655     0.025766     0.007685   -22.829620   -25.990928
  69    6.7106     0.020413     0.004344   -28.974203     3.181286
  70    6.7372     0.284851     0.101333    29.768154    90.782732
  71    6.7529     0.192556     0.061665    34.168056    21.367671
  72    6.7761     0.055596     0.044263    22.335208     4.337325
  73    6.8044     0.066417     0.017688    20.626186    56.658717
  74    6.8206     0.016942     0.011027    18.751747   -56.984304
  75    6.8300     0.013671     0.008820   -11.779120    -9.420877
  76    6.8461     0.018963     0.008548     8.016218     0.791250
  77    6.8592     0.005539     0.022543    13.108704   -41.551655
  78    6.8625     0.035672     0.006795   -66.239408   -35.337171
  79    6.8742     0.001491     0.001330     7.861370     8.087616
  80    6.8816     0.067911     0.044478   -14.381317    -9.849879
  81    6.8867     0.066975     0.025245   110.547263   100.258058
  82    6.9255     0.233026     0.081634    78.879460    15.098850
  83    6.9458     0.015796     0.004592    17.610585    19.395132
  84    6.9624     0.028604     0.009061   -64.805710    -8.373273
  85    6.9858     0.161464     0.042193    76.949408    65.690560
  86    6.9932     0.017674     0.007024     1.127769    -7.176813
  87    7.0094     0.096756     0.038663   155.843758   114.829325
  88    7.0206     0.085192     0.084266  -279.115338  -148.383189
  89    7.0236     0.065668     0.045187    39.755649   -64.299481
  90    7.0434     0.019369     0.011128     0.231577     7.232025
  91    7.0504     0.019985     0.016558    28.849862    18.954777
  92    7.0626     0.197454     0.072135     2.228771     6.873909
  93    7.0858     0.087893     0.022964    63.203497    46.322959
  94    7.0986     0.040897     0.007764     2.355251    -9.029652
  95    7.1254     0.114298     0.030413    29.741434     5.912389
  96    7.1273     0.154059     0.046627     2.579476     2.790494
  97    7.1401     0.064825     0.031111    21.848900   -35.397492
  98    7.1629     0.246636     0.101050   -50.516713   -26.175685
  99    7.1750     0.022041     0.013463    33.020081    55.613978
 100    7.1843     0.025798     0.010464   -20.102630   -16.407954
 101    7.2091     0.201646     0.070152    12.426530    -3.043272
 102    7.2180     0.281746     0.093122    76.029469    -6.399233
 103    7.2255     0.635906     0.190711  -165.624523   -95.234292
 104    7.2594     0.088412     0.027413   -16.605802   -30.740230
 105    7.2630     0.066572     0.042496   -56.600307   -63.490453
 106    7.2742     0.005241     0.007424    18.910361    15.170103
 107    7.2979     0.065471     0.026752    36.024486    18.768728
 108    7.3104     0.001367     0.002646     8.238097     3.171065
 109    7.3105     0.012290     0.009759   -23.146179   -23.620584
 110    7.3252     0.043443     0.026055    71.028909    59.453830
 111    7.3312     0.052724     0.011424    16.105951    17.978105
 112    7.3574     0.029712     0.007800   -37.825205    14.355009
 113    7.3711     0.043386     0.042822   -73.910362  -107.478281
 114    7.3897     0.145357     0.039457     9.261092    20.356532
 115    7.4047     0.091040     0.029564   -54.015981   -21.886534
 116    7.4080     0.053671     0.023284   -15.479216    -9.263266
 117    7.4147     0.029022     0.015598    57.804604    40.782767
 118    7.4225     0.068639     0.014487    61.407155    45.058957
 119    7.4429     0.055150     0.017345    48.311299    42.442122
 120    7.4529     0.012747     0.005963     3.536172     7.123940
 121    7.4561     0.070783     0.018753    70.329930    41.775235
 122    7.4829     0.042409     0.006471    82.452268    23.388086
 123    7.4939     0.073090     0.010060  -105.694982   -69.293879
 124    7.5081     0.141151     0.043892   -21.369994     1.548673
 125    7.5135     0.023219     0.002602    93.257851    51.216209
 126    7.5245     0.290250     0.079974  -394.301549  -264.853724
 127    7.5330     0.012007     0.002222   -12.028167     3.579120
 128    7.5384     0.233600     0.060809   147.346904    46.194859
 129    7.5566     0.010844     0.001867   -20.435636    -6.257816
 130    7.5660     0.166607     0.047294  -238.059043  -173.356685
 131    7.5696     0.012999     0.002006     0.094125     3.952446
 132    7.5839     0.209093     0.068078   -44.348873   -13.979167
 133    7.5997     0.047741     0.020285    11.717677     2.895603
 134    7.6131     0.083114     0.028010   183.253997   127.842622
 135    7.6187     0.160197     0.047143    95.804051    75.483675
 136    7.6251     0.353715     0.101072  -138.387363  -108.411359
 137    7.6478     0.310273     0.058966    66.337851   -37.487167
 138    7.6642     0.003271     0.010286   -14.178373     7.918926
 139    7.6703     0.305298     0.102631  -246.108113  -188.302863
 140    7.6752     0.088461     0.015185   -21.439664    -8.593153
 141    7.7053     0.202224     0.073208    37.760537    47.098809
 142    7.7120     0.047728     0.022879   -64.096484   -60.469557
 143    7.7277     0.065041     0.026011    42.728302    40.196165
 144    7.7341     0.018229     0.000323     2.754460     6.265689
 145    7.7389     0.024529     0.007418     2.923111    -1.042004
 146    7.7578     0.047359     0.010557   -52.096447   -23.081255
 147    7.7600     0.002196     0.000472    -9.487520     1.311860
 148    7.7630     0.095022     0.024733   -56.439833   -13.435287
 149    7.7788     0.028756     0.004813    67.898329    33.747891
 150    7.7881     0.088034     0.040031   -44.104292   -36.203873
 151    7.8064     0.002997     0.001954     1.331811     4.362659
 152    7.8168     0.024455     0.003747   -22.945970     5.361134
 153    7.8214     0.005463     0.003476    28.066075    27.408163
 154    7.8390     0.007907     0.064083   -25.964749    54.993720
 155    7.8513     0.174750     0.044413   132.796718    74.360080
 156    7.8644     0.046529     0.020139    -1.465942    -1.311892
 157    7.8745     0.196173     0.075498   -36.882802    18.477705
 158    7.8862     0.164600     0.026682   -94.447282   -50.276907
 159    7.8942     0.014076     0.001310   -82.249168   -41.131431
 160    7.8996     0.096272     0.024975   116.134915    56.939875
 161    7.9051     0.064725     0.035267    73.433759    60.399067
 162    7.9293     0.028439     0.024367    10.752642    41.616023
 163    7.9311     0.222505     0.088639   190.731445    77.787127
 164    7.9409     0.004984     0.003201   -13.550320   -16.893847
 165    7.9459     0.009604     0.007196    10.404376    56.301919
 166    7.9556     0.014289     0.024124   -37.405870    -9.596870
 167    7.9581     0.121467     0.087420  -581.973489    66.329799
 168    7.9768     0.026194     0.049648   171.737658  -234.459156
 169    7.9772     0.054619     0.012330   -20.703260   -11.537665
 170    7.9899     0.023017     0.045338    89.805705    65.888635
 171    8.0210     0.033574     0.010249    -6.074520   -10.959723
 172    8.0341     0.010739     0.004763    10.708893     5.085101
 173    8.0430     0.022370     0.019248    14.069377   -22.606247
 174    8.0484     0.002596     0.007016     9.221972     0.515224
 175    8.0514     0.010995     0.007584    -1.438990   -10.227578
 176    8.0620     0.009462     0.021421     7.710919    -2.579578
 177    8.0760     0.051283     0.038421   -70.848422   -40.870306
 178    8.0965     0.012043     0.007925    -8.203315    -4.388940
 179    8.1127     0.015352     0.003697    32.615299     1.847313
 180    8.1248     0.016334     0.005969    -6.318544   -17.723689
 181    8.1342     0.037235     0.010153    46.469750   -16.051924
 182    8.1432     0.010598     0.008788   -42.470977   -31.078533
 183    8.1469     0.044513     0.025279    -3.690862   -17.961797
 184    8.1603     0.055458     0.045534    -6.041138    -9.136890
 185    8.1658     0.002001     0.001501    15.952412    21.690391
 186    8.1712     0.003283     0.061532    -1.329168    35.317194
 187    8.1763     0.029633     0.019080    40.759031    47.758333
 188    8.1840     0.004931     0.014173   -12.940795   -35.722907
 189    8.1926     0.008348     0.017395    -8.090390    -3.110683
 190    8.2004     0.005969     0.000952   -19.037330   -13.177815
 191    8.2070     0.061584     0.017179   -38.757142   -22.339771
 192    8.2175     0.011006     0.006576    -2.081919    -6.523202
 193    8.2270     0.006095     0.014117     9.023782   -15.712838
 194    8.2329     0.043527     0.016386   -23.780966    -0.293913
 195    8.2355     0.021434     0.008749   -18.081499   -18.757438
 196    8.2389     0.002789     0.007497    -6.439189    -9.302321
 197    8.2482     0.022981     0.021278   -28.430304    52.266859
 198    8.2621     0.002805     0.003983     5.099851     2.317739
 199    8.2698     0.059466     0.013910    -0.999897    -8.769634
 200    8.2796     0.039207     0.017926    -6.831750   -20.746628
 201    8.2833     0.018691     0.017995    13.621454    31.502693
 202    8.2856     0.012614     0.008148    16.696927    20.579362
 203    8.2884     0.076300     0.035840     0.826916   -12.818964
 204    8.3003     0.056688     0.076843     4.252477    81.258474
 205    8.3097     0.050806     0.014225   -51.623339    78.266020
 206    8.3120     0.004607     0.001020    25.915511    -2.076525
 207    8.3206     0.033556     0.034230     7.898974     7.958972
 208    8.3243     0.002117     0.002642   -12.656835    -3.568352
 209    8.3392     0.076772     0.027818   -58.788850   -43.483447
 210    8.3439     0.031142     0.003039    21.843744     8.490398
 211    8.3457     0.022741     0.019347   -21.522718   -45.649961
 212    8.3550     0.011352     0.017588    26.709796   -14.316067
 213    8.3564     0.015603     0.001870    14.278422     0.215694
 214    8.3663     0.017712     0.003332    83.390538    44.496218
 215    8.3767     0.005917     0.008904     7.331737    18.071797
 216    8.3812     0.020843     0.007877    -1.398941    -1.421509
 217    8.3855     0.025562     0.022583    34.207940    25.229243
 218    8.3951     0.002872     0.006689     3.634514    15.994812
 219    8.4014     0.001230     0.000176     4.950992     1.883403
 220    8.4107     0.031396     0.014050   -55.593932   -59.543676
 221    8.4289     0.002216     0.003665    11.186607     3.591163
 222    8.4326     0.005241     0.003605    -6.139209   -13.243963
 223    8.4397     0.004623     0.001277    11.169945     8.325353
 224    8.4460     0.020736     0.009315     3.520903   -12.133821
 225    8.4540     0.008312     0.003558     8.463720     9.039886
 226    8.4618     0.006830     0.006377     0.226187   -12.772434
 227    8.4801     0.004756     0.001171     0.505814    -2.725144
 228    8.4859     0.003365     0.002644   -12.288571     9.383766
 229    8.4913     0.021586     0.006819   -16.132764   -12.855687
 230    8.5057     0.003307     0.004131     0.367959     0.289450
 231    8.5193     0.000715     0.000564    -3.377250    -1.646105
 232    8.5199     0.006267     0.011898    -5.812819    -6.614128
 233    8.5300     0.004387     0.004997     5.091905     5.808716
 234    8.5377     0.014727     0.008167     4.332075    13.637551
 235    8.5409     0.009173     0.009484     8.553958     3.866301
 236    8.5460     0.001441     0.003171    18.285756    26.476748
 237    8.5566     0.039350     0.016574   -36.964040   -21.472508
 238    8.5592     0.007907     0.001836   -21.884897   -15.134639
 239    8.5698     0.016085     0.002940   -15.692490    -6.269672
 240    8.5869     0.021024     0.009624   -24.127200   -15.644456
 241    8.5910     0.004916     0.000842     0.289933     1.859667
 242    8.6021     0.000243     0.001097    -1.113294     1.362976
 243    8.6051     0.002544     0.006812     8.056673     8.523396
 244    8.6092     0.005376     0.000492     7.303566     3.280294
 245    8.6128     0.007825     0.009926   -15.782684   -18.379600
 246    8.6221     0.002291     0.002189     8.197479    15.103122
 247    8.6256     0.040078     0.016165    43.462173    32.386705
 248    8.6317     0.011363     0.003228     4.180435    -4.337278
 249    8.6352     0.020550     0.009407     5.652111    -5.581797
 250    8.6419     0.002880     0.002204   -12.850290    10.347481
 251    8.6459     0.003365     0.001978     1.332726    11.205914
 252    8.6539     0.030631     0.004730   -15.501194    -6.191836
 253    8.6595     0.056547     0.014492     1.656517    -0.085432
 254    8.6802     0.012449     0.001672    15.689067     1.720614
 255    8.6911     0.003541     0.001009    -2.417525    -2.901026
 256    8.7072     0.035514     0.005964   -27.632536   -18.326722
 257    8.7082     0.006153     0.000652     7.949657     4.724798
 258    8.7107     0.017524     0.013556    -8.329887    -4.607256
 259    8.7125     0.017689     0.020224    18.114532    32.846376
 260    8.7136     0.007002     0.003868    -2.883262    -2.836632
 261    8.7204     0.003904     0.016962   -11.571161    -3.449140
 262    8.7255     0.016381     0.002670   -10.450071    -4.480450
 263    8.7309     0.013600     0.002412   -25.240779     3.615264
 264    8.7320     0.021853     0.006162     5.124774     5.356420
 265    8.7386     0.029501     0.012368   -18.963129     1.097892
 266    8.7457     0.072512     0.024490    -2.008364     6.849985
 267    8.7491     0.045645     0.018357    -5.524019   -11.005737
 268    8.7534     0.007163     0.007609    11.316215   -14.375807
 269    8.7612     0.003114     0.002040     2.168277     2.925053
 270    8.7629     0.003649     0.003798    -4.705269     4.391895
 271    8.7669     0.001608     0.003198     3.022586    12.337576
 272    8.7725     0.010311     0.000968    -1.743534    -6.797680
 273    8.7737     0.043942     0.004617   -25.286577    -7.413015
 274    8.7759     0.001290     0.001407    -3.227815    -0.004283
 275    8.7805     0.028534     0.002251     3.991972    -1.753308
 276    8.7826     0.011759     0.005480    -1.877444    -7.199605
 277    8.7889     0.001745     0.011615     3.350202    29.674788
 278    8.7934     0.013489     0.005270     7.516563     3.324167
 279    8.7968     0.008879     0.003502    -7.236429    -5.684083
 280    8.8007     0.035151     0.008677    -1.137178    -2.019935
 281    8.8134     0.009901     0.008466    18.705735     4.686004
 282    8.8164     0.001165     0.002517    -4.996398    -8.260216
 283    8.8239     0.002044     0.004895    -1.512564     0.870382
 284    8.8337     0.011933     0.011815   -40.709334   -46.576863
 285    8.8409     0.012768     0.014988    12.696290    25.809736
 286    8.8434     0.045487     0.014924    17.361099    12.324197
 287    8.8524     0.016538     0.016010    11.346637     7.519442
 288    8.8559     0.022828     0.012442     9.126122    11.903238
 289    8.8679     0.000692     0.000339     0.491818    -1.332572
 290    8.8719     0.005570     0.003112    14.683353     9.777542
 291    8.8735     0.058732     0.025042    -8.644308    -8.414364
 292    8.8770     0.064005     0.014791    14.921176     1.897491
 293    8.8818     0.048908     0.007289   -22.702782   -22.025512
 294    8.8918     0.002482     0.000476     3.903965     3.737477
 295    8.9004     0.021995     0.007166     9.469490     6.517732
 296    8.9032     0.004654     0.001923     4.395004    -3.804487
 297    8.9118     0.040253     0.015359    17.990812    11.166979
 298    8.9166     0.034352     0.013999    21.970830    21.171176
 299    8.9225     0.014566     0.016197    -8.460729    -8.018137
 300    8.9298     0.022327     0.001939    23.337734    11.791529
 301    8.9454     0.005178     0.001448    12.337542     7.067427
 302    8.9505     0.002422     0.003031    -0.874116     2.272473
 303    8.9635     0.040832     0.017195    -5.181231    -2.667959
 304    8.9738     0.015790     0.010944    -6.811995    -2.114781
 305    8.9769     0.025410     0.008089   -43.955614   -26.939224
 306    8.9866     0.026141     0.004377    -9.487601    -2.834976
 307    8.9922     0.021851     0.014476     0.341209    -8.806328
 308    8.9988     0.004247     0.000974    10.072890    -4.968152
 309    9.0108     0.025975     0.011894   -16.601447   -12.808576
 310    9.0177     0.008259     0.004872     1.592220    11.786394
 311    9.0218     0.007448     0.002876    -5.276109     1.395817
 312    9.0270     0.000460     0.000686     2.219706     8.757609
 313    9.0310     0.006258     0.003682    -5.880639    -4.009564
 314    9.0348     0.008054     0.002425    -8.020612     1.198597
 315    9.0390     0.039373     0.013406    -9.541533    -3.759802
 316    9.0458     0.010651     0.003300    21.129604    16.951975
 317    9.0549     0.017813     0.004229     5.126903     1.924147
 318    9.0601     0.004722     0.002070    -0.066854     0.539608
 319    9.0742     0.043031     0.005277    31.095648    14.799267
 320    9.0831     0.025040     0.009815    33.346559    38.773871
 321    9.0898     0.029481     0.007351     6.618458   -10.146999
 322    9.0939     0.006592     0.002683    -5.890664    -4.153281
 323    9.0955     0.023763     0.011604    -1.345857   -30.450373
 324    9.1119     0.004159     0.001950    -4.136053    -3.545250
 325    9.1145     0.021774     0.028239   -58.422315   -64.197888
 326    9.1164     0.001933     0.006225    -4.933682   -14.213671
 327    9.1231     0.003058     0.004096    -6.443009   -19.856540
 328    9.1261     0.065707     0.011658    60.806046    34.641899
 329    9.1359     0.025309     0.010912     5.132314     0.529401
 330    9.1443     0.004290     0.001197    -3.423034    -1.963685
 331    9.1495     0.004647     0.002548     2.413328     7.749183
 332    9.1503     0.003095     0.000184    -7.609683     0.739262
 333    9.1534     0.012624     0.003715    -0.452608     1.177474
 334    9.1559     0.017556     0.008360     1.429058    -2.064537
 335    9.1683     0.018930     0.007262     7.126872     6.444457
 336    9.1789     0.004334     0.001279     1.299064     0.335823
 337    9.1807     0.001598     0.001598    -5.328124    -6.347169
 338    9.1827     0.007376     0.006178    -0.170807    -6.844505
 339    9.1900     0.004684     0.001035     3.118957     5.369547
 340    9.2017     0.008221     0.013751    -7.080209   -16.400603
 341    9.2160     0.002678     0.000755     6.436119     4.982621
 342    9.2214     0.009911     0.009137    38.075698     9.280811
 343    9.2307     0.001062     0.002914     1.894175     7.862373
 344    9.2387     0.009238     0.001380   -15.786468    -8.000305
 345    9.2447     0.014825     0.002078     2.114006    -1.802369
 346    9.2516     0.003224     0.002304    13.764827    14.417605
 347    9.2569     0.006345     0.001471    -6.425391    -3.529527
 348    9.2609     0.000653     0.000284     1.442398     0.016296
 349    9.2661     0.042414     0.006931   -32.246409    -2.109889
 350    9.2750     0.001295     0.003604     4.966709   -11.047450
 351    9.2787     0.000488     0.000301    -1.292493     0.437681
 352    9.2809     0.021408     0.006834    12.205230    16.193399
 353    9.2973     0.037233     0.012626    20.678938     8.075682
 354    9.2975     0.008689     0.011711     9.823566     5.313266
 355    9.3073     0.006220     0.000415    -7.137992     1.416269
 356    9.3129     0.042527     0.009587   -21.306122    -2.875217
 357    9.3175     0.004234     0.002276    24.229578     5.868128
 358    9.3254     0.008678     0.002381    -0.257528    -1.088103
 359    9.3287     0.011660     0.006497    14.952915     1.428494
 360    9.3362     0.010058     0.005854   -10.465965    -8.326141
 361    9.3425     0.004820     0.009562   -22.011231   -33.009336
 362    9.3442     0.017441     0.007457   -13.309337    -7.406222
 363    9.3490     0.036538     0.017963    58.180133   -11.408782
 364    9.3631     0.009804     0.003701    14.885487    13.848000
 365    9.3703     0.009642     0.002826    -8.849141    -1.949205
 366    9.3717     0.000335     0.001445    -4.265624    16.006051
 367    9.3748     0.017479     0.015576     5.569374    21.641715
 368    9.3821     0.001996     0.000567     2.174538     1.501627
 369    9.3864     0.005565     0.003084    12.802380     3.561832
 370    9.3905     0.001611     0.002640    -3.551339    -2.810529
 371    9.3992     0.001662     0.001085     0.990207     0.536766
 372    9.4032     0.011938     0.001780     3.355123     2.102471
 373    9.4066     0.007112     0.017044    12.827585    16.491155
 374    9.4113     0.026183     0.009205   -24.549645   -13.774627
 375    9.4211     0.005985     0.001657    15.456210     9.885852
 376    9.4255     0.005142     0.000436    -0.455585     1.030136
 377    9.4318     0.008730     0.004432    13.452536    11.326573
 378    9.4356     0.005288     0.004430     7.243533    15.090996
 379    9.4427     0.000502     0.001175     0.030327    -1.138425
 380    9.4444     0.011371     0.005680     8.154018     8.503312
 381    9.4526     0.004303     0.003735    -2.293994    -2.585269
 382    9.4565     0.009306     0.005250     1.876938    -0.224724
 383    9.4587     0.006567     0.009882     7.326515     5.832426
 384    9.4628     0.006861     0.006198     2.768655     3.758749
 385    9.4716     0.012022     0.012165    -8.380774    -5.597201
 386    9.4749     0.021407     0.052106    36.723670    -3.252635
 387    9.4782     0.008718     0.005676     3.780030   -17.316784
 388    9.4835     0.003220     0.001501    -1.068317    -5.484112
 389    9.4844     0.003992     0.005627   -14.098964   -36.274992
 390    9.4895     0.005927     0.001859   -32.784513   -14.585144
 391    9.4928     0.004426     0.005996   -12.675637   -18.013342
 392    9.4959     0.004332     0.001397    -6.233652    -1.692559
 393    9.5039     0.006055     0.010625     5.856726    -4.034728
 394    9.5066     0.005162     0.003120   -14.917999    -7.945757
 395    9.5094     0.001948     0.010561     0.811658    14.007891
 396    9.5120     0.005563     0.008361    24.944180    29.445689
 397    9.5194     0.016957     0.007903    12.675473    11.758352
 398    9.5262     0.001231     0.013406    -1.932946     6.789403
 399    9.5314     0.003622     0.002855     1.742863    10.446682
 400    9.5349     0.009184     0.006067    14.338197    18.351754
 401    9.5393     0.000154     0.000343    -1.811215    -2.641397
 402    9.5422     0.000596     0.002682    -2.830878   -11.467238
 403    9.5462     0.002468     0.000918     8.575974     1.518680
 404    9.5517     0.036521     0.033820    18.396080    25.379353
 405    9.5554     0.003402     0.006660    -5.487307    -6.919178
 406    9.5594     0.008126     0.002511   -15.225456    -0.129095
 407    9.5623     0.002838     0.002311     0.880753     1.382208
 408    9.5661     0.006618     0.005457    -6.426190    -8.136930
 409    9.5732     0.019451     0.007630   -39.227112   -23.114162
 410    9.5734     0.001821     0.001578    -7.216722   -14.288841
 411    9.5856     0.003468     0.009914     9.121386    11.858377
 412    9.5924     0.003307     0.004149    -0.629707     0.594633
 413    9.6011     0.000992     0.001197    -0.891912    -1.790599
 414    9.6089     0.001830     0.000294    -3.598635    -2.071820
 415    9.6154     0.002559     0.000994    -0.680648     6.427914
 416    9.6161     0.006528     0.005057   -15.467757   -13.909986
 417    9.6233     0.002315     0.005649     4.529516    -1.276435
 418    9.6280     0.001746     0.001758     0.249664     0.561615
 419    9.6321     0.013859     0.030659   -18.356414   -25.586028
 420    9.6360     0.003908     0.017421     6.123985    14.283712
 421    9.6376     0.001912     0.008516     2.027220    -0.552767
 422    9.6428     0.002411     0.007437    -7.769336   -24.381785
 423    9.6475     0.001202     0.003767    -5.461721     5.804379
 424    9.6492     0.011089     0.022846    -7.910121   -16.478382
 425    9.6529     0.005272     0.000519     6.737445     4.042732
 426    9.6619     0.006565     0.009385    17.730341    12.582700
 427    9.6642     0.001326     0.007633    -0.932337    -8.011113
 428    9.6676     0.005574     0.004063     5.125490     5.019032
 429    9.6728     0.001559     0.000911     2.984668     0.766804
 430    9.6790     0.005315     0.014103     0.392909     2.026423
 431    9.6844     0.003461     0.004260     8.503132    10.092691
 432    9.6886     0.011434     0.002633    11.854901     8.082644
 433    9.6901     0.002452     0.002369     2.464862     0.133055
 434    9.6942     0.026616     0.008801    19.069343     8.288583
 435    9.6954     0.016680     0.010750   -10.074139   -10.448443
 436    9.6993     0.002978     0.002889    -2.220028    -7.766323
 437    9.7061     0.001540     0.003309    -1.123199    -0.639619
 438    9.7101     0.022640     0.030396   -29.726698   -20.854375
 439    9.7164     0.002935     0.002657    -3.325422     1.652587
 440    9.7188     0.003100     0.005291    -0.239907   -10.258176
 441    9.7250     0.055722     0.032926    59.497086    50.776904
 442    9.7304     0.013884     0.011908     5.354667    11.037129
 443    9.7351     0.002018     0.000761    -4.403449     1.218527
 444    9.7375     0.011750     0.002278    20.411676    10.836877
 445    9.7458     0.002940     0.017283     0.694964     5.043472
 446    9.7476     0.024946     0.006305    42.213510    24.898844
 447    9.7566     0.003527     0.001913    -3.613133    -6.492131
 448    9.7591     0.001358     0.001990    -2.143605     0.874057
 449    9.7604     0.007772     0.004042     3.729600     1.940653
 450    9.7709     0.012186     0.008148   -37.741980   -24.110154
 451    9.7736     0.016630     0.006084    23.878633    16.814102
 452    9.7759     0.006755     0.003022     4.072147     4.559385
 453    9.7822     0.009464     0.002444     8.685638    10.543497
 454    9.7878     0.000836     0.010883    -5.300226    -6.301673
 455    9.7898     0.003324     0.003467    -3.494790    -1.471793
 456    9.7984     0.008519     0.006371    -4.709488    -1.493326
 457    9.8043     0.030117     0.003146    24.582952    -4.894482
 458    9.8125     0.046159     0.012045   -62.603899   -44.058175
 459    9.8160     0.026519     0.008915   -11.604181    -5.132659
 460    9.8223     0.005535     0.003925     2.706713    20.922452
 461    9.8259     0.007624     0.004254    -3.392881    -3.626449
 462    9.8270     0.001714     0.016291    -0.472108   -12.097526
 463    9.8324     0.004750     0.004357     3.303641    18.732377
 464    9.8373     0.004776     0.009331     5.156438    24.861160
 465    9.8538     0.005953     0.001988    -9.531523    -5.192343
 466    9.8570     0.003315     0.001889    -3.426138    -9.512683
 467    9.8615     0.002494     0.001344    -5.322575    -3.470554
 468    9.8659     0.007308     0.003223    -0.387864    -2.100565
 469    9.8731     0.004936     0.004434    10.992542    19.234624
 470    9.8750     0.011105     0.008341   -19.154118    -0.628405
 471    9.8793     0.007350     0.006929    -5.976513    -9.319361
 472    9.8873     0.007529     0.000379    27.965707    -4.389987
 473    9.8965     0.012351     0.016915   -24.289917    -5.869762
 474    9.8976     0.000942     0.004532     0.617870     3.235733
 475    9.9028     0.011957     0.008792    -6.537624    -3.780484
 476    9.9062     0.004690     0.004405     0.209313   -11.298864
 477    9.9088     0.004164     0.003129    -5.899075    -2.405204
 478    9.9154     0.004405     0.001496    -2.806743    -7.502400
 479    9.9230     0.015966     0.017214    -7.325531    -8.538838
 480    9.9267     0.006547     0.013846     6.776404     9.061081
 481    9.9286     0.019971     0.019954   -42.419931   -43.917397
 482    9.9339     0.004043     0.005921    -1.715115    -0.907449
 483    9.9397     0.003062     0.011760     2.844405    21.604583
 484    9.9435     0.009098     0.003875   -18.640131   -11.746906
 485    9.9468     0.009444     0.001374     1.429355     1.130034
 486    9.9543     0.002586     0.005749    -1.041886    -2.118548
 487    9.9584     0.004481     0.002896    -1.593434   -11.848649
 488    9.9614     0.012137     0.003161    26.721788    13.686228
 489    9.9716     0.001016     0.001123    -7.356821    -8.240861
 490    9.9764     0.006063     0.002771     2.021453    -6.464615
 491    9.9810     0.004553     0.002017     4.705660     2.465928
 492    9.9829     0.008062     0.004052    -2.709004    -3.237414
 493    9.9930     0.004928     0.000724    -6.167743    -2.061876
 494    9.9985     0.018587     0.004639    -5.285026    -2.356366
 495    9.9993     0.009517     0.004040    12.077534     3.310450
