$coord
         12.085549383736          2.271364035449          5.759786929768     c 
         11.099454969582         -0.152880513929          5.834642563596     c 
          9.119800545398         -0.807073458281          4.257805926165     c 
          8.082679271246          0.935006228145          2.579263684929     c 
          5.341180185430          0.007699435233          0.466433533883     si
          4.889624988606          2.427281355582         -2.141248151098     c 
          3.609191560969          4.676746247827         -1.665808336018     c 
          3.262934046604          6.459305971699         -3.546125195288     c 
          4.195890498200          6.020132449216         -5.952687466120     c 
          5.468332255753          3.790192925063         -6.461418150736     c 
          5.809155587467          2.016756072902         -4.569833475704     c 
          6.004648279096         -3.196812311725         -1.000411293847     c 
          4.045010215951         -4.842027043961         -1.609983311088     c 
          4.522111785621         -7.149588506701         -2.743200791539     c 
          6.982393025804         -7.858825787148         -3.287487350843     c 
          8.956857111560         -6.246473283675         -2.691632018073     c 
          8.465668898546         -3.940598083960         -1.561189724209     c 
          2.296223925891         -0.124792765876          2.348719236575     c 
          2.242709957435         -0.315854140703          4.969774528778     c 
         -0.034887850288         -0.445185516302          6.251897518492     c 
         -2.290466300152         -0.387747383840          4.930241028815     c 
         -2.306438412771         -0.184769567759          2.306229429429     c 
         -5.373651471405         -0.060526260888          0.456810867593     si
         -4.667312377005         -0.933131545046         -2.948518116403     c 
         -5.145408448944         -3.338835291491         -3.895137518757     c 
         -4.501847750825         -3.977146576403         -6.348407281110     c 
         -3.356299318352         -2.211560616139         -7.904325631592     c 
         -2.878114538398          0.197862338117         -6.998618538765     c 
         -3.536291505157          0.825042529926         -4.548157900307     c 
         -6.719796332906          3.259477203663          0.537790293284     c 
         -8.591398839986          3.981297527385         -1.165947674165     c 
         -9.604522464152          6.390802584514         -1.120157516316     c 
         -8.754232823510          8.134466424490          0.638224805803     c 
         -6.886077941369          7.452680488626          2.339994096330     c 
         -5.883945769181          5.037751898252          2.285225943940     c 
         -7.674231088400         -2.396960198886          1.903986705242     c 
         -6.846122908324         -4.790663720296          2.621234720662     c 
         -8.493681258118         -6.539764061377          3.649924680402     c 
        -11.014924961584         -5.920412774886          3.988411330478     c 
        -11.869031274941         -3.544730274250          3.297804436010     c 
        -10.210359773114         -1.805736464020          2.265898483300     c 
          0.003112029576         -0.053431229213          1.066498514733     c 
          9.100017365376          3.359230768121          2.527633946850     c 
         11.081611815235          4.026898049188          4.098233537937     c 
         13.632627142639          2.788147229824          6.989013448212     h 
         11.878582010809         -1.533119113192          7.124097018777     h 
          8.366636058117         -2.705595262098          4.316528959228     h 
          2.865068563936          5.025148999933          0.204999879047     h 
          2.260829871733          8.192937639653         -3.138759325251     h 
          3.927578332480          7.408769441557         -7.426638141286     h 
          6.196280167189          3.434761110089         -8.337245224247     h 
          6.797745167423          0.277604992219         -4.982136002794     h 
          2.120581671938         -4.306210376791         -1.186871336233     h 
          2.972337562472         -8.398371821885         -3.204328580923     h 
          7.360259851648         -9.660670478354         -4.172215513218     h 
         10.881532309450         -6.788998928055         -3.111153191198     h 
         10.015485056584         -2.691604188170         -1.099774207370     h 
          3.998816986361         -0.356089734100          6.011796411482     h 
         -0.050969957191         -0.593700708088          8.290572800516     h 
         -4.064060302429         -0.503739346784          5.938523892539     h 
         -6.037650565516         -4.726923915373         -2.691513475132     h 
         -4.890948316998         -5.856234018428         -7.050166909609     h 
         -2.843026338062         -2.709079785124         -9.817606432827     h 
         -1.989644054437          1.587931156814         -8.203674863083     h 
         -3.173239460246          2.713506044612         -3.858493876429     h 
         -9.253984930563          2.632525273334         -2.550703091673     h 
        -11.059292896804          6.914078616897         -2.456068864944     h 
         -9.541707463089         10.018704242747          0.678241245893     h 
         -6.209599889000          8.808340691485          3.710874724975     h 
         -4.420983959643          4.520183727530          3.613240934464     h 
         -4.877044787832         -5.279400434590          2.376803127121     h 
         -7.814047675549         -8.388582029702          4.192799761598     h 
        -12.306807376589         -7.282671813248          4.792847167991     h 
        -13.832737543047         -3.048295115925          3.565262867735     h 
        -10.889079829375          0.046647501212          1.738041956407     h 
          0.020869038285          0.116386213120         -0.969269821798     h 
          8.330763020052          4.736479838542          1.230376146907     h 
         11.847423821724          5.919747386123          4.027278159796     h 
$end
