           2           1   1.40900442723858     
           3           1  4.194693587471385E-003
           3           2   1.46686743442526     
           4           1  8.373995446163299E-002
           4           2  2.889142517828113E-003
           4           3   1.35964728899160     
           5           1  4.074367820674353E-003
           5           2  0.101327683318844     
           5           3  3.167801062153605E-003
           5           4   1.36176631248105     
           6           1   1.40780846564796     
           6           2  2.297373466650663E-003
           6           3  0.100709812957129     
           6           4  2.978157445710549E-003
           6           5   1.46724859155714     
           7           1  4.277348741496637E-003
           7           2  1.117900494644019E-002
           7           3  1.265529361287238E-002
           7           4  0.826951217946904     
           7           5  1.260317994949024E-002
           7           6  1.134251610054400E-002
           8           2  3.170670050629374E-003
           8           3  8.987604274048518E-003
           8           4  7.796933628465354E-002
           8           5  3.739980081354588E-003
           8           7   1.63319894058036     
           9           3  3.797044861466033E-003
           9           4  7.714210484663385E-002
           9           5  8.969392764052413E-003
           9           6  3.192595636161195E-003
           9           7   1.62594381585189     
           9           8  0.125362254363155     
          10           1  1.045443725633048E-002
          10           2  2.729549094774646E-003
          10           3  9.633925254840903E-003
          10           4  6.921784597217438E-002
          10           5  9.139897638588775E-003
          10           6  2.794677834131072E-003
          10           7  0.844703881934934     
          10           8  7.686014411462724E-002
          10           9  7.600523143409668E-002
          11           1  3.670221156850194E-003
          11           4  9.386999425624288E-003
          11           7  1.138604751177602E-002
          11           8  3.903391355120302E-003
          11           9  1.042090163168619E-002
          11          10   1.28106098766872     
          12           7  9.880306903605553E-003
          12           9  2.743728349349378E-003
          12          10  3.293163202512737E-003
          12          11   1.46042819503472     
          13           1  6.589938629529532E-003
          13           3  2.610552173980292E-003
          13           4  9.513070575272047E-003
          13           5  2.426625365221738E-003
          13           7  4.935591878339352E-003
          13          10  6.218359647865376E-002
          13          11  2.238408601761306E-002
          13          12   1.43373790241185     
          14           1  3.201792263061276E-003
          14           4  4.569792765342110E-003
          14           7  1.350961472258171E-002
          14           8  3.417687933886786E-003
          14          10  7.718389687426172E-003
          14          11  6.028333981347325E-002
          14          12  3.693976969512128E-003
          14          13   1.24892427264616     
          15           4  8.943068652269293E-003
          15           7  1.557603004965226E-002
          15           8  8.723509424617323E-003
          15           9  4.208992978430970E-003
          15          10   1.38996368269480     
          15          11  5.026498515279958E-003
          15          12  8.226903032773435E-002
          15          13  5.859317820152326E-003
          15          14   1.37025888590942     
          16           7  3.062907995062154E-003
          16           8  2.338062161977068E-003
          16          10  1.696708800199727E-002
          16          11  2.025670595124784E-002
          16          12  1.175847346044511E-002
          16          13  2.516133271225546E-002
          16          14   1.09648556877451     
          16          15  1.864173773028019E-002
          17          10  2.238510983887665E-003
          17          11  3.395325188709355E-003
          17          13  1.444650385875681E-002
          17          14  1.087515678890399E-002
          17          15  1.237478346763557E-002
          17          16   1.13042382739300     
          18          10  4.917687451531002E-003
          18          11  1.144516893886625E-002
          18          13  1.263384104779134E-002
          18          14  1.361537467388090E-002
          18          15  7.676611677478183E-003
          18          16  3.451886682123137E-002
          18          17   1.37931388321386     
          19           1  3.147293342739761E-003
          19           4  2.904410900234064E-003
          19           7  3.169371549120049E-003
          19          10  5.760062468322676E-003
          19          11  3.946049506922061E-003
          19          13  5.270183681837967E-003
          19          14  3.960070756623748E-003
          19          16  1.314364451559946E-002
          19          17  6.734759487961791E-003
          19          18   1.36530822455878     
          20          11  5.133614632917069E-003
          20          13  4.987634605504969E-003
          20          14  5.551636965350771E-003
          20          15  5.066012970836411E-003
          20          16  2.216009125928855E-002
          20          17  6.758785939342124E-002
          20          18  1.005175814706627E-002
          20          19   1.42183249991175     
          21           1  2.295827721810573E-003
          21           4  2.223032186650132E-003
          21           7  2.409831450897360E-003
          21          10  4.436345627192417E-003
          21          11  6.212003924125362E-003
          21          13  7.912615416513667E-003
          21          14  4.278941060517917E-003
          21          15  2.837665408846812E-003
          21          16  1.905826783263734E-002
          21          17  8.508248935182802E-003
          21          18  5.356371262231135E-002
          21          19  1.531329380543877E-002
          21          20   1.40440707191690     
          22           1  2.238741868095895E-003
          22           4  2.350709393844027E-003
          22           7  2.407910536458573E-003
          22          10  4.149322932290439E-003
          22          11  3.204820413590238E-003
          22          13  3.957017383838003E-003
          22          14  1.339319269065492E-002
          22          15  4.452240493586414E-003
          22          16  1.644660601331423E-002
          22          17   1.20036915939013     
          22          18  5.842597152103568E-003
          22          19  6.384231666175316E-002
          22          20  6.905014437533774E-003
          22          21   1.35883115120748     
          23           1  2.166859498348409E-003
          23           4  2.279514995139254E-003
          23           7  2.393737778641087E-003
          23          10  4.261505532388426E-003
          23          11  3.243665713696602E-003
          23          13  3.462657091635285E-003
          23          14  1.357090029141863E-002
          23          15  4.725188484986268E-003
          23          16  1.657985480277584E-002
          23          17  1.203205190261400E-002
          23          18  1.563868136653079E-002
          23          19  1.171726503603754E-002
          23          20  1.706638136884911E-002
          23          21  1.537406335554107E-002
          23          22   1.15536383582767     
          24           1  2.210984043202574E-003
          24           4  2.144095641822651E-003
          24           7  2.366043079680297E-003
          24          10  4.442858582004184E-003
          24          11  6.079771626457771E-003
          24          13  7.627561141213073E-003
          24          14  4.209406233593514E-003
          24          15  2.873524020097519E-003
          24          16  1.875581918823306E-002
          24          17  1.463407819470622E-002
          24          18  6.214054012531809E-003
          24          19  8.060742042835658E-003
          24          20  2.863006206471719E-003
          24          21  1.932594345612968E-002
          24          22  1.524196939109036E-002
          24          23   1.36040032386883     
          25          11  5.218667312548428E-003
          25          13  5.087077644662017E-003
          25          14  5.617235044942067E-003
          25          15  5.087659966821087E-003
          25          16  2.234714247664085E-002
          25          17  6.602186260706746E-003
          25          18  9.690654551057776E-003
          25          20  7.399084435321579E-003
          25          21  2.963373363081391E-003
          25          22  1.711070172942139E-002
          25          23  7.004386413901630E-003
          25          24   1.40429512111826     
          26           1  3.056288980785621E-003
          26           4  2.816821939657444E-003
          26           7  3.113475215594018E-003
          26          10  5.802525321252693E-003
          26          11  3.838036668330315E-003
          26          13  5.252576761213079E-003
          26          14  3.766083304806234E-003
          26          16  1.325368373950061E-002
          26          17  5.337264673200429E-003
          26          19  6.295661444017847E-003
          26          21  8.001888884505041E-003
          26          22  1.169804883445523E-002
          26          23  6.391763787476777E-002
          26          24  1.494204001308773E-002
          26          25   1.42113662279944     
          27          10  4.212351630163094E-003
          27          11  1.140542025934759E-002
          27          13  1.471624514307022E-002
          27          14  1.314088760510521E-002
          27          15  5.218354525874077E-003
          27          16  3.452965018201742E-002
          27          17  1.787283152933459E-002
          27          18  1.670656400945055E-002
          27          20  9.595659731448013E-003
          27          21  6.258634512511100E-003
          27          22  1.540395365258607E-002
          27          23  5.800555639885218E-003
          27          24  5.397053590975413E-002
          27          25  1.013055879618953E-002
          27          26   1.36742198459191     
          28          10  2.853632301922105E-003
          28          11  3.514330408859927E-003
          28          13  8.389488010755735E-003
          28          14  1.140872738227277E-002
          28          15  1.800055819605296E-002
          28          16   1.13194334861735     
          28          17  1.759348257045077E-002
          28          18  1.784227149803356E-002
          28          19  5.227277552315186E-003
          28          20  6.662480841160610E-003
          28          21  1.447885019887887E-002
          28          22  1.217524839873645E-002
          28          23   1.19871252868836     
          28          24  8.553550803434997E-003
          28          25  6.741342731174735E-002
          28          26  6.762721789198844E-003
          28          27   1.37862547003933     
          29           1  0.973593802052430     
          29           3  1.030788029408219E-002
          29           5  1.031905722729214E-002
          30           2  0.972032128714038     
          30           4  1.056797922739790E-002
          30           6  1.054705391993865E-002
          31           1  1.093794761861271E-002
          31           3  0.967769041861725     
          31           5  9.736910216734571E-003
          31           9  7.538866535114080E-003
          32           1  1.092006550035870E-002
          32           3  9.772662738490765E-003
          32           5  0.967637006510217     
          32           8  6.732101181902574E-003
          33           2  1.055152563759392E-002
          33           4  1.056519050410656E-002
          33           6  0.972051027503321     
          34           8  6.260740131752308E-003
          34          11  0.969402567883363     
          34          13  1.099130048015699E-002
          34          15  8.802735185399898E-003
          35          10  1.108343359651992E-002
          35          12  0.969341329333401     
          35          14  1.074497335386259E-002
          36          11  1.036079838854421E-002
          36          13  0.970521764841802     
          36          15  7.717470411872725E-003
          37           9  7.808518277912801E-003
          37          11  1.046592842286306E-002
          37          13  9.651617960275541E-003
          37          15  0.962127237803409     
          38          18  0.966309430901870     
          38          20  1.031925240470115E-002
          38          22  1.122943169858797E-002
          39          17  9.940571225857720E-003
          39          19  0.973592838281496     
          39          21  1.046218331901869E-002
          40          18  1.060558648262035E-002
          40          20  0.973034800150148     
          40          22  1.030923388337819E-002
          41          17  1.112260950179524E-002
          41          19  1.047099067095142E-002
          41          21  0.969484154316546     
          42          24  0.969454354757345     
          42          26  1.047036249098194E-002
          42          28  1.115094227709905E-002
          43          23  1.030504312059925E-002
          43          25  0.973050577324388     
          43          27  1.059602459987520E-002
          44          24  1.045314899009365E-002
          44          26  0.973605550309064     
          44          28  9.971664296233371E-003
          45          23  1.122179441121843E-002
          45          25  1.031582724103631E-002
          45          27  0.966991918578587     
