 NM
 VELO
 MMASS
   486.531400000000     
 LFAKTOR
  0.5
 RFAKTOR
  1.0
 WIDTH
  0.20
 SHIFT
  0.00
 DATXY
   1    2.9863     0.283748     0.038643   -97.024757   -43.206241
   2    3.1747     0.020189     0.008213    -1.076503    -9.516495
   3    3.3618     0.005393     0.005030    18.485638    26.207464
   4    3.6919     0.288758     0.047196    28.482320    14.687360
   5    4.0161     0.003392     0.003036     1.277847     2.507010
   6    4.5800     0.238456     0.075985    24.735389    19.141003
   7    4.5880     0.123226     0.030885   -37.959608   -31.454046
   8    4.8026     0.004305     0.009624    -2.246747     9.718061
   9    4.8046     0.014605     0.002034     0.356451    -2.163257
  10    4.8054     0.013231     0.001690     2.721456     3.808439
  11    4.9498     0.251013     0.043926   -59.113580   -51.634799
  12    5.0061     0.000558     0.002395     1.181691     6.391767
  13    5.0598     0.021174     0.016430    26.221980     9.674930
  14    5.1364     1.255960     0.358774   232.050849   166.570865
  15    5.2370     0.062294     0.008677    60.882518    48.399005
  16    5.4118     0.001036     0.000276     0.077166    -0.272834
  17    5.4218     0.001330     0.000305     0.485717     0.109634
  18    5.5864     0.016717     0.006480    15.418374   -19.707890
  19    5.6499     1.073735     0.223835   -13.065921    13.297531
  20    5.6569     0.022847     0.020795   -16.701751    -7.846442
  21    5.6804     0.242089     0.058961   -87.135160   -61.239920
  22    5.8605     0.236862     0.044626    24.158061    10.982389
  23    5.9072     0.057616     0.014927    -8.992148    -6.502136
  24    6.0130     0.025203     0.002975    -3.495716    -4.554754
  25    6.0837     0.006475     0.003370     4.570235    -1.414965
  26    6.0934     0.000646     0.000339     7.650338     4.233519
  27    6.2053     0.022809     0.017057     7.261580     7.184254
  28    6.2120     0.112526     0.050808    18.122520    12.726248
  29    6.2354     0.146260     0.049446  -115.484891  -115.778623
  30    6.2422     0.000942     0.000393     4.222551     8.025466
  31    6.2556     0.056436     0.014043     4.046847     7.514982
  32    6.2634     0.010428     0.041022    26.135780    43.611706
  33    6.2983     0.002593     0.017707     9.468818    31.380626
  34    6.3556     0.080850     0.031011    10.552372     7.740917
  35    6.4038     0.289533     0.081713    16.675575   -15.664240
  36    6.5017     0.092118     0.019555   -11.164127    -8.978104
  37    6.5169     0.059212     0.021795   -14.849391   -16.656792
  38    6.6425     0.000436     0.001794     9.456813    12.566169
  39    6.6708     0.038252     0.007041    11.557278   -43.154921
  40    6.6757     0.009371     0.000075    58.684090    48.235738
  41    6.6880     0.149604     0.027033  -108.652963   -47.487756
  42    6.7108     0.551456     0.123644  -115.568978   -98.557098
  43    6.7187     0.013505     0.008069   -10.930178    -7.812840
  44    6.7463     0.103691     0.051703   -40.208470   -56.987311
  45    6.7516     0.014966     0.002397    17.149084    11.114848
  46    6.7800     0.105047     0.035531    26.672152    29.418985
  47    6.8043     0.023597     0.007070    18.935798     3.196004
  48    6.8106     0.958623     0.249471   103.571093   120.071983
  49    6.9289     0.039906     0.006473    74.974284    37.444292
  50    6.9652     0.084375     0.015725    43.636724    33.502124
  51    6.9953     0.044485     0.005171    -1.777607    -2.354423
  52    7.0087     0.001292     0.004574     7.545657    10.490941
  53    7.0213     0.001032     0.017773   -12.458371    29.360335
  54    7.0504     0.063529     0.022390   -40.430825   -77.060290
  55    7.0528     0.057284     0.014374    22.016970   -12.070535
  56    7.0704     0.000104     0.011753     3.009130    50.628949
  57    7.0994     0.055761     0.006222   -77.551525   -31.356757
  58    7.1203     0.344945     0.088533    10.240216   -11.467150
  59    7.1889     0.037512     0.014488    -4.699071    -3.923582
  60    7.2029     0.077362     0.013092    -9.768274    -5.860477
  61    7.2048     0.052869     0.008598    15.945647    14.436047
  62    7.2366     0.005995     0.002236   -38.737441   -34.879229
  63    7.2373     0.006794     0.002238    19.773772    14.281528
  64    7.2381     0.012879     0.005141    51.582758    37.787374
  65    7.2744     0.014612     0.010617    -8.659713     6.742490
  66    7.3374     0.546852     0.149388  -113.797640   -79.320444
  67    7.3405     0.767929     0.220503  -153.310359  -116.869432
  68    7.3732     0.018127     0.008198   -13.275365   -10.321141
  69    7.4008     0.213638     0.066349    27.837978    29.645894
  70    7.4526     0.006632     0.008024    12.562107    19.736098
  71    7.4580     0.309899     0.093178   183.692228   149.350261
  72    7.4935     0.046184     0.002926    34.684186    14.976871
  73    7.5524     0.001739     0.135546    31.501071   -16.098777
  74    7.5820     0.027668     0.052998    13.960385   -18.027409
  75    7.6021     0.006757     0.001245    14.940209     8.306574
  76    7.6306     0.209825     0.064759   -22.853873    16.558079
  77    7.6342     0.275176     0.079885   162.663702   111.212459
  78    7.6479     0.003104     0.010569   -52.076990   -26.559871
  79    7.6572     0.025554     0.018316   -83.690509    15.018621
  80    7.6731     0.429219     0.030542   155.388952   113.773517
  81    7.6913     0.578247     0.128174  -406.213459  -275.535539
  82    7.7015     0.002706     0.003957    24.791550   -81.947422
  83    7.7408     0.008130     0.000022     4.143186     0.537684
  84    7.7475     0.007511     0.009271    94.591656   138.444269
  85    7.7572     0.149092     0.068075  -137.704004  -157.890549
  86    7.7754     0.051835     0.000046   103.625110    36.693933
  87    7.7983     0.005230     0.003579    20.391090    26.272963
  88    7.8186     0.092520     0.027704   -57.483112   -53.112200
  89    7.8329     0.044540     0.009105   -45.238147   -54.082707
  90    7.8335     0.009247     0.007055    -2.436214     5.487556
  91    7.8378     0.016428     0.000453    76.523695    11.929272
  92    7.8504     0.042279     0.052255  -143.404010  -163.735041
  93    7.8939     0.000405     0.010935    -7.103376    71.797332
  94    7.9398     0.004637     0.011289    -7.379577     1.499594
  95    7.9456     0.004206     0.002520     3.468161     5.807244
  96    7.9735     0.022525     0.013725    61.251588    62.785012
  97    7.9923     0.002193     0.008850    12.270707    39.708590
  98    8.0199     0.087586     0.042513   -45.694239    25.268582
  99    8.0368     0.003555     0.004332    16.820595   -10.533817
 100    8.0391     0.001655     0.005475    -0.434518     0.844982
 101    8.0598     0.009557     0.028948    54.518744    80.609307
 102    8.0811     0.010548     0.021898    -8.025095    49.811236
 103    8.0912     0.052983     0.003653    34.108017    21.760063
 104    8.1170     0.012396     0.047081    34.150186    88.356660
 105    8.1233     0.109694     0.010676    96.260349    43.117509
 106    8.1380     0.029519     0.070451  -218.056232    25.110716
 107    8.1581     0.004275     0.111253   -46.704140  -243.030320
 108    8.1602     0.019244     0.000420   -80.144014   -21.843636
 109    8.1727     0.030338     0.039040    33.334615    16.515150
 110    8.2123     0.097053     0.026433    47.237886    39.519367
 111    8.2225     0.082355     0.047341   106.174595    -2.300577
 112    8.2328     0.001939     0.001957    -1.884336    -1.955937
 113    8.2492     0.010644     0.003093    -6.978013    -4.699088
 114    8.2604     0.008790     0.074726    19.440165    64.164243
 115    8.2869     0.001595     0.023400    14.459060   -58.604010
 116    8.3086     0.001029     0.002419     6.837684   -16.190237
 117    8.3153     0.013873     0.016911    35.438923    23.221024
 118    8.3274     0.018738     0.000525    18.453846     0.214999
 119    8.3305     0.048681     0.038852    -9.079749     8.306858
 120    8.3746     0.004434     0.017450   -11.013838   -13.625005
 121    8.3872     0.045051     0.021168   -45.316531   -36.833468
 122    8.4041     0.000621     0.001386    -1.788922    -1.800935
 123    8.4090     0.006513     0.011188   -11.370299   -15.520179
 124    8.4146     0.003072     0.001545    -7.658764     1.432407
 125    8.4266     0.001675     0.027639    -3.637565     7.637936
 126    8.4306     0.015172     0.000034    29.226481    14.785106
 127    8.4325     0.004688     0.000616    -6.574737    -2.166138
 128    8.4329     0.003828     0.001129    -1.913624    -0.157461
 129    8.4388     0.008458     0.000043   -51.155647    -7.443646
 130    8.4408     0.056438     0.028295   -41.676866   -31.089900
 131    8.4822     0.018790     0.004145   -19.947532   -13.364282
 132    8.4956     0.002881     0.006971     3.175469     8.619858
 133    8.5073     0.011274     0.021769   -46.307976   -62.597657
 134    8.5101     0.002391     0.005553     4.793972     2.950931
 135    8.5212     0.002624     0.001195    -2.137402    -0.115166
 136    8.5446     0.013032     0.008413    20.331771   -16.486451
 137    8.5542     0.000809     0.000469    11.789901     1.761987
 138    8.5645     0.002672     0.002324    -5.122891    -4.969170
 139    8.5667     0.005817     0.016659     7.244295    21.109555
 140    8.5756     0.003911     0.002950   -22.389206   -31.726115
 141    8.6003     0.002629     0.000417   -15.252683     3.776632
 142    8.6282     0.009027     0.014835   -14.636626     2.108297
 143    8.6317     0.000101     0.001457    -1.545435     8.410909
 144    8.6494     0.008080     0.001394   -15.621962    -6.004891
 145    8.6541     0.004910     0.003484    -0.768076     0.494292
 146    8.6668     0.010745     0.000362   -15.272326   -10.001671
 147    8.7136     0.010486     0.006310   -44.433087   -53.015351
 148    8.7164     0.024868     0.009976   -58.292808   -41.562873
 149    8.7292     0.001853     0.000596     0.882027     0.367901
 150    8.7304     0.000825     0.001761    -0.051039     0.750495
 151    8.7481     0.034295     0.022479    38.991068    34.029793
 152    8.7715     0.001172     0.003769   -11.037752   -21.233648
 153    8.7775     0.000614     0.017907    21.826853  -106.974668
 154    8.7801     0.006821     0.009669     2.073681    10.558802
 155    8.7863     0.004210     0.013517    13.889834    31.251613
 156    8.8069     0.019065     0.000241    18.333267     7.227453
 157    8.8109     0.052354     0.048674   140.558687   184.453258
 158    8.8224     0.020874     0.023644    60.888760   131.027498
 159    8.8275     0.000093     0.000287    -0.994558    -0.962984
 160    8.8466     0.006685     0.000413    33.072713    14.309050
 161    8.8482     0.000530     0.015972    -4.127603   -21.667489
 162    8.8607     0.002323     0.002456     1.560675     1.075038
 163    8.8646     0.001271     0.002019    -2.400026   -15.137839
 164    8.8740     0.039870     0.014505   -20.537290   -41.386563
 165    8.8764     0.002399     0.001192    -2.820515    -6.992195
 166    8.8778     0.004062     0.015514   -43.609586   -68.234330
 167    8.9098     0.000054     0.000230     0.213102     0.577610
 168    8.9352     0.000899     0.000165    -3.068050     0.779522
 169    8.9504     0.000391     0.003903    -2.485718   -13.051389
 170    8.9518     0.002723     0.014754     1.840664    15.525852
 171    8.9520     0.020408     0.009018     1.950070     2.204215
 172    8.9676     0.016295     0.002897     6.719471     4.972817
 173    8.9867     0.001058     0.000806     0.636084     0.513118
 174    8.9959     0.003819     0.009237    13.300515    13.053667
 175    9.0004     0.002538     0.000725     4.130046     4.023323
 176    9.0068     0.002135     0.017044     7.809705    11.157977
 177    9.0083     0.000338     0.001527     1.024930     1.101750
 178    9.0201     0.001732     0.001276    -0.669893    -0.439011
 179    9.0230     0.006877     0.001035    11.172812     4.281256
 180    9.0413     0.004005     0.007782    -0.557909     2.248709
 181    9.0651     0.008383     0.002654   -40.772451   -11.079553
 182    9.0762     0.033522     0.012312     5.628002     4.474159
 183    9.0878     0.000526     0.000412     5.179753     3.371171
 184    9.0972     0.000345     0.000016     3.868177     2.646907
 185    9.1046     0.001232     0.000022    -0.577351    -0.339988
 186    9.1286     0.014730     0.002862    -6.920998   -10.532431
 187    9.1334     0.007185     0.000681     7.693053     7.460909
 188    9.1400     0.003559     0.000647   -13.988018    -6.167807
 189    9.1467     0.000180     0.000172     1.756021     1.492933
 190    9.1568     0.001563     0.001739    -3.272918    -2.419162
 191    9.1977     0.027809     0.006399    -5.648200   -10.262432
 192    9.1999     0.023285     0.005112     4.158095    -2.175925
 193    9.2188     0.010694     0.002087   -24.410465   -14.473229
 194    9.2229     0.001351     0.000104    -0.214900    -0.333542
 195    9.2305     0.001341     0.000038    -3.221881    -1.140578
 196    9.2374     0.035211     0.005903   -33.315890   -21.989188
 197    9.2455     0.001375     0.000237     1.680706     1.647656
 198    9.2463     0.000139     0.000030    -0.019509     0.039372
 199    9.2590     0.000229     0.000171    -2.043412    -1.994708
 200    9.2668     0.012365     0.001997    11.729076    -2.858201
 201    9.2824     0.002080     0.000009    -3.589294    -0.099643
 202    9.2880     0.008633     0.003033     4.761579     5.161894
 203    9.2974     0.000037     0.000290     1.137025     2.110540
 204    9.2990     0.002942     0.002535    -3.589146    -4.658575
 205    9.3167     0.001156     0.000826     2.567476     2.335837
 206    9.3219     0.000696     0.000100     0.004929     0.035326
 207    9.3244     0.000962     0.000455    -0.293719    -0.194591
 208    9.3376     0.000838     0.000897    13.237930    15.065028
 209    9.3533     0.000224     0.002167     3.101639     2.311337
 210    9.3609     0.002699     0.003466    -9.213795   -19.404476
 211    9.3799     0.004786     0.004420     5.056932     7.477744
 212    9.3811     0.000236     0.000051    -5.390397    -2.913902
 213    9.3872     0.000632     0.000002     1.341782     0.291750
 214    9.3990     0.019923     0.002153   -25.352766   -12.218490
 215    9.4196     0.000073     0.000323    -1.376189     2.247903
 216    9.4305     0.000077     0.000039     0.362829     0.077153
 217    9.4641     0.009510     0.003619    18.920996    14.046480
 218    9.4828     0.006378     0.001205    20.547735    10.167356
 219    9.4892     0.004258     0.001168    -8.937998    -1.535433
 220    9.4942     0.000345     0.008271     1.882367     9.915419
 221    9.5168     0.034868     0.009074   -10.261111    -9.355796
 222    9.5222     0.000491     0.000947     0.342289     0.161187
 223    9.5251     0.003842     0.001361    10.614931     7.940517
 224    9.5534     0.000910     0.000001    10.649276    -2.211272
 225    9.5566     0.000034     0.001205     1.595413    -7.905121
 226    9.5753     0.002656     0.000521     2.071639    -0.744123
 227    9.5833     0.002366     0.000027     3.560809     1.150534
 228    9.5850     0.023302     0.006679    48.627805    24.324792
 229    9.5913     0.000618     0.000625     0.478531     0.758519
 230    9.5934     0.011373     0.000961    21.398267     6.988286
 231    9.6220     0.009336     0.003656    16.738283    10.458636
 232    9.6226     0.009339     0.003522    16.970144    10.275644
 233    9.6310     0.001170     0.009972    -0.495725    -3.381703
 234    9.6514     0.004805     0.001488   -16.226567   -12.262876
 235    9.6610     0.027919     0.008095   -55.446738   -37.537165
 236    9.6640     0.007096     0.002839    -6.678297    -5.324831
 237    9.6863     0.000482     0.001291    -0.116257    -0.052930
 238    9.7018     0.003133     0.000651    -0.302852     0.099138
 239    9.7044     0.000222     0.000161    -0.318412    -0.561466
 240    9.7122     0.003087     0.000876     7.877109     4.830681
 241    9.7190     0.005485     0.003061     4.855406     3.123341
 242    9.7346     0.012318     0.000372   -27.202106    -7.639249
 243    9.7410     0.003528     0.009418     2.200486    -0.309195
 244    9.7428     0.000387     0.000199     1.365603     0.748735
 245    9.7453     0.013071     0.002495    24.322455    12.865155
 246    9.7620     0.004627     0.000593     4.307425     0.206171
 247    9.7667     0.003266     0.001121   -17.397936     0.283536
 248    9.7763     0.010105     0.003236   -28.166126   -19.195322
 249    9.7820     0.011205     0.006101     7.279162     6.549681
 250    9.7849     0.006973     0.000664    -6.425902    -2.608692
 251    9.7938     0.015895     0.009802     8.093332     6.365214
 252    9.7973     0.012012     0.000309    39.942022     5.691461
 253    9.8132     0.006349     0.006618     7.749222     8.377012
 254    9.8367     0.008913     0.029214     9.836025    44.744518
 255    9.8373     0.000899     0.001648    -4.993872    -6.518985
 256    9.8439     0.012220     0.002720    -3.962074     2.863239
 257    9.8497     0.025408     0.002305   -24.847228    -8.187145
 258    9.8578     0.006545     0.007263   -18.429576   -21.474288
 259    9.8603     0.008374     0.001099     8.652133     5.098233
 260    9.8617     0.003055     0.000464    25.073478    -4.243740
 261    9.8714     0.014303     0.008599   -11.561473    -6.827812
 262    9.8798     0.003263     0.001573   -16.686724     5.567261
 263    9.8827     0.002543     0.013015    -1.009472     1.954137
 264    9.8895     0.020977     0.022413   -28.347653   -55.739643
 265    9.8963     0.000090     0.000257     0.404523    -1.577082
 266    9.9159     0.002832     0.002283     7.285980   -18.940480
 267    9.9219     0.005134     0.000029   -23.156334    -1.683817
 268    9.9289     0.016052     0.020602     9.159018    11.110166
 269    9.9357     0.013520     0.013508   -18.690884   -30.372200
 270    9.9417     0.003588     0.006459    25.077757    38.212746
 271    9.9459     0.012162     0.003476    -7.172228     4.696007
 272    9.9517     0.000668     0.000555    -2.765841    -2.631381
 273    9.9555     0.004678     0.004143   -20.923880   -14.677730
 274    9.9603     0.003101     0.005215   -17.722102   -17.599605
 275    9.9770     0.002023     0.000944     4.487786     5.455313
 276    9.9770     0.001448     0.001075     2.613950     2.835550
 277    9.9831     0.004183     0.001087    13.748337     4.831741
 278    9.9849     0.001081     0.000457    -0.905111    -6.307118
 279    9.9867     0.001262     0.001552     1.817831     2.150402
 280    9.9932     0.000602     0.001591    -1.645862   -16.799858
 281    9.9960     0.004469     0.000022    12.523540     3.096429
