$coord
         -9.899168368274          0.541650683346          3.385915124339     o 
         -8.027278604049          0.462414168407          1.318781163416     p 
         -6.456008194737          3.477682012144          0.801326758837     c 
         -6.685279831547          5.299073416474          2.675067080654     c 
         -5.500299611049          7.614390892568          2.401845366906     c 
         -4.085664367172          8.108619238889          0.254169923783     c 
         -3.870520704595          6.296912424769         -1.627175640420     c 
         -5.055664034264          3.982308696411         -1.363558894482     c 
         -9.410912902598         -0.405115182317         -1.713505443935     c 
        -11.933807802695          0.205662552535         -2.094182140186     c 
        -13.086577995625         -0.355962776732         -4.372537002422     c 
        -11.715438995257         -1.529138957922         -6.271202403519     c 
         -9.198728192054         -2.148539725444         -5.888523095067     c 
         -8.039121709103         -1.589229871195         -3.613047014289     c 
         -5.547480896143         -1.862269837614          1.845651757285     c 
         -6.442057994681         -4.282971406526          2.589784046818     c 
         -4.762993464172         -6.255417489809          3.097529451389     c 
         -2.220009622224         -5.773905086516          2.834831930827     c 
         -0.182889092116         -7.297463432968          3.177703999977     n 
          2.033861906557         -5.984125032061          2.679389445093     c 
          4.479637995004         -6.790406834992          2.797720007851     c 
          6.418534963731         -4.984815859133          2.151082585641     c 
          5.808359292521         -2.548412303319          1.467734893398     c 
          8.432075549421         -0.487319849782          0.629082485743     p 
         10.834787051973         -1.193351196550          1.855572345444     o 
          7.389005496999          2.696799721099          1.435358590963     c 
          5.831964946827          4.125870897083         -0.122459110718     c 
          5.070885843706          6.508363567039          0.640105477033     c 
          5.862701716200          7.468540100962          2.945145640278     c 
          7.433304292779          6.053002923267          4.490447893101     c 
          8.193071511360          3.667300086879          3.736397055587     c 
          8.607071190857         -0.557424298966         -2.809867067725     c 
         10.951246580264         -0.073789065951         -3.886777513022     c 
         11.223604236099         -0.066666476664         -6.486547231557     c 
          9.150541481002         -0.546514431738         -8.014115782626     c 
          6.812673751732         -1.043623003792         -6.941581864452     c 
          6.532441083211         -1.049011822556         -4.341915150396     c 
          3.306480263602         -1.700579476035          1.365121146341     c 
          1.355359707757         -3.466910595136          1.969073589002     c 
         -1.264645265517         -3.294814354956          2.058098534385     c 
         -3.029540273386         -1.326524845239          1.580385600857     c 
         -7.805592151653          4.868452053204          4.328914270487     h 
         -5.679371338833          9.029222140009          3.862440669854     h 
         -3.158300731651          9.914232472272          0.039954019975     h 
         -2.779799301687          6.692161743650         -3.307029441612     h 
         -4.909546151945          2.569578011125         -2.830008262535     h 
        -12.966864473958          1.102432429021         -0.575309336287     h 
        -15.050194323337          0.118352154681         -4.666000733446     h 
        -12.613459154437         -1.971643471755         -8.049905651771     h 
         -8.138834069593         -3.075186746538         -7.366949497071     h 
         -6.084793564160         -2.090298717086         -3.292424340042     h 
         -8.456695785498         -4.550873409292          2.766092066202     h 
         -5.449718903436         -8.086052009364          3.675688718259     h 
         -0.257039173463         -9.114104081683          3.748323469974     h 
          4.993300090985         -8.687184014403          3.332624681072     h 
          8.378334513558         -5.543940362407          2.217903585397     h 
          5.240257466580          3.380728146254         -1.929687681373     h 
          3.860149961823          7.621912662187         -0.568458359710     h 
          5.263870445734          9.329168136704          3.532828205095     h 
          8.063280022399          6.805444325479          6.280554413166     h 
          9.427497308818          2.529985999093          4.902540005114     h 
         12.543137175879          0.275282030340         -2.653338885063     h 
         13.048217184881          0.311646405407         -7.320051153963     h 
          9.359696202416         -0.542751059932        -10.044479180975     h 
          5.203221205111         -1.431295804648         -8.136293373999     h 
          4.717785571198         -1.452915668010         -3.494618554834     h 
          2.851936491897          0.229583213685          0.907678906694     h 
         -2.376321176164          0.525991492324          1.040057205020     h 
$end
