 NM
 UV
 MMASS
   801.988199999998     
 LFAKTOR
  0.5
 RFAKTOR
  1.0
 WIDTH
  0.20
 SHIFT
  0.00
 DATXY
   1    3.7188     0.307217     0.186292    -2.635010     1.887597
   2    3.7970     0.098906     0.054758   -11.094191     4.443244
   3    3.8884     0.017763     0.009755   -20.118178   -16.369272
   4    4.1820     0.119936     0.052822   -82.821586   -71.733874
   5    4.2664     0.138709     0.052484    -9.721557   -12.033400
   6    4.3386     0.241528     0.098017    52.282978    32.942855
   7    4.3651     0.091174     0.033767    -1.009148    -1.692741
   8    4.4927     0.106890     0.045598   -68.364723   -53.747937
   9    4.6654     1.054217     0.553184   491.127046   358.537965
  10    4.6920     0.437762     0.228044  -409.945560  -300.344422
  11    4.7724     0.173045     0.099008   -64.704235   -55.415461
  12    4.8250     0.240755     0.124618  -189.567615  -136.614583
  13    4.8964     0.306020     0.149317   152.012480   105.950247
  14    5.0294     0.440915     0.206728  -104.266516   -73.197640
  15    5.0658     0.225485     0.113482    20.735495     3.119783
  16    5.1021     0.009944     0.002623   -35.346673    -7.812227
  17    5.1268     0.298317     0.123693  -330.893644  -201.946384
  18    5.1581     0.000182     0.000524    -0.709518    -2.298735
  19    5.1666     0.038913     0.017823   -59.497159   -36.033281
  20    5.1745     0.021371     0.011993   -21.482804   -17.102065
  21    5.1853     0.012349     0.008016    -6.813534    -4.463359
  22    5.1922     0.003864     0.001695   -10.547979    -5.820469
  23    5.2202     0.061202     0.026460   -32.402430   -19.572969
  24    5.2387     0.389758     0.177157   261.549941   157.721117
  25    5.2605     0.412673     0.233316   476.223805   369.370532
  26    5.3036     0.294227     0.142388  -164.120061  -113.222027
  27    5.3858     1.157579     0.567874   198.227533   140.563454
  28    5.4224     0.295226     0.144556   -67.751920   -51.097319
  29    5.5034     0.051818     0.017823    14.752895    14.860168
  30    5.5137     0.048246     0.025318   -12.587881   -13.132560
  31    5.5757     0.001387     0.000534    -6.354230    -4.459167
  32    5.6083     0.014912     0.005132    -2.670706    -1.776174
  33    5.6220     0.015133     0.012974    -6.933725     1.747426
  34    5.6812     0.017999     0.013180    -4.845313    -2.566766
  35    5.7003     0.004587     0.005711   -13.578003   -21.959794
  36    5.7669     0.061813     0.036364   -71.774265   -54.240195
  37    5.7860     0.058194     0.023165    -0.973689     2.344819
  38    5.8072     0.072062     0.031922   -82.777568   -47.255421
  39    5.8752     0.042002     0.017782   -11.279920    -3.543831
  40    5.9372     0.196556     0.078442   -17.348202   -11.816454
  41    5.9561     0.064472     0.038605    46.413496    30.284149
  42    5.9882     0.029849     0.015127   -51.440359   -34.914559
  43    6.0382     0.040624     0.025259    -4.212732    -0.993963
  44    6.0536     0.031479     0.014862     7.594155    -3.980960
  45    6.0632     0.036505     0.025002    -6.979989    -6.064186
  46    6.1016     0.067597     0.034348    40.629423    30.121478
  47    6.1264     0.039753     0.016276   -38.322634   -29.205693
  48    6.1491     0.083099     0.048061     0.728631     4.448892
  49    6.1661     0.197344     0.116423    75.885103    56.086720
  50    6.1814     0.004254     0.004984     6.936869    12.640513
  51    6.1917     0.024550     0.020617   -15.391160   -30.532411
  52    6.2070     0.009886     0.003629   -17.812010    -4.457781
  53    6.2382     0.085828     0.050890   -63.830412   -23.534123
  54    6.2413     0.030167     0.015077    39.202987    29.979808
  55    6.2476     0.019242     0.019179     2.660820    -7.320246
  56    6.2666     0.044364     0.024045   -53.685875   -46.439030
  57    6.2802     0.028037     0.017890    52.317581    45.921392
  58    6.2980     0.003497     0.011297   -20.392542   -54.953991
  59    6.3056     0.082292     0.036652   -63.214973   -37.650410
  60    6.3110     0.042009     0.024484   -20.904170   -13.732174
  61    6.3192     0.091877     0.055013    -6.917585    -6.987172
  62    6.3218     0.007717     0.007036    30.291214    30.689950
  63    6.3318     0.024430     0.019853    72.977115    64.583434
  64    6.3460     0.005831     0.002810   -14.118269     0.686833
  65    6.3561     0.000472     0.003335    -5.915413   -19.890946
  66    6.3709     0.047224     0.025561    25.183898    60.409101
  67    6.3945     0.050640     0.037311     1.696432   -11.335965
  68    6.4026     0.008182     0.012055    -1.135632   -16.752825
  69    6.4236     0.056590     0.036001   -62.143269   -52.586551
  70    6.4404     0.179530     0.104593   206.633640   164.011840
  71    6.4567     0.263578     0.162984   -38.628133   -27.887642
  72    6.4634     0.011069     0.004542    49.304820    15.390120
  73    6.4807     0.041514     0.019426     9.367378     5.134757
  74    6.4882     0.048324     0.022892    16.401436    13.242655
  75    6.5122     0.003666     0.001884   -16.120436    -7.755658
  76    6.5280     0.011784     0.007943    12.501811     9.297446
  77    6.5599     0.035574     0.021254    36.998205    30.153600
  78    6.5627     0.016732     0.010867    42.014051    32.494608
  79    6.5647     0.038576     0.019042   -47.112138   -27.271096
  80    6.5763     0.027513     0.015098   -31.312685   -24.001398
  81    6.5825     0.017116     0.013716    48.976350    36.212907
  82    6.6014     0.058084     0.035709    -5.522160    -3.397732
  83    6.6129     0.087432     0.046959    25.121487    14.175769
  84    6.6271     0.034824     0.012452   -44.155253   -30.226391
  85    6.6436     0.134042     0.095443    22.987193    14.245419
  86    6.6453     0.014656     0.009125    16.160456     7.897841
  87    6.6658     0.024471     0.018406    51.821878    45.803716
  88    6.6800     0.020840     0.014346     4.976683    10.685503
  89    6.6863     0.009873     0.011112     3.303649    -3.991627
  90    6.6938     0.003227     0.005526    -0.473740     8.209144
  91    6.7124     0.052628     0.029147   -54.655559   -35.225823
  92    6.7213     0.030785     0.026409   -68.241191   -59.168218
  93    6.7444     0.071246     0.046350   -55.440011   -37.481488
  94    6.7473     0.000721     0.004127     1.127453    13.529369
  95    6.7507     0.008678     0.010887   -15.602385    -9.611583
  96    6.7543     0.009132     0.004209    -4.304252    -2.658453
  97    6.7616     0.159624     0.090169   -22.566719    -7.907331
  98    6.7794     0.158734     0.086639    -9.963956   -11.030539
  99    6.7903     0.006255     0.006704     4.522187   -48.259135
 100    6.7925     0.051727     0.030530    18.856068    12.781561
 101    6.8051     0.003504     0.001730     3.743227     1.520801
 102    6.8198     0.132110     0.141346  -106.170517  -131.114558
 103    6.8276     0.043575     0.027780     8.350256    12.680690
 104    6.8482     0.026073     0.024835    13.963240    31.057812
 105    6.8562     0.043417     0.025575    19.347835    24.936863
 106    6.8634     0.016682     0.012133    -6.064689   -38.549652
 107    6.8720     0.007072     0.005020   -37.226837   -19.220178
 108    6.8820     0.004308     0.008167   -28.958663    42.124630
 109    6.8971     0.018213     0.021370     7.042536     9.362461
 110    6.9029     0.004180     0.010886    12.917978     8.775682
 111    6.9196     0.023493     0.037895    -2.049433   -11.414964
 112    6.9365     0.058166     0.039388    52.587341    43.103553
 113    6.9427     0.030937     0.030817   -71.888187   -70.316568
 114    6.9495     0.005687     0.001670     4.073359     2.956765
 115    6.9583     0.028581     0.014245   -31.678290   -27.548302
 116    6.9673     0.012234     0.005909    41.670154    29.405688
 117    6.9705     0.010505     0.005088     2.910939    -2.643515
 118    6.9753     0.007651     0.006008    38.874460    32.093833
 119    6.9936     0.015413     0.049572     8.812285     1.512352
 120    6.9999     0.056952     0.033350    47.494945    24.703875
 121    7.0026     0.030096     0.013607   -31.108656   -17.110698
 122    7.0178     0.002950     0.003908   -17.874917   -21.078328
 123    7.0385     0.077816     0.036379   -82.122447   -55.568537
 124    7.0511     0.165773     0.095201   226.957632   177.885688
 125    7.0609     0.027601     0.015759    -7.521975     9.528531
 126    7.0678     0.064154     0.045328   -38.254768    -8.858235
 127    7.0762     0.045145     0.039181   -18.702430   -27.895541
 128    7.0860     0.068949     0.055918    -8.920223    -3.734332
 129    7.0928     0.046680     0.036762   -35.736958   -53.051686
 130    7.0983     0.012784     0.011593    12.864218     2.410442
 131    7.1059     0.085373     0.050293    16.350239    11.938511
 132    7.1238     0.181500     0.080354  -204.509403  -137.117835
 133    7.1411     0.107599     0.072596  -276.027538  -161.270056
 134    7.1427     0.023182     0.015166    -9.482120    -6.313942
 135    7.1487     0.053017     0.031167    10.837083     9.607959
 136    7.1556     0.025182     0.013244   -20.630471    -5.721189
 137    7.1635     0.005815     0.008241   -21.384207   -23.126320
 138    7.1726     0.019180     0.015294   -28.819787   -26.936796
 139    7.1764     0.023265     0.007837   -18.176172   -14.366879
 140    7.1915     0.033045     0.018789    59.573699    40.049161
 141    7.1967     0.051808     0.036379    34.878589    20.823535
 142    7.2034     0.010516     0.010660    22.564881    25.678251
 143    7.2063     0.024681     0.015014     7.286377     5.345350
 144    7.2188     0.023062     0.017720    26.135650    43.136679
 145    7.2297     0.028033     0.031276    32.615993    30.175377
 146    7.2399     0.002177     0.003226     2.678848     8.680002
 147    7.2566     0.042606     0.029197    19.878965    22.862573
 148    7.2639     0.000058     0.000540     3.520053    -3.485042
 149    7.2726     0.033629     0.029311    -7.033028   -11.249868
 150    7.2808     0.031921     0.014901    -7.206378    -4.894373
 151    7.2901     0.057047     0.033286   -48.884274   -60.632521
 152    7.2960     0.101979     0.056961   207.338215   102.801773
 153    7.3038     0.051626     0.025294    11.994578    -3.324057
 154    7.3057     0.018170     0.014273    66.358594    57.664100
 155    7.3100     0.012858     0.008957    45.877363    55.953100
 156    7.3206     0.083582     0.038511    93.022765    56.011434
 157    7.3302     0.053487     0.028812   -47.135353   -62.866270
 158    7.3371     0.100941     0.060821   -38.571023   -34.833795
 159    7.3475     0.009443     0.007432    12.458116     7.093341
 160    7.3517     0.024636     0.020288    -4.644905    12.938723
 161    7.3714     0.013169     0.016764   -12.055821    -7.478272
 162    7.3770     0.044515     0.023036   121.034451    64.336359
 163    7.3791     0.059578     0.050201    40.136986    86.851962
 164    7.3985     0.041557     0.022730    -8.745575    -4.602209
 165    7.4068     0.097853     0.042752   108.941989    62.421205
 166    7.4115     0.023639     0.011558   -34.993593   -31.283950
 167    7.4262     0.014624     0.010050   -33.819332   -23.620383
 168    7.4319     0.012573     0.010870    16.962351    10.304515
 169    7.4388     0.044505     0.026134    16.697120     4.560730
 170    7.4446     0.303258     0.195044   173.032295   145.696194
 171    7.4490     0.030733     0.018636    -6.545371   -12.916296
 172    7.4687     0.075068     0.042941    69.615060    77.426801
 173    7.4716     0.030409     0.024142   -48.308328     8.440768
 174    7.4789     0.000318     0.001349    -1.782901    16.022111
 175    7.4893     0.030293     0.048043  -109.347384  -162.568799
 176    7.4993     0.035721     0.028889    -4.419469     6.117281
 177    7.5083     0.006446     0.004115     0.117612    10.299041
 178    7.5263     0.014369     0.018146    36.058078    36.749865
 179    7.5324     0.041817     0.034168     0.752848     2.899005
 180    7.5401     0.000553     0.016083     5.442878   -18.693899
 181    7.5520     0.015942     0.019749    36.644195    52.618651
 182    7.5588     0.008605     0.004904    11.081940    45.951575
 183    7.5636     0.008508     0.007940    25.944212    23.380857
 184    7.5700     0.012788     0.007147   -30.715457     2.516965
 185    7.5795     0.012044     0.007459    -0.456034    21.145651
 186    7.5902     0.043785     0.046870   -51.442686   -54.052583
 187    7.5985     0.004656     0.002167    -8.322864     7.642160
 188    7.6086     0.003771     0.001162   -13.288944    -7.827178
 189    7.6194     0.003957     0.008898   -11.008886   -20.842304
 190    7.6306     0.003206     0.003418    25.887701    23.423828
 191    7.6385     0.014632     0.020285    -1.743319    -5.273008
 192    7.6446     0.004166     0.004192     3.753979     6.492365
 193    7.6635     0.056959     0.025029    30.928336    -9.163530
 194    7.6729     0.007035     0.010737   -19.601344   -31.876601
 195    7.6734     0.008625     0.006919    10.289056     7.951584
 196    7.6759     0.093813     0.054692   -46.236669   -20.236446
 197    7.6845     0.003299     0.012498   -12.639024   -18.132013
 198    7.6927     0.019169     0.034133    12.609903    -0.882620
 199    7.6982     0.012006     0.005392   -33.965027   -27.044270
 200    7.7078     0.022826     0.008951   -26.923455   -20.559638
 201    7.7222     0.000640     0.000727    -0.828513     3.105897
 202    7.7324     0.001359     0.003884    -6.823437    -1.535066
 203    7.7433     0.001872     0.003370    -6.435874    -9.937826
 204    7.7489     0.001599     0.002485    -2.340563    -0.300478
 205    7.7602     0.003791     0.002793    -4.732164    -3.868688
 206    7.7664     0.012984     0.001284   -72.072559   -18.755523
 207    7.7754     0.009601     0.000487   -25.011134    -3.621265
 208    7.7886     0.023995     0.021037   -10.629242   -26.898266
 209    7.7924     0.014986     0.007308   -47.957311   -36.425884
 210    7.7953     0.002790     0.013788    25.106081    21.862995
 211    7.7986     0.023472     0.010870     3.894882    -2.177014
 212    7.8033     0.001144     0.002447     1.136408     0.278726
 213    7.8096     0.001835     0.002804    -1.584672     7.847014
 214    7.8168     0.004084     0.006645   -10.026227   -10.017899
 215    7.8241     0.003841     0.006171     5.386693    35.275285
 216    7.8284     0.067068     0.033758   -15.593260   -11.112442
 217    7.8320     0.040965     0.034722   -54.336657   -12.758533
 218    7.8369     0.047047     0.029669    93.613217    65.000901
 219    7.8461     0.019203     0.044989    49.618890    56.847433
 220    7.8550     0.018128     0.059034    -2.628727   -75.574797
 221    7.8617     0.006518     0.024535    13.965188  -108.278027
 222    7.8770     0.019097     0.024208    12.001236     3.627067
 223    7.8858     0.011906     0.025888   -19.481016  -126.303258
 224    7.8942     0.000825     0.002408     5.776203     8.521846
 225    7.9053     0.033779     0.013832    20.397077     6.713379
 226    7.9061     0.002355     0.004462     7.253828    -9.429021
 227    7.9147     0.003000     0.009647    -5.871238     1.662703
 228    7.9162     0.011615     0.007558    15.008112     7.752464
 229    7.9226     0.032889     0.057326   208.771132   103.717575
 230    7.9323     0.006341     0.022887    16.688600    79.297904
 231    7.9377     0.011535     0.010330   -15.619910   -32.980299
 232    7.9387     0.012247     0.041160    58.650344   -25.337684
 233    7.9419     0.007687     0.017795     7.596793    56.686997
 234    7.9446     0.035724     0.034342   -66.652146    26.997693
 235    7.9476     0.013427     0.043071    37.352735   -76.027707
 236    7.9550     0.001121     0.028724    17.748830    86.334647
 237    7.9655     0.008845     0.012878   -26.956288   -33.811851
 238    7.9676     0.001158     0.026848   -36.662486   149.763875
 239    7.9710     0.008890     0.055375   -14.438379  -119.972833
 240    7.9757     0.026737     0.020582    25.220138    21.989007
 241    7.9796     0.001674     0.073333    -8.132917  -186.736564
 242    7.9842     0.032539     0.038903    85.595008    83.819158
 243    7.9965     0.020460     0.038108    46.171718    53.881243
 244    8.0017     0.011386     0.046231   -11.271213   -12.829936
 245    8.0042     0.020870     0.010768   -36.625298   -26.091855
 246    8.0160     0.004705     0.001077     1.215302     0.354409
 247    8.0233     0.030938     0.020181    17.137640    17.430179
 248    8.0332     0.004035     0.004554    15.547809     0.843576
 249    8.0388     0.008344     0.012452   -10.745485   -17.010656
 250    8.0397     0.006448     0.008161    18.493474    26.961652
 251    8.0482     0.022628     0.016971    69.121116    76.598297
 252    8.0500     0.001714     0.005111    -3.535980    12.716397
 253    8.0537     0.002402     0.005568   -13.254127   -32.572195
 254    8.0616     0.010085     0.003917    12.420704    -5.052075
 255    8.0706     0.031745     0.016544   -27.384903    -5.206686
 256    8.0718     0.022797     0.014761    -7.988267    -0.829331
 257    8.0751     0.039591     0.035781   -32.440235     1.209483
 258    8.0794     0.004524     0.001387     8.776738     5.907793
 259    8.0860     0.052138     0.032856    26.026163    50.630367
 260    8.0867     0.006643     0.005640    33.385331    30.698805
 261    8.0938     0.015734     0.004513     1.270791   -13.127004
 262    8.0964     0.094412     0.067165   -54.433496   -67.451072
 263    8.0995     0.021951     0.015547    58.298196    49.533405
 264    8.1047     0.044212     0.039368   -28.579656   -14.084424
 265    8.1090     0.035467     0.016368   -39.119508   -20.110793
 266    8.1158     0.004752     0.007700     5.386975    31.562072
 267    8.1198     0.007486     0.004251    -4.785550    -0.789226
 268    8.1235     0.026566     0.017501   -20.376052   -41.881336
 269    8.1311     0.055208     0.030165   -21.353302   -14.308612
 270    8.1384     0.006467     0.000973    25.433756     7.377388
 271    8.1408     0.049645     0.037254   -12.606938   -12.348674
 272    8.1489     0.040535     0.031779    16.765382    21.710251
 273    8.1549     0.004071     0.007292    19.127000    20.356100
 274    8.1595     0.003546     0.001382    -3.759893    -2.750101
 275    8.1630     0.022368     0.014057     2.308429    -1.503442
 276    8.1684     0.015762     0.002869     1.113336    15.065424
 277    8.1818     0.004738     0.009557     6.997628    31.750046
 278    8.1851     0.002997     0.000948    11.208167    -6.634186
 279    8.1915     0.007187     0.006150    -2.383089   -14.353154
 280    8.1933     0.017051     0.014015   -22.111318   -18.731896
 281    8.1969     0.028756     0.018611    11.088778     7.925963
 282    8.2079     0.001865     0.004971     3.097020    10.291436
 283    8.2160     0.002500     0.001276     1.085179    -2.189429
 284    8.2181     0.012968     0.016890     0.843345    11.776700
 285    8.2280     0.015027     0.005799   -13.209271   -14.690279
 286    8.2363     0.032333     0.020172     3.002445     6.361205
 287    8.2412     0.004311     0.006365     2.284499    -2.241731
 288    8.2442     0.104218     0.059213    31.085013    26.758982
 289    8.2508     0.028604     0.016239    13.941591    18.081192
 290    8.2575     0.066324     0.037354   -44.970114   -23.971081
 291    8.2595     0.015839     0.012896    36.313191    30.832081
 292    8.2727     0.011803     0.010493    11.086720    21.149172
 293    8.2762     0.005381     0.011405    34.439608    63.234030
 294    8.2804     0.019865     0.012824    10.165998     5.619961
 295    8.2817     0.008112     0.007609   -20.278847   -15.464638
 296    8.3004     0.021315     0.011298    26.055788     8.552916
 297    8.3044     0.040120     0.024191     6.699147     3.107066
 298    8.3084     0.025353     0.013359    14.065507    16.438334
 299    8.3115     0.039799     0.015585   -48.754078   -37.431600
 300    8.3193     0.005912     0.006419   -28.802099   -34.270812
 301    8.3245     0.003648     0.003891    17.345279    12.870073
 302    8.3331     0.094941     0.046891   -23.524891   -15.131469
 303    8.3441     0.008076     0.003284    -8.719252     8.778631
 304    8.3493     0.010631     0.010414   -50.724680   -52.902007
 305    8.3543     0.013123     0.010015    -4.882475     1.285448
 306    8.3576     0.010037     0.006127    -3.221851    -4.925965
 307    8.3663     0.005918     0.006985     2.994803    10.615990
 308    8.3692     0.024103     0.012802    51.439467    40.297486
 309    8.3743     0.010382     0.005911   -64.656993   -15.798961
 310    8.3761     0.022018     0.012740     1.503212     3.779407
 311    8.3764     0.000936     0.001765     2.705974     3.299312
 312    8.3799     0.016276     0.010927   -18.261706    -3.549459
 313    8.3848     0.006438     0.024020    -6.598256     8.458015
 314    8.3867     0.015275     0.010116   -19.744261   -14.321057
 315    8.3907     0.014260     0.002259   -22.824579    -9.800930
 316    8.4000     0.002296     0.001246     5.986180     4.440540
 317    8.4043     0.013664     0.006528     0.200434    -3.040443
 318    8.4044     0.001552     0.004148    -4.503541    -9.377318
 319    8.4105     0.000354     0.000126    -5.386258    -3.312334
 320    8.4195     0.010664     0.006905    11.849885     6.814393
 321    8.4205     0.012189     0.014466    39.928350    47.623093
 322    8.4245     0.006879     0.003868   -24.034802    -7.677680
 323    8.4275     0.002084     0.001213    -4.956375    -2.529135
 324    8.4302     0.010236     0.007724    -0.274218     1.060555
 325    8.4359     0.005330     0.010072     8.713924    32.091697
 326    8.4407     0.011006     0.011148    -6.123954    -6.295002
 327    8.4456     0.004003     0.002479    -4.797742    -7.463743
 328    8.4521     0.004624     0.002562    -4.228729    -7.725487
 329    8.4548     0.000744     0.008954   -13.609016   -23.354540
 330    8.4560     0.007649     0.013253    -8.124132   -11.108503
 331    8.4581     0.002137     0.001193     1.756001     3.272029
 332    8.4657     0.007014     0.006850    13.111321    14.332095
 333    8.4770     0.007407     0.007709    -2.248782    -2.209415
 334    8.4800     0.003245     0.001359     7.993749     1.031693
 335    8.4829     0.003487     0.002700     6.142639    14.659322
 336    8.4866     0.006732     0.002354   -15.017502   -12.733296
 337    8.4897     0.001615     0.004783    -4.185012    -8.679287
 338    8.4998     0.012945     0.005338   -23.114743   -14.055984
 339    8.5044     0.006803     0.003613    14.053767    11.121362
 340    8.5106     0.004823     0.002871     2.511186     2.273404
 341    8.5138     0.000492     0.006247     3.381202    12.135477
 342    8.5188     0.010820     0.007833    -7.813016    -3.036037
 343    8.5248     0.008364     0.007231     5.294975    12.790542
 344    8.5287     0.002454     0.001196    -4.264245    -8.481480
 345    8.5346     0.013964     0.006882    -6.963236    -6.387559
 346    8.5366     0.004767     0.003328     6.592214     7.801066
 347    8.5423     0.040076     0.019353   -17.889409    -5.116530
 348    8.5491     0.021121     0.011741   -25.793988   -16.149154
 349    8.5520     0.028018     0.017325   -13.309143   -10.171084
 350    8.5575     0.020464     0.010016   -31.072592   -25.477919
 351    8.5596     0.000551     0.001302     2.828860     4.022669
 352    8.5653     0.044541     0.035772    44.860654    35.926625
 353    8.5703     0.007362     0.004946    -6.110590    -5.324007
 354    8.5764     0.004703     0.005417     5.246944    10.253657
 355    8.5775     0.012453     0.007692     8.728679     7.528135
 356    8.5819     0.003111     0.002801    12.874630    10.828794
 357    8.5856     0.004406     0.007141    19.517998    30.440738
 358    8.5948     0.007901     0.004626    -4.167110    -1.597188
 359    8.5950     0.000571     0.000322    -3.238032    -3.276440
 360    8.6014     0.007551     0.007942    23.388759    26.049345
 361    8.6043     0.018605     0.012729   -27.221583   -22.823166
 362    8.6058     0.004761     0.001712    17.424100    11.306871
 363    8.6176     0.052662     0.027167    -4.341593     0.474611
 364    8.6220     0.011264     0.004397    -7.543948    -7.476963
 365    8.6276     0.019630     0.012007    87.165193    72.175946
 366    8.6362     0.027133     0.019311   -16.088156   -22.558663
 367    8.6395     0.004969     0.004722    -0.678261     4.082986
 368    8.6449     0.024649     0.010022     0.912890    -2.219862
 369    8.6512     0.015867     0.007428    21.112213     4.168104
 370    8.6547     0.025848     0.011749    -9.624065    -5.849465
 371    8.6572     0.031718     0.013703    54.285647    34.440453
 372    8.6604     0.003056     0.004371     9.166627     8.674640
 373    8.6644     0.035894     0.024021   -13.176972   -35.128825
 374    8.6717     0.018626     0.021395    -3.984778    10.788713
 375    8.6727     0.022729     0.010278    22.525771    15.000558
 376    8.6770     0.032923     0.034083    -4.212649   -12.092203
 377    8.6816     0.030201     0.019053   -10.027971     0.289667
 378    8.6884     0.021323     0.014328   -10.303260   -17.220699
 379    8.6906     0.014744     0.006738   -14.239350    -6.878223
 380    8.6979     0.040313     0.020678   -49.675823   -74.685589
 381    8.7013     0.001503     0.000833     0.834990    -0.119809
 382    8.7033     0.014433     0.008792    36.537155    25.998364
 383    8.7048     0.048554     0.035719   -11.333863    19.376122
 384    8.7118     0.009622     0.005822     5.106122    13.154658
 385    8.7144     0.018790     0.005464     3.771979     5.703845
 386    8.7227     0.039557     0.029821    11.331593    22.711025
 387    8.7271     0.003639     0.003649     5.336308    17.751500
 388    8.7368     0.068813     0.041009   -40.049798   -12.404478
 389    8.7457     0.059825     0.037260   -32.417069   -18.959722
 390    8.7483     0.001939     0.001884    -1.653150     4.715649
 391    8.7556     0.005264     0.004158    -5.616297    -4.662726
 392    8.7606     0.023324     0.010198    20.841792    17.179964
 393    8.7658     0.000565     0.000157    -0.683564    -0.099983
 394    8.7694     0.024730     0.017404   -29.079875   -26.732817
 395    8.7732     0.024075     0.008368   -68.271478   -13.308823
 396    8.7859     0.028384     0.016615    25.651192    19.634133
 397    8.7880     0.000549     0.000436     1.007930     3.743328
 398    8.7928     0.000564     0.004344    -0.202095    -8.702442
 399    8.7971     0.084558     0.071256    92.681045    76.141770
 400    8.8022     0.081282     0.054744  -106.449626   -79.072190
 401    8.8069     0.021982     0.010767    11.273545     8.456648
 402    8.8071     0.031759     0.015423     5.018312    -3.070327
 403    8.8124     0.018408     0.011421    -4.372182    -0.779965
 404    8.8148     0.000795     0.003446    -0.341097     2.992904
 405    8.8219     0.039936     0.024345   -32.756873   -36.339729
 406    8.8239     0.052440     0.038609   -57.127114   -46.531252
 407    8.8274     0.014581     0.007270   -17.972719    -4.583878
 408    8.8298     0.025454     0.010854   -27.687587   -14.752626
 409    8.8333     0.018371     0.014691    -6.491305    -1.066985
 410    8.8354     0.008774     0.009383   -26.009485   -24.557277
 411    8.8386     0.000189     0.000111    -2.970010    -0.373485
 412    8.8418     0.003267     0.005381     3.425887    -9.067878
 413    8.8505     0.041849     0.024563    52.315841    27.808097
 414    8.8597     0.002546     0.006180   -14.929572     3.904607
 415    8.8666     0.011605     0.007123    -9.027836    -6.722480
 416    8.8723     0.019088     0.014338   -32.022637   -33.921652
 417    8.8786     0.003733     0.003703    10.143400    11.747871
 418    8.8815     0.015371     0.012591   -11.119057   -13.813800
 419    8.8856     0.001600     0.003171     6.816453     7.116889
 420    8.8877     0.008051     0.009734    10.387211    14.285222
 421    8.8945     0.019593     0.011116   -21.066859   -15.654354
 422    8.9073     0.031951     0.015290   -11.011825    -9.040281
 423    8.9120     0.006046     0.008290    14.063473     5.467587
 424    8.9183     0.010029     0.012087   -17.303617   -25.997333
 425    8.9207     0.027343     0.018773    35.281100    25.998918
 426    8.9273     0.004592     0.012424    -2.049679   -11.063309
 427    8.9314     0.034076     0.015322   -16.647516     0.816809
 428    8.9394     0.003888     0.003279   -13.943612   -12.563502
 429    8.9424     0.060850     0.047618    22.487464    25.157510
 430    8.9494     0.030456     0.020188    13.279716    15.057586
 431    8.9530     0.020980     0.011574   -17.433935   -17.715954
 432    8.9561     0.000250     0.005138    -0.780841    -2.813653
 433    8.9652     0.004821     0.000314    28.440690    -2.149512
 434    8.9675     0.011691     0.004203    10.438446    -6.576493
 435    8.9683     0.049083     0.032290   -56.048290   -36.647343
 436    8.9703     0.006514     0.006079   -14.755020     8.710713
 437    8.9755     0.009945     0.008830   -14.942520   -15.072448
 438    8.9786     0.008358     0.008329    -2.103135    -3.507777
 439    8.9840     0.017170     0.014936   -26.348491   -11.335767
 440    8.9873     0.030693     0.020309    13.784367    18.824488
 441    8.9934     0.007619     0.003750   -31.574433   -11.127385
 442    8.9947     0.001341     0.006554    -1.734687    -5.540110
 443    8.9973     0.003998     0.003794    -2.298254    -0.224099
 444    9.0047     0.014892     0.011844    33.954244    27.601595
 445    9.0075     0.007515     0.014144    27.400225    36.302422
 446    9.0139     0.003267     0.006217   -12.883681   -18.357629
 447    9.0151     0.012111     0.014277    26.860511    42.339049
 448    9.0181     0.004572     0.009674     2.029298    -4.925492
 449    9.0253     0.012446     0.005444    -2.547973    -1.808419
 450    9.0256     0.001714     0.001525    -5.578425    -3.597185
 451    9.0303     0.001085     0.003452    -4.742207    -7.103028
 452    9.0355     0.031841     0.018224   -17.328682   -13.420997
 453    9.0376     0.022317     0.012833    14.590995     8.137972
 454    9.0440     0.012197     0.023933   -11.361110   -11.468454
 455    9.0461     0.024161     0.014874    12.985482    12.372333
 456    9.0553     0.000652     0.001391     0.565417    -1.364216
 457    9.0586     0.010006     0.010015   -16.014845    14.384607
 458    9.0603     0.032721     0.011823   -10.030519    -5.484974
 459    9.0665     0.003643     0.003759     8.773667     2.585450
 460    9.0704     0.013353     0.010957    -6.080808    10.328300
 461    9.0722     0.000955     0.001406    -1.816004    -1.091008
 462    9.0733     0.010288     0.010601   -30.628529   -26.472871
 463    9.0761     0.004037     0.002966     0.890907     2.082702
 464    9.0782     0.021644     0.013236   -28.394649   -28.871208
 465    9.0860     0.016344     0.012253   -35.958910   -15.972503
 466    9.0900     0.000748     0.000131    -4.472290     3.361412
 467    9.0960     0.009251     0.017259   -18.064554   -18.258160
 468    9.0985     0.002072     0.001512     3.384711    -2.252030
 469    9.1042     0.015394     0.010434   -27.936592   -21.698672
 470    9.1059     0.009193     0.010370     2.388415     3.569913
 471    9.1143     0.023537     0.018240     9.053890     9.711916
 472    9.1173     0.010485     0.005787    -4.010040    -3.771806
 473    9.1229     0.000690     0.000324    -0.308768    -0.217914
 474    9.1265     0.013322     0.003264     8.339154     2.646902
 475    9.1338     0.007185     0.004993    36.494038    -3.404638
 476    9.1366     0.004317     0.002440    -1.801861    -4.721869
 477    9.1438     0.006466     0.004056   -10.356649   -12.439327
 478    9.1460     0.019965     0.024727     6.215654    -1.406498
 479    9.1504     0.009977     0.006919     6.222976     1.036795
 480    9.1539     0.015932     0.003607    -0.125298    -1.988473
 481    9.1573     0.032015     0.017111    21.748721    17.200027
 482    9.1597     0.007020     0.000593     3.255901     7.049479
 483    9.1640     0.020711     0.014048     4.505516    -6.071017
 484    9.1693     0.055636     0.037914    26.013516    23.848884
 485    9.1724     0.009648     0.010221   -18.037562   -21.010733
 486    9.1734     0.007625     0.004596     1.610230     1.958968
 487    9.1796     0.026206     0.019674   -39.496016   -33.509312
 488    9.1868     0.016976     0.007625    13.372311    11.864665
 489    9.1879     0.003777     0.003562    16.898888    12.789560
 490    9.1941     0.004823     0.011037     7.264624     8.867293
 491    9.2042     0.003181     0.000266    -7.036077    -0.028912
 492    9.2089     0.007277     0.004688    12.980208     9.630354
 493    9.2139     0.016221     0.004046   -11.987469    -7.557175
 494    9.2172     0.005143     0.001097     9.009538     2.198522
 495    9.2248     0.011337     0.003903     6.037133     2.748415
 496    9.2271     0.012570     0.015467    -4.879439     2.926587
 497    9.2300     0.007229     0.005171   -12.250979    -6.865632
 498    9.2334     0.020543     0.012209    12.890199   -23.138668
 499    9.2376     0.026069     0.021249   -26.975793   -14.752627
 500    9.2402     0.001091     0.000200    -1.756286     1.049634
 501    9.2445     0.013639     0.011187    -0.073341     9.811802
 502    9.2477     0.004676     0.005944     5.699255    15.081714
 503    9.2493     0.009428     0.007072    -4.758556    -5.851378
 504    9.2510     0.002320     0.001783    -2.995735    -2.175789
 505    9.2569     0.003890     0.002777    -1.372174     2.710366
 506    9.2627     0.005833     0.009489     6.928009    10.616738
 507    9.2689     0.002559     0.002174     3.935169     6.608553
 508    9.2725     0.003214     0.006361     6.316772     7.642503
 509    9.2792     0.009347     0.005148    -0.327088    -3.741932
 510    9.2811     0.005573     0.004916    16.017124    15.300347
 511    9.2821     0.004045     0.007835    -4.339237    -5.395529
 512    9.2875     0.012206     0.007221     3.039822    -8.108650
 513    9.2882     0.004790     0.003553    -6.074870    -4.040394
 514    9.2918     0.002899     0.001779    -1.378161    -1.406851
 515    9.3020     0.006573     0.005343    -5.576494    -7.236511
 516    9.3025     0.002208     0.001297     4.242291     3.167204
 517    9.3067     0.006722     0.007264     3.648699     3.584740
 518    9.3092     0.012638     0.012615     9.020399     6.826146
 519    9.3119     0.008356     0.011092    13.480311    15.505749
 520    9.3164     0.002393     0.010625     5.856626    10.788028
 521    9.3171     0.001565     0.001431     1.886437    -1.965719
 522    9.3271     0.004329     0.003959     4.328331     5.407913
 523    9.3298     0.000294     0.000199    -1.400696    -0.585434
 524    9.3330     0.021788     0.011786     1.584033     7.561741
 525    9.3360     0.003084     0.005898     6.562522    -7.105513
 526    9.3393     0.017549     0.016452   -24.213046   -24.745304
 527    9.3454     0.004082     0.001949    -1.828600    -0.751817
 528    9.3480     0.001865     0.001481    -8.609271   -14.639357
 529    9.3500     0.001362     0.005609     2.549994    -5.071282
 530    9.3517     0.002755     0.003926    -9.132979    -1.512878
 531    9.3571     0.004373     0.005608    10.790447    16.879615
 532    9.3619     0.015892     0.006937    25.085038    15.831603
 533    9.3690     0.004291     0.002220     8.422477     0.703435
 534    9.3699     0.017645     0.019528   -10.192201   -11.899799
 535    9.3726     0.003571     0.006613   -10.455489    -8.568473
 536    9.3767     0.013158     0.011630    11.190707    -1.639934
 537    9.3799     0.012678     0.007683     5.422456     5.921067
 538    9.3906     0.016302     0.011955     9.777287    10.359943
 539    9.3943     0.009403     0.006189    17.493882    14.289099
 540    9.3965     0.003854     0.005829    -4.638671    -2.909066
 541    9.3981     0.027728     0.021799    24.218272    18.339135
 542    9.4037     0.002622     0.000690    -5.102664     5.315218
 543    9.4074     0.003321     0.004557    -5.580294    11.797062
 544    9.4111     0.002352     0.000737    -3.231171    -0.974971
 545    9.4170     0.002341     0.001911    -0.651093    -1.456426
 546    9.4220     0.004134     0.001759   -10.263221    -0.703019
 547    9.4266     0.012064     0.006217    -2.840776    -1.755941
 548    9.4270     0.000437     0.002168     1.054179     5.025326
 549    9.4324     0.007119     0.005341    14.250177    12.456356
 550    9.4357     0.004251     0.002527     1.889013     1.755555
 551    9.4384     0.013473     0.006768   -17.478655   -11.774028
 552    9.4421     0.001790     0.000695     0.093725     0.128820
 553    9.4441     0.000888     0.001176     0.550078     3.162966
 554    9.4456     0.005883     0.002817     5.223595     3.447317
 555    9.4467     0.002943     0.001076    -5.995434    -2.416204
 556    9.4550     0.007312     0.005898     7.529871     3.798449
 557    9.4568     0.007061     0.004914     2.362510    15.347693
 558    9.4582     0.004448     0.001564     3.838921     2.087869
 559    9.4656     0.000921     0.001399     4.094398    -0.934630
 560    9.4686     0.002163     0.003646    -1.830598    -4.461450
 561    9.4719     0.003782     0.003880     2.418083     7.241153
 562    9.4781     0.008897     0.004851    15.896446     7.424226
 563    9.4825     0.000968     0.000165     3.317665     0.729795
 564    9.4906     0.002812     0.005974   -10.435179   -13.984169
 565    9.4932     0.006402     0.008526   -18.899715   -18.615931
 566    9.4948     0.001728     0.000437     5.972348     1.702267
 567    9.4984     0.004181     0.004164     0.760667     2.098670
 568    9.5016     0.001231     0.001363    -0.656187    -5.844570
 569    9.5082     0.009351     0.005906    -4.370843     0.055838
 570    9.5110     0.000507     0.000591    -1.694130    -3.240420
 571    9.5123     0.003399     0.002206    -0.212665     1.740877
 572    9.5164     0.006794     0.004282     2.077254    -0.523127
 573    9.5182     0.004868     0.008168    -7.374741     3.342180
 574    9.5230     0.008461     0.004421     5.296610     2.140356
 575    9.5275     0.003967     0.002090   -11.205498    -7.076399
 576    9.5288     0.011748     0.007870    -9.954330   -12.017477
 577    9.5320     0.001091     0.000566     5.655566     1.499162
 578    9.5333     0.001487     0.000411     3.905038     1.479299
 579    9.5364     0.005531     0.005076     4.664528     2.400284
 580    9.5391     0.001774     0.001746     2.257249     0.227947
 581    9.5416     0.002809     0.007157     0.379420    -0.541180
 582    9.5496     0.001391     0.003877    -3.816686    15.798442
 583    9.5532     0.020806     0.012413     5.547938     5.606035
 584    9.5565     0.001103     0.005660     2.221088     6.543759
 585    9.5578     0.009469     0.004124   -12.149733    -1.107854
 586    9.5648     0.010348     0.021796    18.164978    27.392719
 587    9.5681     0.012129     0.003173    12.312290     5.898141
 588    9.5754     0.013186     0.018575   -22.558436   -32.381158
 589    9.5800     0.030633     0.020157   -34.783796   -28.454007
 590    9.5825     0.006354     0.002800    -7.280568    -5.132268
 591    9.5858     0.001251     0.000989    -1.992938    -0.741326
 592    9.5908     0.005089     0.000980     5.820553    -5.382194
 593    9.5953     0.002429     0.003581    -5.441600    -6.582742
 594    9.5979     0.008628     0.008339    -4.484101     2.492001
 595    9.6004     0.000523     0.001176     2.207148     1.436330
 596    9.6093     0.000775     0.001833    -4.512873     1.554147
 597    9.6123     0.027232     0.015717   -28.626990   -18.736730
 598    9.6131     0.003729     0.004277     0.975277     0.229485
 599    9.6167     0.003936     0.001010     1.872556     3.777272
 600    9.6221     0.007060     0.005721    -9.355374   -12.414624
 601    9.6271     0.002984     0.003514     6.531605    10.830471
 602    9.6333     0.006573     0.009078    11.316399    -0.528025
 603    9.6373     0.003885     0.002214    -2.643552    -1.276321
 604    9.6401     0.001100     0.003461    -6.635984   -11.440826
 605    9.6409     0.007769     0.004332     7.539517     3.604186
 606    9.6425     0.005204     0.010446     0.223694    10.871386
 607    9.6513     0.005393     0.003413     1.276654     5.367067
 608    9.6523     0.022275     0.011828    -9.940243    -9.480588
 609    9.6554     0.006555     0.003202    -5.014951    -4.048063
 610    9.6564     0.001549     0.005184    -1.493938   -12.745517
 611    9.6612     0.000091     0.003501     1.793177    -5.801429
 612    9.6627     0.001236     0.000640     4.918127     3.669731
 613    9.6648     0.000010     0.000502    -0.251193     0.213860
 614    9.6668     0.000666     0.001920     7.048757    11.916223
 615    9.6695     0.000250     0.001535    -1.072955    -0.592698
 616    9.6720     0.001955     0.000413     6.005880     1.634344
 617    9.6736     0.002988     0.003320    14.985236    12.501922
 618    9.6751     0.002727     0.002894    -1.070690    -0.014463
 619    9.6824     0.005098     0.006098     0.461412     0.195550
 620    9.6851     0.001892     0.002968     0.489342     0.217027
 621    9.6880     0.001258     0.002531    -2.706056    -6.855724
 622    9.6937     0.005304     0.007745    -9.871758    -8.984293
 623    9.6973     0.003563     0.009013    -9.965883   -14.946783
 624    9.6984     0.006719     0.004471     9.355882    -4.319898
 625    9.6992     0.005130     0.003400    -3.173216    -5.322008
 626    9.7009     0.010291     0.003726    -2.173942    -4.310543
 627    9.7014     0.005632     0.011498    -4.069347    -3.291123
 628    9.7028     0.006129     0.005264   -10.049176     3.810930
 629    9.7075     0.002962     0.007667     1.009741    -5.427574
 630    9.7113     0.006603     0.006682     3.183575    -4.306364
 631    9.7130     0.005590     0.007339    -5.273390    -6.574773
 632    9.7160     0.004495     0.002362    11.497969     0.149065
 633    9.7174     0.007842     0.007984    -5.563925    -9.691462
 634    9.7181     0.002368     0.001748    -4.363660    -3.763347
 635    9.7223     0.003958     0.004969    -1.299144     1.126110
 636    9.7248     0.007216     0.005348    22.294319    19.433948
 637    9.7262     0.000494     0.001410    -2.245013     1.096202
 638    9.7296     0.001093     0.001712     2.657395     4.236174
 639    9.7336     0.000784     0.000528    -2.185944    -1.965935
 640    9.7354     0.006769     0.005213     5.625638    12.888158
 641    9.7385     0.002017     0.002163     4.159219    -1.504432
 642    9.7411     0.002838     0.001248    -0.740489     0.468483
 643    9.7436     0.000372     0.001863     2.090458    -0.031013
 644    9.7495     0.001584     0.001227     2.586371     0.877981
 645    9.7498     0.004094     0.004378    -1.141560    -1.563028
 646    9.7548     0.004047     0.000549    -1.347813    -1.773301
 647    9.7560     0.010431     0.001511    16.190396     3.766739
 648    9.7592     0.007936     0.014405    -1.694395     5.211922
 649    9.7646     0.011875     0.008746    17.959640     2.679091
 650    9.7658     0.003432     0.007201     5.895217    -8.931432
 651    9.7668     0.003674     0.001661    -3.728473    -4.272032
 652    9.7721     0.000554     0.000584     2.037663    -1.469371
 653    9.7731     0.001674     0.000881    -0.275935     0.046716
 654    9.7779     0.008066     0.014231    -5.236178   -12.589440
 655    9.7791     0.012707     0.011702     5.755860     6.488125
 656    9.7826     0.004671     0.005468    12.880329     1.208621
 657    9.7835     0.000753     0.006088     0.036987    -2.129339
 658    9.7859     0.005996     0.019194     0.274177    -4.728822
 659    9.7890     0.007717     0.004966    -2.455631    -2.008879
 660    9.7923     0.002363     0.003445     5.886417     7.253026
 661    9.7964     0.000897     0.004831     2.469091    -0.947102
 662    9.7980     0.006633     0.002575   -11.210601    -4.836285
 663    9.8021     0.006234     0.000831   -11.015981    -5.880002
 664    9.8079     0.000616     0.000225     0.966533    -0.925596
 665    9.8116     0.005866     0.002116    -6.562950   -14.759927
 666    9.8155     0.006410     0.008927   -27.678221   -23.383175
 667    9.8207     0.001887     0.000561   -11.374321    -1.775750
 668    9.8222     0.014442     0.011884    22.566512    28.720276
 669    9.8243     0.004597     0.001803     6.561320     5.683801
 670    9.8273     0.002670     0.002744    10.135456    10.009168
 671    9.8310     0.003542     0.006240    15.710204    14.316999
 672    9.8351     0.002992     0.000128     2.011661    -2.041557
 673    9.8365     0.000447     0.000939    -4.326732    -6.881183
 674    9.8378     0.002527     0.002123    -7.155628    -5.980794
 675    9.8428     0.006355     0.006312    -6.347174     1.655841
 676    9.8452     0.001239     0.000280     4.399433    -0.068966
 677    9.8483     0.002861     0.003345    -1.569969     6.497049
 678    9.8487     0.019454     0.009799    11.656668     8.996397
 679    9.8511     0.000843     0.000871    -2.312141    -0.986443
 680    9.8537     0.007691     0.011458     5.382755    12.707668
 681    9.8553     0.005821     0.006857   -11.291042   -17.034715
 682    9.8592     0.001515     0.012752    -3.370892     6.023572
 683    9.8650     0.017978     0.012150    40.290834    34.831709
 684    9.8670     0.003011     0.000550     3.877267     1.773499
 685    9.8714     0.015176     0.007478    35.897907    32.658205
 686    9.8751     0.008166     0.009210    -7.734571    -9.060282
 687    9.8764     0.011908     0.008860    14.356555     9.800089
 688    9.8798     0.001433     0.003822    -2.083508    -0.604652
 689    9.8828     0.003325     0.000140     0.653715    -2.458004
 690    9.8898     0.006484     0.004772    -1.007830     2.181693
 691    9.8928     0.004067     0.002575    -6.851367    -5.758932
 692    9.8995     0.002240     0.007117    -2.464880     0.971584
 693    9.9035     0.002418     0.002415     3.509946     3.320322
 694    9.9062     0.010385     0.006481     0.548228     1.984778
 695    9.9083     0.005841     0.003074     3.716695     2.809322
 696    9.9128     0.012992     0.017822   -17.653744     5.557619
 697    9.9192     0.002175     0.000724    -9.357595    -3.139373
 698    9.9202     0.000793     0.000433     3.859136    -2.615566
 699    9.9253     0.002251     0.003818    -2.500820    -0.306957
 700    9.9282     0.010771     0.014582   -11.253767     9.131409
 701    9.9309     0.002203     0.003461    -1.424047    -1.376940
 702    9.9345     0.004949     0.004465     1.325498     0.964180
 703    9.9388     0.002089     0.000137    -1.290883    -2.725010
 704    9.9410     0.003497     0.000472     3.378725    -0.605497
 705    9.9487     0.001642     0.003834    -1.757000     0.584234
 706    9.9509     0.004616     0.002129    -4.922887     0.157781
 707    9.9536     0.001456     0.001176     2.257436     0.671006
 708    9.9595     0.001745     0.002257    -0.877541     0.016490
 709    9.9614     0.002449     0.003330     5.882956     6.937856
 710    9.9671     0.003946     0.002048     7.266260     0.272903
 711    9.9698     0.009437     0.007149   -15.302875   -15.470190
 712    9.9760     0.002323     0.002012     0.905150     2.078821
 713    9.9779     0.007272     0.006207    12.133663    12.841346
 714    9.9822     0.009976     0.005756   -14.557476    -9.000005
 715    9.9851     0.001259     0.003802    -2.860376     5.127884
 716    9.9892     0.010939     0.004710     1.508470     1.297334
 717    9.9939     0.001939     0.001641    -2.381974    -1.333170
 718    9.9952     0.006538     0.003852     0.831180     6.914650
 719    9.9993     0.000332     0.001552     1.688244     3.565255
