   37
          3          1          3
          3          4          6
          7          7         13
          7         14         20
          4         21         24
          1         25         25
          2         26         27
          8         28         35
          6         36         41
          3         42         44
          6         45         50
          5         51         55
          5         56         60
          3         61         63
          2         64         65
          4         66         69
          1         70         70
          2         71         72
          3         73         75
          1         76         76
          4         77         80
          3         81         83
          1         84         84
          1         85         85
          1         86         86
          1         87         87
          1         88         88
          1         89         89
          1         90         90
          1         91         91
          2         92         93
          2         94         95
          1         96         96
          1         97         97
          1         98         98
          1         99         99
          1        100        100
