$coord
          1.510365711394          6.554405804603          3.129851316402     c 
          0.446779659630          8.628518558801          1.918312007982     c 
         -1.490815634734          8.393550613694          0.331397268639     n 
         -2.460140571545          6.153966213100         -0.074470232340     c 
         -1.579888493471          3.904161839058          1.055992046015     c 
         -2.719469980390          1.493565347645          0.524700937519     c 
         -5.319530544128          1.352950577279          0.152994155579     c 
         -6.604840901084         -0.923494009540          0.182831083644     c 
         -9.211332584527         -1.002368100319         -0.146019201678     n 
        -10.548901798589          0.262405997162         -2.000257819632     c 
         -9.667160453038          1.750613501209         -3.973007684131     c 
        -11.423960180911          2.759060399192         -5.623431510342     c 
        -13.999514981054          2.289909910408         -5.341051390518     c 
        -14.885072820750          0.759889201942         -3.416490550487     c 
        -13.156414560938         -0.273072072722         -1.737364774251     c 
        -13.389047662026         -1.938014014997          0.397731334772     c 
        -15.434205472338         -3.065619722365          1.588719692221     c 
        -14.994328497611         -4.550003202445          3.694286683576     c 
        -12.556759960194         -4.881081903544          4.632185664387     c 
        -10.489979657876         -3.773557443924          3.478697420187     c 
        -10.910425926444         -2.334945663682          1.324439316548     c 
         -5.230217483405         -3.200081362892          0.619327460607     c 
         -2.673914569233         -3.126735912105          0.870540848694     c 
         -1.272988327731         -0.848610356604          0.664987132481     c 
          1.394181166389         -0.909943283259          0.416863497400     c 
          2.883644399984         -2.883347315729          1.479733152682     c 
          5.453826480967         -2.913381670703          1.273307521856     c 
          6.739348957721         -0.988932853368         -0.046084881020     c 
          9.357906331824         -1.018479851044         -0.241101203276     n 
         10.945734153638          1.021874153034          0.145339725434     c 
         10.370619363152          3.467870894454          0.900972439216     c 
         12.347292543093          5.147126293607          1.218033678851     c 
         14.845508444820          4.419369214345          0.815126371318     c 
         15.436231160441          1.971213173611          0.118615454569     c 
         13.483331176543          0.252746995217         -0.210070518240     c 
         13.406513182518         -2.385419556682         -0.854749858113     c 
         15.253194515484         -4.148704016751         -1.450829212684     c 
         14.512855996062         -6.580362723948         -2.056701666711     c 
         11.966044578108         -7.246156730328         -2.111729208310     c 
         10.093060515735         -5.520820375793         -1.526036618314     c 
         10.826529044368         -3.093196899060         -0.851291701084     c 
          5.310167962468          0.944963559426         -1.170228758962     c 
          2.738425684773          0.989683002398         -0.950080603659     c 
          0.500614521622          4.192317395198          2.713032089837     c 
          3.075270588886          6.811466542750          4.414297624720     h 
          1.136590140765         10.528647991520          2.210242330293     h 
         -3.973184305374          6.100951129199         -1.451284095088     h 
         -6.405100769412          3.079350088911          0.049908051920     h 
         -7.672739354059          2.089629137433         -4.230959235315     h 
        -10.784455846829          3.929391052151         -7.168401175835     h 
        -15.315523822365          3.118647475713         -6.662541100102     h 
        -16.877608398547          0.366340329885         -3.224992653083     h 
        -17.328556205711         -2.776651780203          0.888815989132     h 
        -16.560726852183         -5.447727818204          4.645918845471     h 
        -12.275315615142         -6.016109371566          6.304922009016     h 
         -8.617306699495         -4.000544992935          4.252658540927     h 
         -6.230054280089         -4.976795436006          0.608665176234     h 
         -1.658239874444         -4.886271484960          1.047373212610     h 
          1.970119839824         -4.326668476627          2.593629325428     h 
          6.540967248857         -4.368162496602          2.204787779019     h 
          8.446455883871          4.042166290199          1.253479238534     h 
         11.945153297070          7.062121934477          1.798386569854     h 
         16.338184329563          5.786580869229          1.075140736048     h 
         17.375423518880          1.399607757569         -0.154447327791     h 
         17.224469232911         -3.623511955589         -1.451704465454     h 
         15.921853115549         -7.982000739429         -2.520607881890     h 
         11.441271320123         -9.147749850568         -2.635307679896     h 
          8.124936815735         -6.044778018752         -1.624064871170     h 
          6.263288039107          2.358120789255         -2.293976128173     h 
          1.680850675306          2.411502364052         -1.958375138136     h 
          1.220225747474          2.571770826185          3.723375562746     h 
$end
