   23
          2          1          2
          2          3          4
          2          5          6
          2          7          8
          1          9          9
          3         10         12
          3         13         15
          1         16         16
          2         17         18
          2         19         20
          1         21         21
          3         22         24
          1         25         25
          2         26         27
          1         28         28
          2         29         30
          1         31         31
          1         32         32
          1         33         33
          1         34         34
          1         35         35
          1         36         36
          1         37         37
