           2           1   1.04676818778114     
           3           1  4.063533549686341E-002
           3           2   1.26104857183913     
           4           1  1.984181951418527E-002
           4           2  3.289294099303768E-003
           4           3   1.57060335833038     
           5           1  8.230391975917616E-003
           5           2  4.914178241120382E-002
           5           3  3.375146917465298E-003
           5           4   1.25517404002940     
           6           1  2.528122934983906E-003
           6           3  3.684840541066874E-002
           6           4  7.157929998682422E-003
           6           5   1.27629967127210     
           7           1  7.896712607825858E-003
           7           2  2.185131723322559E-002
           7           3  4.171646209365280E-003
           7           4  3.279393030787135E-002
           7           5  1.216386550731567E-002
           7           6   1.40887343117723     
           8           5  1.625765026812144E-002
           8           6  8.781920179646005E-003
           8           7   1.11648195712805     
           9           2  3.204062615599408E-003
           9           4  2.921460774671539E-003
           9           6  2.321493453464452E-002
           9           7  4.894209852855025E-003
           9           8   1.34366147907010     
          10           7  1.640125337066610E-002
          10           8  2.461781608350416E-003
          10           9   1.48536393084468     
          11           2  2.679839605857517E-003
          11           4  2.055118738840356E-003
          11           6  1.236690167477116E-002
          11           8  7.822984145699285E-002
          11           9  3.765647119855893E-003
          11          10   1.34276935809004     
          12           6  4.932197249391293E-003
          12           7  2.763461812123068E-003
          12           8  1.708420455588920E-002
          12           9  2.110443235384424E-002
          12          10  5.035445375509848E-002
          12          11   1.04113238507990     
          13           7  8.886838547320549E-003
          13           8  2.641431187804667E-003
          13           9  9.900494017449171E-002
          13          10  3.666533527615232E-003
          13          11   1.42268327002520     
          13          12  5.794081321838909E-002
          14           2  3.342838890215717E-003
          14           4  2.626563380055619E-003
          14           6  2.455021832579170E-002
          14           7  4.866032872950331E-003
          14           8   1.30236023414907     
          14           9  2.726169419633388E-003
          14          10  8.451458385537972E-002
          14          11  3.706967237536151E-003
          14          12  2.174657167041762E-002
          14          13   1.36138951706816     
          15           3  3.922793503933192E-003
          15           5  7.807149020958385E-003
          15           7  1.640496469661606E-002
          15           8  3.097067161573873E-003
          15           9  9.009054142062283E-003
          15          11  1.413055991554017E-002
          15          12  3.477480326221204E-003
          15          13  2.939890364042394E-003
          15          14   1.10085460491906     
          16           6  2.876845676230864E-003
          16           8  2.085571901324021E-002
          16          10  8.852343907571648E-003
          16          13  2.465654008158516E-002
          16          14  3.192225023947504E-003
          16          15   1.36170376382630     
          17           3  3.281666166921073E-003
          17           5  5.460212498672338E-003
          17           7  5.193539263989126E-003
          17          14  1.512426991124948E-002
          17          15  2.393588793789793E-003
          17          16   1.47488093155100     
          18           8  1.030798677966463E-002
          18          10  7.129113413676768E-003
          18          13  9.483125807303223E-003
          18          15  8.907821529161047E-002
          18          16  2.124175551694098E-003
          18          17   1.39139800270724     
          19           3  3.743181879262925E-003
          19           5  6.515633098602399E-003
          19           6  2.237448361512209E-003
          19           7  1.400029567773937E-002
          19          14  8.995332478225414E-003
          19          15  2.738171555576380E-003
          19          16  0.105180684676198     
          19          17  2.155701393944557E-003
          19          18   1.48086063995018     
          20           6  9.188677884243530E-003
          20           7  4.870194556468852E-003
          20           8  2.310824878770049E-002
          20          10  1.026521722699311E-002
          20          13  2.129994558858690E-002
          20          14  3.008486760055545E-003
          20          15   1.30719094934426     
          20          16  2.582538575567182E-003
          20          17  8.801931072339728E-002
          20          18  2.112615956413470E-003
          20          19   1.35165827411397     
          21           1  2.091674072460738E-003
          21           2  3.361043649366694E-003
          21           3  2.534805189216007E-002
          21           5  6.025510016050910E-002
          21           6  2.217533542342776E-002
          21           7   1.17340104277150     
          21           8  4.828438856686049E-003
          21           9  1.376078836644970E-002
          21          11  4.556563579805645E-003
          21          14  1.633976490176717E-002
          21          15  5.174233473072892E-003
          21          16  8.784698301468535E-003
          21          18  1.529249786856244E-002
          21          19  5.219850425265033E-003
          21          20   1.11071703015937     
          22           1  1.127592299255729E-002
          22           2  3.257733099002350E-002
          22           4  1.190303452183397E-002
          22           5  1.874758017138378E-002
          22           6  7.985964888409627E-002
          22           7  2.092379689911715E-002
          22           8  9.220584250095481E-003
          22           9  2.009670710496443E-003
          22          13  3.513606907175774E-003
          22          15  2.509031453631378E-002
          22          17  1.348419545935471E-002
          22          19  2.393662713932459E-002
          22          20  8.046282154949111E-003
          22          21   1.41492302840591     
          23           1  2.361225392546907E-002
          23           2  5.010904515507558E-003
          23           3  5.255976122282661E-002
          23           4  4.482529295246353E-003
          23           5   1.19873151196122     
          23           6  1.799301700205316E-002
          23           7  5.614426581070644E-002
          23           9  5.878957121847818E-003
          23          11  4.622825108180139E-003
          23          14  7.076481892055806E-003
          23          20  1.618869169099191E-002
          23          21  1.097658207819869E-002
          23          22   1.26444472055073     
          24           1  7.075788067037181E-002
          24           2   1.50267691656276     
          24           3  3.852370858649717E-003
          24           4  0.107870852911455     
          24           5  4.801212654169960E-003
          24           6  1.088972870957495E-002
          24          15  2.434580677864639E-003
          24          19  2.809013825892010E-003
          24          21  3.182487519913834E-002
          24          22  8.560000925367788E-003
          24          23   1.26518893893186     
          25           1  3.368032876070199E-003
          25           3  0.967347085469627     
          25           5  1.165591985151991E-002
          25          24  8.499172312706811E-003
          26           1  2.777515173574077E-003
          26           2  1.126940326438298E-002
          26           4  0.966740090637541     
          26          23  8.989657138234167E-003
          27           6  1.280235348232425E-002
          27           9  0.965625182055860     
          27          11  1.058370611071642E-002
          27          12  2.865689945365090E-003
          27          14  9.463678407493918E-003
          28           8  1.108021759952516E-002
          28          10  0.967060237288023     
          28          12  2.979288335435773E-003
          28          13  9.257932479030544E-003
          29           8  9.627424134673329E-003
          29          10  9.647483527320784E-003
          29          12  4.115349160265252E-003
          29          13  0.957609855184372     
          30          16  0.963337294953394     
          30          18  1.076849359073527E-002
          30          20  9.753983381239530E-003
          30          29  4.199610347162010E-003
          31          15  1.084413419113237E-002
          31          17  0.972732735952515     
          31          19  1.025898019938266E-002
          32          16  1.031252058566407E-002
          32          18  0.972221158967996     
          32          20  1.113637767577567E-002
          33          15  9.502497548005834E-003
          33          17  1.115026145356639E-002
          33          19  0.966842253241274     
          33          22  1.276552043385074E-002
          34           1  3.093854207197097E-003
          34           3  1.073781346982908E-002
          34           5  8.907278390386505E-003
          34          24  0.962926410949028     
