   16
          2          1          2
          7          3          9
          4         10         13
          3         14         16
          1         17         17
          1         18         18
          1         19         19
          1         20         20
          2         21         22
          2         23         24
          1         25         25
          1         26         26
          3         27         29
          1         30         30
          2         31         32
          1         33         33
