 NM
 UV
 MMASS
   889.112399999997     
 LFAKTOR
  0.5
 RFAKTOR
  1.0
 WIDTH
  0.20
 SHIFT
  0.00
 DATXY
   1    3.8850     0.342604     0.168842    -8.971501    -6.100720
   2    3.9156     0.225493     0.106810    11.594897     8.027236
   3    3.9646     0.485064     0.209777    14.882057     9.627264
   4    4.1487     0.470529     0.155107    21.500203    12.944951
   5    4.1852     0.373176     0.115312    23.546817    13.049658
   6    4.2670     0.006341     0.002289    17.232325    10.558738
   7    4.3714     0.019389     0.007407     3.662367     2.400067
   8    4.4140     0.008246     0.003147   -44.377613   -25.731381
   9    4.4200     0.001621     0.000835     9.264759     5.751103
  10    4.4975     0.019605     0.415455     6.206855    30.831569
  11    4.5485     0.003305     0.003411     0.280255     1.605627
  12    4.5708     0.013346     0.016279    -2.866318   -21.785659
  13    4.5853     0.003027     0.002259     0.861228    -0.260971
  14    4.6014     0.015787     0.034377   -12.555418   -17.096571
  15    4.6179     0.002048     0.001200     2.326261     1.819319
  16    4.6834     0.003855     0.002370     3.998817     5.548345
  17    4.9803     0.002143     0.001284   -15.752137   -12.345514
  18    5.0229     0.284225     0.174537   236.326178   161.703317
  19    5.0507     0.503589     0.296864  -247.784466  -165.123237
  20    5.0780     0.576111     0.338846   148.261389   106.004901
  21    5.0995     0.713581     0.422185  -122.772638   -96.012219
  22    5.1767     0.498110     0.269894    59.549419    44.497383
  23    5.1884     0.341937     0.191132   -76.094535   -57.329038
  24    5.2218     0.243109     0.125221   -15.503714   -10.495682
  25    5.3225     0.012834     0.006810   -27.550376   -18.431731
  26    5.3664     0.013186     0.011427    32.535202    17.959893
  27    5.3743     0.094079     0.071933   -16.237333    -1.785101
  28    5.3913     0.027062     0.021374   -76.496455   -56.469633
  29    5.4130     0.007344     0.008500    28.733039    33.959875
  30    5.4186     0.227063     0.121226  -188.444401  -164.646793
  31    5.4215     0.038882     0.028536   230.486683   219.806191
  32    5.4278     0.030312     0.020928   141.627535    93.441746
  33    5.4285     0.192210     0.097597  -229.674788  -135.843235
  34    5.4428     0.040026     0.033202   -25.369025   -10.172613
  35    5.6981     0.006853     0.005350    18.104123    16.655502
  36    5.7309     0.015148     0.018196    16.865928     9.242191
  37    5.7373     0.014515     0.013793   -12.267128   -20.125174
  38    5.7458     0.011753     0.015792    -5.897136   -12.273110
  39    5.8414     0.001862     0.001804     3.043747    -1.035138
  40    5.8636     0.137474     0.094667    55.075215    51.167591
  41    5.8749     0.708302     0.350062   135.347751   155.544969
  42    5.8832     0.066333     0.039481  -557.268231  -458.448802
  43    5.8953     0.063719     0.041149    34.411133    80.093642
  44    5.9087     0.828623     0.408510   357.553724   207.043063
  45    5.9244     0.046288     0.021966   230.403358   105.834866
  46    5.9707     1.083759     0.511999  -310.953815  -187.654046
  47    6.0112     0.020225     0.027858   -24.670081   -48.910382
  48    6.0224     0.026244     0.003311   -10.271113    -9.839622
  49    6.0340     0.052562     0.024530    53.670602    39.202001
  50    6.0605     0.001891     0.011655    -4.109788    -0.613764
  51    6.0857     0.027983     0.010792     5.187218     2.803986
  52    6.1826     0.079875     0.039421   -83.709069   -13.502494
  53    6.1844     0.232389     0.123171   -28.869285   -29.650122
  54    6.2122     0.024957     0.008650    29.095803    21.248736
  55    6.2247     0.085477     0.037721     5.188222     3.048117
  56    6.2283     0.263033     0.158848   -25.051833   -13.361760
  57    6.2812     0.128026     0.100212   -67.269837   141.512220
  58    6.3366     0.017842     0.029709  -205.542047    79.796617
  59    6.3509     0.087758     0.106535  -185.750328  -169.353586
  60    6.3583     0.007317     0.005601    15.627422   -15.100885
  61    6.3620     0.030447     0.009118   109.615254    11.068953
  62    6.3642     0.022503     0.006550    29.540023    -6.240895
  63    6.3721     0.009332     0.006330     4.585651     4.276116
  64    6.3841     0.198993     0.177880   213.908855   119.419568
  65    6.3903     0.086036     0.033476  -107.811303   -89.698799
  66    6.3976     0.018536     0.015971    31.710104  -121.416482
  67    6.4059     0.021812     0.012994    49.157708    -5.081415
  68    6.4176     0.004297     0.002432    -2.582803   -10.537349
  69    6.4202     0.024564     0.011254   -19.953897   -13.477413
  70    6.4244     0.274535     0.156401  -236.934132  -214.671535
  71    6.4313     0.195257     0.087123   321.532639   199.062529
  72    6.4591     0.016775     0.011415   -14.016545    13.429345
  73    6.4670     0.026117     0.027739   -51.870952   -41.638278
  74    6.4956     0.692876     0.384722   444.863948   341.246896
  75    6.4969     0.298297     0.195830  -324.895824  -283.209858
  76    6.5166     0.703738     0.432663    61.969539    49.609784
  77    6.5503     0.025388     0.010450    57.714056    -0.066769
  78    6.6024     0.012469     0.018083    -3.309504     7.442113
  79    6.6182     0.051313     0.031288    -0.470443    -0.482064
  80    6.6285     0.007647     0.003002   -15.637401    -8.479404
  81    6.6506     0.019573     0.003059   -12.177562    -4.358353
  82    6.6538     0.000927     0.000165     8.871600     1.520965
  83    6.6612     0.009358     0.005469   -14.863396   -12.857387
  84    6.6776     0.040706     0.015201    16.037238     5.880104
  85    6.7181     0.005840     0.010176     0.619954     3.274960
  86    6.7364     0.002558     0.004156    -5.900022     8.098622
  87    6.7608     0.005906     0.012980     8.081684   -25.672185
  88    6.7686     0.014019     0.013950    13.386066     6.985084
  89    6.7862     0.000957     0.005490     5.550898     0.311503
  90    6.8069     0.006567     0.004655    -1.344503     0.742563
  91    6.8554     0.003033     0.008685     1.520246    17.564297
  92    6.8742     0.009039     0.008995     0.948699   -18.636373
  93    6.8876     0.031949     0.005884   -16.268212    17.302536
  94    6.8955     0.051112     0.048970   -33.521692   -65.227905
  95    6.9055     0.070956     0.055845     5.111176    -9.848399
  96    6.9100     0.019691     0.017148   -24.820317   -11.907844
  97    6.9252     0.046078     0.026553   -73.998626   -54.832238
  98    6.9271     0.024662     0.033499   101.838332   128.618708
  99    6.9347     0.060534     0.024095    -6.698973    -4.878570
 100    6.9646     0.053089     0.025117   -82.247030   -49.754488
 101    6.9688     0.072780     0.054961    87.437292    73.382392
 102    6.9770     0.012823     0.006861   -10.699450    -8.768741
 103    6.9953     0.011966     0.002840   -46.577479   -21.933724
 104    7.0017     0.015151     0.003243     5.858605     4.668627
 105    7.0180     0.013842     0.006568     1.305816     4.190855
 106    7.0297     0.034653     0.027384    21.647970    18.552652
 107    7.0501     0.013435     0.008130    -8.226580    -6.215213
 108    7.0694     0.026440     0.024135   -17.949495   -13.094228
 109    7.0819     0.010881     0.006084    -5.134170   -12.040531
 110    7.1028     0.131330     0.070759    20.460480    13.423526
 111    7.1134     0.029505     0.011402   -20.273308    -6.050080
 112    7.1141     0.037714     0.016947   -37.849186    -9.804745
 113    7.1393     0.043318     0.016088   -93.186568   -66.811383
 114    7.1427     0.036948     0.022468    38.742721    28.198109
 115    7.1612     0.126100     0.083609    10.577478    11.110588
 116    7.1720     0.179723     0.090947  -143.167426   -89.367948
 117    7.1860     0.111970     0.053722  -114.956675  -105.935013
 118    7.2082     0.032037     0.012249    76.173764    39.599930
 119    7.2132     0.088292     0.055069    39.370487    31.443294
 120    7.2268     0.153926     0.085379   140.569067   102.461421
 121    7.2323     0.011773     0.006719     5.547799     4.439670
 122    7.2441     0.000341     0.000192     1.270819    -0.546969
 123    7.2477     0.002583     0.001145     1.107032     0.242853
 124    7.2611     0.002420     0.002786     0.746428     5.218999
 125    7.2664     0.010182     0.003734    32.805211    17.747996
 126    7.2718     0.001419     0.000366    17.145895     8.953977
 127    7.2745     0.003685     0.002167     2.473093    -0.279932
 128    7.2818     0.011933     0.008328   -17.040164   -16.315283
 129    7.2834     0.026894     0.015953   -22.661747    -2.572303
 130    7.2867     0.007407     0.002742   -14.174071   -11.535757
 131    7.2883     0.041946     0.021881    -6.480579    31.860370
 132    7.3005     0.026941     0.017554   -28.631992   -26.966187
 133    7.3073     0.007778     0.008537    17.316511    16.640313
 134    7.3097     0.057701     0.028643    20.151707    18.270741
 135    7.3152     0.051507     0.028570    67.085844    29.919572
 136    7.3210     0.033207     0.012714   -24.494686   -14.664706
 137    7.3239     0.032466     0.021039    10.211021    -8.010808
 138    7.3327     0.007215     0.003357    -3.963185     4.612272
 139    7.3367     0.053537     0.032864    55.345283    52.208352
 140    7.3381     0.026373     0.014717    -0.712833     5.146981
 141    7.3468     0.010487     0.007275   -22.129358   -13.618636
 142    7.3642     0.011132     0.005162    -3.426299    -3.297376
 143    7.3915     0.025552     0.013721   -46.797078   -17.853890
 144    7.4015     0.010026     0.004471   -64.269758   -44.254516
 145    7.4071     0.003967     0.002599    -8.109449   -10.361766
 146    7.4094     0.002942     0.001669     9.010124     6.549198
 147    7.4105     0.016247     0.008996    46.626316    32.159446
 148    7.4236     0.008962     0.017407     0.557512    -7.347620
 149    7.4497     0.009361     0.018178    12.257341    69.261384
 150    7.4561     0.005483     0.013881   -10.118732   -39.232321
 151    7.4590     0.002624     0.021665    20.110734    -0.546062
 152    7.4693     0.017957     0.006578    23.499720    13.493935
 153    7.4906     0.023754     0.009951    39.085193    23.807568
 154    7.4985     0.039695     0.021878   112.668289    88.042600
 155    7.5043     0.125377     0.077712    29.578601     6.306247
 156    7.5125     0.020708     0.010263   -15.910259   -14.309816
 157    7.5223     0.116547     0.073421  -105.974998   -71.950279
 158    7.5258     0.034803     0.018230     3.458501     0.914196
 159    7.5510     0.017895     0.015900    27.335543    31.448417
 160    7.5556     0.000574     0.000511    -2.149118    -0.776825
 161    7.5585     0.003799     0.001655     0.954678    -3.941720
 162    7.5655     0.015827     0.010060    -4.267956    -8.710315
 163    7.5733     0.005189     0.012057   -33.719643   -11.555260
 164    7.5894     0.002000     0.001782     1.890123    -3.406451
 165    7.5975     0.007816     0.003031    -6.616211    -2.320569
 166    7.6074     0.069489     0.026436    11.823824     3.778010
 167    7.6351     0.037997     0.028041    70.554356    60.404157
 168    7.6413     0.024317     0.013578    12.973078     6.700569
 169    7.6553     0.011710     0.006897    18.549909     3.099380
 170    7.6633     0.014726     0.004490     5.310265     3.875551
 171    7.6850     0.005829     0.001595    -1.385238    -5.022602
 172    7.6989     0.036110     0.012285   -11.194285    -3.546109
 173    7.7136     0.008067     0.019489   -32.672767    -1.596869
 174    7.7198     0.005227     0.001527    -0.737148     0.167763
 175    7.7202     0.011739     0.006033    -5.840086     0.362880
 176    7.7280     0.007579     0.002205    -3.817595    -7.171744
 177    7.7297     0.017374     0.006777    26.739694     7.745497
 178    7.7341     0.004186     0.001577    -9.341202    -7.037473
 179    7.7381     0.009201     0.004450     1.273905     2.124711
 180    7.7410     0.002896     0.004389    -2.759240    10.302002
 181    7.7454     0.002772     0.001691     3.183994     2.577103
 182    7.7502     0.003502     0.034947   -33.136751   -27.276596
 183    7.7537     0.014147     0.005432   -21.614720    -6.790570
 184    7.7570     0.001176     0.004460   -21.731474   -41.206771
 185    7.7635     0.002579     0.023935    12.103906    12.056985
 186    7.7734     0.000359     0.000394     4.103762     3.451236
 187    7.7742     0.003131     0.000226   -24.831678     4.514198
 188    7.8030     0.020073     0.018672     6.136645    -9.463716
 189    7.8251     0.009701     0.019418   -47.119282   -48.531696
 190    7.8340     0.003180     0.008279   -31.119299   -14.305074
 191    7.8375     0.004538     0.005910    18.940020    20.106717
 192    7.8382     0.006896     0.001210     9.171038     3.906847
 193    7.8434     0.022712     0.021458    11.813325    15.153501
 194    7.8489     0.088641     0.042974    96.475007    65.339690
 195    7.8515     0.021388     0.009685   -80.648177   -57.698924
 196    7.8602     0.032409     0.020175     6.619117     3.141135
 197    7.8682     0.007956     0.007501   -49.244960   -49.529626
 198    7.8793     0.016803     0.012357     6.618561     7.839849
 199    7.8856     0.019887     0.008254   -18.153224   -10.597180
 200    7.8989     0.039849     0.027096   -92.263796   -79.623616
 201    7.9129     0.235489     0.113387   203.099569   145.460639
 202    7.9223     0.043362     0.030394   -24.763166   -19.450281
 203    7.9296     0.015996     0.006480    21.256181    12.144256
 204    7.9373     0.138544     0.074271    13.610478     4.483038
 205    7.9415     0.063036     0.031894    20.419485    11.074849
 206    7.9456     0.005112     0.002403     1.284050     0.657916
 207    7.9578     0.005235     0.002890    -6.483720    -5.012102
 208    7.9596     0.044141     0.018975     4.955489     2.921154
 209    7.9661     0.013981     0.001737   -13.200991    -4.032578
 210    7.9742     0.031434     0.011167   -10.002234   -16.622906
 211    7.9851     0.004051     0.001585     5.855021     5.120071
 212    7.9876     0.022424     0.036808   -15.358865   -24.249363
 213    7.9918     0.006382     0.006693    29.609021    32.247318
 214    8.0008     0.007007     0.004049   -18.005631   -13.377562
 215    8.0028     0.009572     0.003077    10.400829     5.086551
 216    8.0051     0.006855     0.010207   -20.306839    10.581648
 217    8.0110     0.009324     0.018699    25.010443    -2.127264
 218    8.0196     0.002516     0.012870   -25.937089   -80.229271
 219    8.0217     0.026452     0.044632    31.737056    28.745853
 220    8.0286     0.016789     0.011266    40.439799    24.004007
 221    8.0397     0.018016     0.010198   -44.769024    -2.980334
 222    8.0446     0.000645     0.002428     3.941923     3.485272
 223    8.0466     0.003042     0.006798     5.471048    -5.037845
 224    8.0520     0.003688     0.012541     4.887718    17.858176
 225    8.0545     0.003405     0.001904    -7.827667    -3.007684
 226    8.0585     0.005706     0.012121    10.051052   -15.935480
 227    8.0687     0.004584     0.013455    13.107078    15.519425
 228    8.0796     0.001713     0.002832    -4.308458     7.434077
 229    8.0924     0.004016     0.003050    -0.516470     0.309898
 230    8.0961     0.002093     0.003729    -7.193304    -9.252516
 231    8.1051     0.002983     0.000103    13.189754     1.481213
 232    8.1097     0.005196     0.004669    11.326173     9.043061
 233    8.1288     0.017246     0.010624    -1.518743    -1.520435
 234    8.1328     0.037840     0.026339    -4.534118    -4.633165
 235    8.1432     0.012898     0.009885    12.104975    12.208014
 236    8.1530     0.001678     0.004602    -4.102540   -12.965838
 237    8.1566     0.012529     0.004932     8.953495     6.337792
 238    8.1601     0.016014     0.013529   -43.598883     1.310448
 239    8.1635     0.007190     0.006558     5.808270    11.768033
 240    8.1706     0.012392     0.001469   -26.380063   -12.800838
 241    8.1733     0.011140     0.012205     3.071372     8.070484
 242    8.1761     0.000170     0.000922     0.898312    -4.235861
 243    8.1847     0.045556     0.024269    29.063421    19.356165
 244    8.1877     0.022418     0.011190   -26.207767   -23.073206
 245    8.1947     0.019495     0.007164    -6.692726    -4.543560
 246    8.2082     0.007837     0.004178   -15.865182   -12.778048
 247    8.2114     0.015703     0.007282    24.623710    15.682884
 248    8.2187     0.008019     0.004486    13.216742    10.501411
 249    8.2216     0.000583     0.000491    -3.310070     3.935675
 250    8.2261     0.015723     0.006898     5.974262     3.862381
 251    8.2280     0.017158     0.010014     3.935992     2.135172
 252    8.2334     0.009215     0.004560    -2.622579     1.042509
 253    8.2379     0.009161     0.003679     3.613345     4.805681
 254    8.2392     0.009063     0.006766     1.009914     3.963597
 255    8.2431     0.011838     0.004543   -14.867899     1.340074
 256    8.2461     0.002920     0.000653     3.336102     0.189704
 257    8.2497     0.004805     0.001938    -0.982327    -4.267961
 258    8.2534     0.005243     0.003867   -17.583423   -14.811469
 259    8.2595     0.012373     0.005873    -7.629479    -5.365807
 260    8.2637     0.009390     0.004563     8.134681     6.222844
 261    8.2644     0.026386     0.010728    15.332332    10.459093
 262    8.2689     0.017935     0.009148    -1.295230    -0.599161
 263    8.2729     0.004948     0.002463     6.349940     5.285740
 264    8.2746     0.004680     0.002218     4.038460     2.918523
 265    8.2813     0.003899     0.001526     8.053031     5.221024
 266    8.2859     0.013992     0.011024    -3.677823    -7.916331
 267    8.2930     0.013367     0.004541   -12.726493   -14.716010
 268    8.2961     0.040832     0.021724    57.595213    46.597959
 269    8.2977     0.003633     0.004720    -7.033690    -4.845130
 270    8.3037     0.011875     0.006019    22.063585    15.636894
 271    8.3148     0.009506     0.007036    14.748212    13.185994
 272    8.3239     0.021755     0.007357   -46.439919   -29.525284
 273    8.3249     0.035191     0.013800    32.013063    12.998774
 274    8.3275     0.016282     0.008227    -8.510254    -1.261128
 275    8.3367     0.033975     0.019396   -18.785260    -1.761532
 276    8.3409     0.004939     0.005676   -32.831109   -42.935877
 277    8.3469     0.013378     0.005387   -46.598102   -26.869940
 278    8.3519     0.039572     0.030857    54.551815    44.942667
 279    8.3591     0.005023     0.003925     5.135611    -1.409774
 280    8.3606     0.019496     0.009173   -22.984461   -18.747462
 281    8.3686     0.014512     0.012369    16.370414    13.849586
 282    8.3727     0.039997     0.025410   -36.099778   -26.492004
 283    8.3753     0.011150     0.009280    26.240788    21.603406
 284    8.3813     0.021006     0.014014    22.371731    19.377748
 285    8.3873     0.022669     0.019853    12.199100    11.967210
 286    8.3910     0.011189     0.008734    -1.012950    -5.209823
 287    8.3995     0.012484     0.021582    33.112371    61.033725
 288    8.4018     0.024525     0.013591   -12.695494   -29.577935
 289    8.4110     0.065239     0.043673    23.653611    21.294230
 290    8.4163     0.008196     0.007244     4.481524     2.122179
 291    8.4176     0.003383     0.005847    -2.559295   -12.938635
 292    8.4224     0.004880     0.001599    27.644231    -6.549164
 293    8.4249     0.048343     0.028892    31.106054    23.391572
 294    8.4379     0.141498     0.088010     3.610785    19.267746
 295    8.4437     0.002715     0.001245   -10.440452    -5.548382
 296    8.4508     0.019386     0.007258    -4.840573    -6.002539
 297    8.4623     0.023344     0.013732     7.436727     3.217757
 298    8.4694     0.020624     0.028715   -24.069819    -6.634115
 299    8.4816     0.001208     0.006463    -4.519605     3.914714
 300    8.4890     0.006237     0.005958    -4.490469    11.376876
 301    8.4958     0.007942     0.009966   -10.180864    -4.369397
 302    8.5103     0.003214     0.005923    -8.384327    -3.060073
 303    8.5138     0.015441     0.027826    13.861776     3.592452
 304    8.5202     0.027688     0.006310     2.036668    -3.408816
 305    8.5209     0.014330     0.007304    -2.654239    -4.951513
 306    8.5378     0.045253     0.027948   -16.647010    -5.726889
 307    8.5408     0.087991     0.047724   -22.309481   -15.978603
 308    8.5635     0.024948     0.010140   -51.445062   -13.750780
 309    8.5676     0.042261     0.020343    46.452410    21.783743
 310    8.5708     0.004402     0.012700    -9.270228   -10.057734
 311    8.5788     0.010894     0.006349    34.079314    30.437498
 312    8.5882     0.013099     0.019317    78.053605     3.107870
 313    8.5981     0.017781     0.020280    -4.000286   -21.447834
 314    8.6006     0.002768     0.015329     2.006348    -2.569357
 315    8.6107     0.022974     0.009794    -9.831451    -0.149507
 316    8.6169     0.015669     0.004283    -2.617483    -0.213472
 317    8.6215     0.004391     0.001434    12.034898     6.489020
 318    8.6246     0.011724     0.003615     2.518793     3.052292
 319    8.6292     0.007429     0.004854    14.728972    16.365712
 320    8.6332     0.017781     0.011262    -5.135649    -6.674981
 321    8.6365     0.017335     0.005888    17.694610    12.509200
 322    8.6432     0.010424     0.016107    -8.755655   -13.864853
 323    8.6460     0.002819     0.004762     1.777130   -13.065245
 324    8.6523     0.008207     0.003235    18.781414     2.885913
 325    8.6541     0.001828     0.000731    -1.608481     5.275436
 326    8.6604     0.002829     0.009654    16.528174    16.873189
 327    8.6684     0.040475     0.011538     8.392530     8.474548
 328    8.6699     0.017262     0.006714   -43.639778   -19.216296
 329    8.6744     0.050167     0.030051   -45.643528   -20.998754
 330    8.6807     0.028670     0.006385    -5.208391    -7.798431
 331    8.6931     0.037307     0.023407    -0.445813    -1.593069
 332    8.6969     0.028466     0.013273    19.709709    13.729049
 333    8.6999     0.028343     0.014881    26.848616    22.500806
 334    8.7040     0.016415     0.026633    -5.925440    42.756274
 335    8.7086     0.007526     0.005537   -20.002604   -10.032359
 336    8.7101     0.015712     0.008228   -27.550523   -25.020402
 337    8.7139     0.011270     0.015877     5.389218     1.112254
 338    8.7174     0.007535     0.010625   -37.601056   -13.236907
 339    8.7249     0.008394     0.013354   -18.123880   -55.994258
 340    8.7270     0.014727     0.026819     2.048956     7.412956
 341    8.7292     0.014493     0.005041    22.292593    21.292408
 342    8.7357     0.007364     0.001503   -23.606683    -5.014206
 343    8.7374     0.001803     0.000929    -1.363255     0.676025
 344    8.7434     0.009980     0.007727    13.090856    14.459021
 345    8.7467     0.019398     0.030846     3.020639    14.818252
 346    8.7528     0.055129     0.054530    25.130955    24.800262
 347    8.7582     0.002139     0.015545    16.644104    48.631921
 348    8.7611     0.002738     0.005027   -56.725204    -6.361622
 349    8.7649     0.006463     0.025096   -35.804881   -66.592709
 350    8.7679     0.011433     0.003703    -0.904970     1.180910
 351    8.7774     0.011433     0.002380    -3.646187    -1.171852
 352    8.7810     0.011495     0.015326    -6.066292    -0.975849
 353    8.7865     0.020054     0.008272   -14.096590    -4.801627
 354    8.7910     0.011801     0.008067   -22.610753   -18.207011
 355    8.7954     0.019746     0.008390    13.828465    -0.104276
 356    8.8006     0.011235     0.004252    18.596489    18.057750
 357    8.8024     0.041805     0.020018   -34.819022   -28.874113
 358    8.8056     0.001355     0.002552     7.726653     3.444984
 359    8.8070     0.008521     0.021941   -52.209598   -97.483475
 360    8.8100     0.027734     0.017368    63.371832    38.345425
 361    8.8112     0.066971     0.045755   173.939606   141.246528
 362    8.8153     0.004855     0.010238   -10.788319     1.435177
 363    8.8159     0.015625     0.017287   -41.343522   -57.779881
 364    8.8189     0.001019     0.003399     7.533160     9.876987
 365    8.8252     0.015632     0.013428   -11.438560   -18.322721
 366    8.8281     0.000604     0.000518     0.230118    -0.709112
 367    8.8297     0.007135     0.004135    -1.704936    -1.638912
 368    8.8306     0.004589     0.001556    17.291523    10.519966
 369    8.8370     0.000020     0.000005    -0.007791     0.013390
 370    8.8403     0.000404     0.000150     0.261820     0.251162
 371    8.8407     0.004383     0.001446    -2.018444    -3.512136
 372    8.8440     0.001294     0.002747     2.540053    -7.131049
 373    8.8444     0.000545     0.001173     0.191330    -3.236233
 374    8.8525     0.007817     0.005131    -4.746650    -4.195693
 375    8.8539     0.054233     0.033033   -33.831849   -37.890812
 376    8.8564     0.076000     0.049704    15.457361    14.441390
 377    8.8569     0.018781     0.012957     2.118355     2.193115
 378    8.8618     0.052825     0.028166    20.743141    17.782196
 379    8.8675     0.011173     0.008490    13.595426    10.854311
 380    8.8705     0.007299     0.005370     7.133391     5.681341
 381    8.8767     0.011718     0.010039     7.152423     2.280929
 382    8.8820     0.013151     0.003666    -0.764029    -1.077386
 383    8.8871     0.017685     0.003662     6.442677     3.084727
 384    8.8941     0.028539     0.023207    -7.947214    -8.658509
 385    8.8968     0.011466     0.000810    -3.495591    -1.151893
 386    8.8989     0.003264     0.012707    10.755894     0.232787
 387    8.9022     0.019934     0.013015    15.701510    11.425630
 388    8.9047     0.004111     0.002417     2.348973    -0.153289
 389    8.9116     0.026337     0.016803   -31.475853    -5.682301
 390    8.9151     0.005766     0.005062    30.112619     0.701722
 391    8.9202     0.004002     0.008318    12.849650    20.298062
 392    8.9212     0.004314     0.006112   -16.911172   -13.245606
 393    8.9234     0.001752     0.003424   -12.265713   -13.875672
 394    8.9247     0.002081     0.004253    16.373053    -3.992428
 395    8.9398     0.004525     0.002347    -3.554757    -1.365917
 396    8.9405     0.002321     0.009542    -3.781507    -0.842081
 397    8.9468     0.002508     0.001234    10.380419     7.488626
 398    8.9508     0.020811     0.022735    -8.288311     4.973477
 399    8.9541     0.000626     0.003293    -9.292397   -22.863565
 400    8.9564     0.000766     0.003947     2.456857    17.899977
 401    8.9649     0.004288     0.006198   -11.282137   -15.708464
 402    8.9703     0.002637     0.003073     2.725417    -2.485034
 403    8.9746     0.004487     0.000657   -14.087710    -8.070586
 404    8.9760     0.006994     0.005609    11.425130     8.389564
 405    8.9786     0.005069     0.006712    -7.436263     2.265840
 406    8.9908     0.002872     0.002217     2.943311     3.317039
 407    8.9930     0.003350     0.002473    -5.483794    -7.504260
 408    8.9946     0.010699     0.004505    27.914452    18.629190
 409    8.9994     0.005764     0.005900   -23.489536   -18.268079
 410    9.0021     0.002941     0.001974     3.893798     4.858555
 411    9.0031     0.005871     0.004195   -11.256773    -9.321261
 412    9.0107     0.002856     0.002997    -6.365121    -4.388909
 413    9.0209     0.028660     0.012974     9.035226     4.516734
 414    9.0253     0.005893     0.013079   -10.026641   -30.795766
 415    9.0272     0.005897     0.006572     3.238125    -0.549711
 416    9.0289     0.017675     0.011652     2.667345     2.627381
 417    9.0360     0.009312     0.005579     8.871970     4.284601
 418    9.0451     0.005316     0.002150    -3.119752    -5.918260
 419    9.0462     0.021518     0.018856    -6.724510    -0.041511
 420    9.0510     0.001671     0.000800    -1.893629    -0.977989
 421    9.0512     0.027746     0.023384    15.904030    15.437473
 422    9.0539     0.004355     0.002329    -7.142390    -4.372583
 423    9.0547     0.006805     0.006963    -9.658992   -10.308532
 424    9.0561     0.002644     0.005364    -6.250469    -9.740549
 425    9.0570     0.021062     0.018756    18.483482    17.573053
 426    9.0610     0.057491     0.026433    -8.882653    -6.149764
 427    9.0674     0.008277     0.005840     7.825579     7.737372
 428    9.0773     0.016514     0.012164    -6.401214    -1.961702
 429    9.0799     0.004520     0.008706     5.852327    20.811921
 430    9.0828     0.007587     0.010746     3.531695     4.455719
 431    9.0859     0.013381     0.016576   -23.981188   -27.512782
 432    9.0890     0.018937     0.009253   -46.276604   -32.563323
 433    9.0934     0.018053     0.009610    15.290185     4.905042
 434    9.0971     0.005593     0.003198    38.762745    26.934697
 435    9.0983     0.018416     0.012789    25.505837    18.440906
 436    9.1031     0.014162     0.006737     6.004343     7.082449
 437    9.1075     0.009680     0.005748    14.474806    -2.069383
 438    9.1089     0.007772     0.004080    -9.201486    -5.735490
 439    9.1101     0.008865     0.002316    -0.396327    14.870036
 440    9.1125     0.030763     0.007897   -15.530602    -7.586029
 441    9.1161     0.008628     0.009426    -4.137401    10.432902
 442    9.1179     0.011677     0.021061    12.285263     0.794351
 443    9.1210     0.006482     0.005488    14.141858    -7.427132
 444    9.1226     0.003199     0.003453     1.101313     2.808648
 445    9.1270     0.020941     0.010165    15.303991    10.931684
 446    9.1312     0.011512     0.008757     1.535451     0.443015
 447    9.1312     0.020727     0.026461     0.249379     1.570528
 448    9.1447     0.008967     0.008069    -4.927386     2.572212
 449    9.1475     0.008130     0.007460    -8.105395    -5.075047
 450    9.1517     0.029784     0.033138    11.592478    17.896309
 451    9.1556     0.016055     0.022256   -18.736461   -29.551330
 452    9.1570     0.006719     0.009211     2.532057     3.734061
 453    9.1606     0.014042     0.009874     0.169050    -9.589917
 454    9.1670     0.004938     0.010766     5.493176     5.974517
 455    9.1698     0.000372     0.001327    -4.436889    11.077268
 456    9.1712     0.021147     0.018092    -0.216571     9.843021
 457    9.1768     0.000727     0.003101    -0.470974    18.324577
 458    9.1843     0.011832     0.007048     8.471769    -9.847879
 459    9.1869     0.009452     0.012243    14.140473     8.158111
 460    9.1913     0.019319     0.024108   -29.469959   -39.961904
 461    9.1939     0.022364     0.017825     3.703412    -3.100335
 462    9.1953     0.000032     0.000476     1.000526     1.961455
 463    9.2008     0.011303     0.006426   -10.023593     2.708645
 464    9.2019     0.001177     0.001402    -2.761808     0.024321
 465    9.2055     0.018181     0.016295   -25.300104   -13.222734
 466    9.2129     0.008114     0.004449    17.874275    11.547955
 467    9.2193     0.008194     0.009680   -15.393076   -17.431135
 468    9.2209     0.001560     0.006360     4.815906     5.983598
 469    9.2234     0.003058     0.002091     3.173305     9.076671
 470    9.2331     0.000781     0.008439    -3.481795   -15.037217
 471    9.2441     0.006306     0.002222   -13.854937   -10.820748
 472    9.2479     0.007091     0.002691     7.720720     5.529703
 473    9.2490     0.003233     0.000830     3.086159     1.521411
 474    9.2575     0.008622     0.012096    11.391444     3.109301
 475    9.2604     0.013507     0.011793     9.766324    11.959349
 476    9.2625     0.004680     0.002883    -4.143863    -3.362929
 477    9.2736     0.015952     0.008456    12.828878     9.769408
 478    9.2771     0.000094     0.000246     0.250655    -0.951824
 479    9.2890     0.000832     0.001104     6.513224     7.332230
 480    9.2914     0.002301     0.003016     4.808118     4.225531
 481    9.2973     0.002771     0.005121    -7.506582    -5.249616
 482    9.2979     0.018819     0.012259   -11.512231   -13.114982
 483    9.3022     0.008348     0.004525    12.521692    16.192204
 484    9.3067     0.002900     0.003539    -5.654503    -7.307221
 485    9.3094     0.007373     0.012526    -1.400557    -1.350566
 486    9.3126     0.002208     0.001220    15.488451    -3.488604
 487    9.3153     0.002457     0.003257     8.009707     4.916323
 488    9.3158     0.001208     0.001169    -1.384623    -2.247291
 489    9.3206     0.003279     0.004212   -11.576632    -4.552267
 490    9.3228     0.004595     0.001950    -8.057986     5.553889
 491    9.3323     0.004846     0.003549   -11.223978   -11.757079
 492    9.3404     0.027663     0.009210    -5.212769    -1.463264
 493    9.3480     0.006024     0.004031    -0.509997    -0.503174
 494    9.3492     0.000445     0.000426     0.830817    -0.840946
 495    9.3518     0.000884     0.000668     1.162274     3.026683
 496    9.3596     0.011076     0.008189    -4.197265     2.505219
 497    9.3636     0.008083     0.003322    15.909596    -7.855537
 498    9.3666     0.003552     0.001963   -14.267910    -8.230568
 499    9.3788     0.016374     0.015754    14.659034     9.388753
 500    9.3887     0.007843     0.005827     2.820561     5.979380
 501    9.3904     0.003547     0.001825     1.682699     3.548512
 502    9.3956     0.004195     0.004492    11.135904     8.968193
 503    9.4006     0.003781     0.007335   -11.985406   -13.021940
 504    9.4023     0.009590     0.005045   -28.957111    -8.235323
 505    9.4039     0.008123     0.004956   -45.223170   -29.821860
 506    9.4068     0.006700     0.003410    20.649249    17.149770
 507    9.4119     0.001689     0.003528     5.189275    -4.484001
 508    9.4173     0.015040     0.017484    -0.291073    27.274045
 509    9.4190     0.010312     0.008027    -8.883122   -15.614970
 510    9.4223     0.008525     0.009054     8.479617     4.154191
 511    9.4257     0.017248     0.007566     7.537722     8.462853
 512    9.4284     0.004840     0.007382    10.395928     3.825740
 513    9.4406     0.004858     0.014285    -4.746867     5.637660
 514    9.4426     0.000905     0.001942   -16.052298     9.287051
 515    9.4493     0.001390     0.010532     0.602009    -1.612614
 516    9.4534     0.000940     0.000159    -0.281306    -0.252668
 517    9.4586     0.001307     0.002889     3.367582     4.871269
 518    9.4622     0.001089     0.003240     1.333541     4.554040
 519    9.4642     0.001255     0.000388     3.642829     1.376811
 520    9.4652     0.000394     0.003097     0.244126    -2.230671
 521    9.4668     0.001073     0.002041     9.610953     8.128689
 522    9.4724     0.001010     0.002588     0.394661    -1.068272
 523    9.4735     0.001189     0.000361     5.083104     1.100243
 524    9.4852     0.002225     0.004539    -3.907829    -0.749867
 525    9.4876     0.000889     0.000763    -7.715680    -4.133761
 526    9.4923     0.000795     0.001660     6.636800     0.036696
 527    9.4995     0.001425     0.000251    -3.326209    -1.478991
 528    9.5031     0.004228     0.000660    -2.771176    -1.023414
 529    9.5067     0.000915     0.000116     0.926969     2.189865
 530    9.5128     0.003786     0.001393    -1.018915    -1.959910
 531    9.5158     0.003544     0.002384    13.918615    -6.814225
 532    9.5176     0.003119     0.001521   -12.262308    -8.175378
 533    9.5201     0.002485     0.002534     8.943470     8.336287
 534    9.5251     0.004660     0.004141     6.492208     6.923270
 535    9.5317     0.006950     0.002016     3.546871     2.409643
 536    9.5358     0.000658     0.003448    -0.683509    -0.983503
 537    9.5413     0.004655     0.007507    26.027689     7.134793
 538    9.5474     0.000044     0.000243    -0.634210    -1.793922
 539    9.5513     0.003377     0.000835    -3.700524    -1.174472
 540    9.5585     0.000311     0.002524     0.104463     8.490816
 541    9.5633     0.004999     0.002261   -17.773319    -7.058984
 542    9.5668     0.005632     0.012148    -7.645849   -19.643529
 543    9.5696     0.000332     0.000394    -7.647328    -4.756945
 544    9.5763     0.001396     0.000516    -1.493074    -0.507951
 545    9.5773     0.002088     0.001380    -9.185270    11.818051
 546    9.5812     0.003448     0.002282     5.388081     7.499740
 547    9.5819     0.001395     0.001190     0.494417     5.799883
 548    9.5833     0.003631     0.009241    -2.866139    -3.404994
 549    9.5842     0.000158     0.000526    -0.178764    -0.076801
 550    9.5905     0.006557     0.005255    17.931964    14.329940
 551    9.5915     0.004016     0.002590    -6.081575    -7.292431
 552    9.5970     0.001625     0.001704    13.044284     5.755534
 553    9.6001     0.000180     0.000122     0.392774     0.308484
 554    9.6007     0.000221     0.000224     0.437018     0.330321
 555    9.6036     0.000656     0.000765     0.427610     0.222650
 556    9.6052     0.013660     0.028586    -9.459935   -11.869398
 557    9.6063     0.005189     0.007204   -18.384429   -19.981912
 558    9.6088     0.000113     0.000115    -0.392654    -0.414493
 559    9.6133     0.001864     0.004412   -16.200106    -4.653428
 560    9.6190     0.001788     0.002118    -4.163261    -9.038291
 561    9.6234     0.007693     0.002393    31.396445    -6.408227
 562    9.6295     0.000167     0.000542    -2.784904    -3.578243
 563    9.6383     0.001548     0.006226     8.242270     0.615179
 564    9.6393     0.002814     0.004269    11.335633     4.394200
 565    9.6433     0.002343     0.002189    -5.225697    -5.244562
 566    9.6453     0.000144     0.000155    -0.181277    -0.997447
 567    9.6491     0.000353     0.003515    -5.440748    -0.193963
 568    9.6511     0.001136     0.004353     3.541857    13.340509
 569    9.6519     0.000688     0.002165    -0.808087     6.524788
 570    9.6535     0.000587     0.001778     0.085591     5.662829
 571    9.6626     0.000796     0.000382    -1.494538     1.520393
 572    9.6629     0.002407     0.004379    -5.505834     1.366001
 573    9.6674     0.001559     0.002329     4.399091     5.668758
 574    9.6756     0.000148     0.003681    -0.671282     1.816533
 575    9.6777     0.000966     0.001031    -2.582315    -0.330124
 576    9.6812     0.002737     0.000406     4.567063     1.945439
 577    9.6838     0.003371     0.001481    -6.407947     2.633878
 578    9.6849     0.001610     0.000784    -2.756545    -2.289809
 579    9.6894     0.003100     0.008589    -3.519880    -2.973149
 580    9.6984     0.001249     0.000397    -3.327906    -0.170737
 581    9.7053     0.001824     0.004043    -6.871482   -13.728966
 582    9.7067     0.000042     0.003486     2.213348     1.361101
 583    9.7108     0.000796     0.001185     2.071110     0.627167
 584    9.7175     0.006881     0.001573     1.316994     1.781201
 585    9.7229     0.000561     0.000860     0.265119     1.011064
 586    9.7347     0.006090     0.001970    -6.293496    -0.480889
 587    9.7375     0.006799     0.000944     3.749663    -0.593208
 588    9.7403     0.001272     0.004238    -1.444137     0.373782
 589    9.7422     0.001562     0.001740    -1.313511    -0.722717
 590    9.7495     0.001126     0.000041    -3.267326    -0.094482
 591    9.7509     0.001692     0.006005    -4.551577    -2.462845
 592    9.7587     0.001177     0.002564    -1.642410     2.582688
 593    9.7640     0.001607     0.000624    -3.944523    -2.876931
 594    9.7679     0.005310     0.018005    -3.489502    -5.825411
 595    9.7716     0.001073     0.002063    -0.783554    -1.890589
 596    9.7742     0.001221     0.005296    -0.265861    -1.548942
 597    9.7781     0.004885     0.011785     8.617933     8.520830
 598    9.7795     0.000036     0.000080    -0.128026    -0.159568
 599    9.7803     0.002068     0.007121    -1.576967    -6.439988
 600    9.7832     0.001463     0.002421    -0.836827    -3.735053
 601    9.7870     0.001496     0.003892     0.719738    -2.090528
 602    9.7896     0.003527     0.003931     4.835519     0.269097
 603    9.7911     0.002262     0.005996     6.839201    -1.384582
 604    9.7925     0.000475     0.000405    -0.930158    -3.089646
 605    9.7982     0.004763     0.005244    -6.705458    -6.324799
 606    9.8013     0.000541     0.002014    -2.389289    -5.999447
 607    9.8052     0.011532     0.004734    -2.842319     4.165541
 608    9.8143     0.001136     0.002623    -2.083651    -3.115148
 609    9.8171     0.004343     0.002532    -2.640513    14.379875
 610    9.8203     0.000160     0.000070    -1.416954    -0.626944
 611    9.8251     0.003109     0.001666     0.582914     1.429003
 612    9.8299     0.000842     0.003230    -2.286347    -0.612530
 613    9.8339     0.000549     0.000628    -9.766070     6.679647
 614    9.8348     0.000381     0.000508     3.168033     2.458864
 615    9.8361     0.000058     0.000599     0.861277     5.296475
 616    9.8445     0.005985     0.001315     8.809936    -2.905924
 617    9.8454     0.002010     0.000676     1.340806    -0.561603
 618    9.8471     0.001525     0.000982     0.577519    -0.605304
 619    9.8490     0.000278     0.000051     0.931847    -0.237644
 620    9.8545     0.002142     0.007469     2.425393    -4.350967
 621    9.8570     0.000611     0.000647    -1.151809    -0.037130
 622    9.8580     0.001779     0.001765     2.197762    -1.962356
 623    9.8623     0.001595     0.000181     8.258008     0.226275
 624    9.8645     0.000277     0.002561    -2.497363    -5.886655
 625    9.8681     0.002926     0.003023     5.208478     4.601013
 626    9.8692     0.000286     0.000351    -1.455591     0.342534
 627    9.8703     0.001465     0.000596    -2.087820     3.494810
 628    9.8719     0.000370     0.004158    -0.364559     1.656987
 629    9.8765     0.003289     0.003751    -1.539808     2.969933
 630    9.8785     0.001889     0.001621    -5.325423    -2.323481
 631    9.8813     0.003510     0.002914     2.574061    -2.062256
 632    9.8870     0.000372     0.000021    -0.103892     0.223103
 633    9.8903     0.000519     0.001147    -0.921299     4.508377
 634    9.8928     0.001579     0.001125    -8.127435     2.507690
 635    9.8966     0.001099     0.002376     0.531860     0.639063
 636    9.8978     0.003658     0.004405   -13.480111    -8.990462
 637    9.9031     0.000546     0.000764     1.294138     3.638654
 638    9.9047     0.002586     0.000665   -11.865328    -4.264056
 639    9.9071     0.002144     0.000802     6.819404    -0.456108
 640    9.9079     0.004264     0.000835    -9.745074    -4.173217
 641    9.9107     0.000198     0.000051     0.262365     0.278606
 642    9.9116     0.001836     0.000253     5.915166     1.593794
 643    9.9147     0.000110     0.000061     0.039911    -0.000412
 644    9.9172     0.000591     0.000490     2.838955     3.492227
 645    9.9190     0.000426     0.000104     0.989368     0.424018
 646    9.9222     0.000752     0.000549     1.470474     1.782156
 647    9.9244     0.018349     0.004293    47.179288    13.889978
 648    9.9305     0.001719     0.002522     0.267759     0.642186
 649    9.9353     0.002469     0.001019    -2.462255     0.164566
 650    9.9366     0.000586     0.000574    -0.030269     0.399248
 651    9.9387     0.000029     0.000045    -0.061002    -0.028260
 652    9.9421     0.001257     0.000467    -1.074803    -2.118256
 653    9.9440     0.000555     0.000153    -0.927893    -0.759564
 654    9.9461     0.003041     0.002316     4.318600     3.900855
 655    9.9472     0.009601     0.007810    -3.385813    -1.423688
 656    9.9481     0.001861     0.001526     0.497817     0.553074
 657    9.9516     0.006456     0.003972    -0.810711     0.153607
 658    9.9563     0.000279     0.000049    -0.076981     0.062210
 659    9.9580     0.001592     0.000263    -2.692859    -1.158896
 660    9.9630     0.007946     0.006244     4.890884     5.798255
 661    9.9658     0.005706     0.003145    -6.408064    -3.955488
 662    9.9670     0.004742     0.006883    -0.798703    -4.554925
 663    9.9683     0.001918     0.001110    -8.660217    -6.135914
 664    9.9707     0.000484     0.000380    -2.094621    -2.256679
 665    9.9770     0.001413     0.000613    -2.359572    -2.000769
 666    9.9797     0.009596     0.004732    22.355885     8.372960
 667    9.9838     0.006374     0.003151    15.576853    13.185426
 668    9.9904     0.002867     0.002876   -12.579033    -7.863584
 669    9.9947     0.002346     0.001651    -2.718507    -0.864836
 670    9.9985     0.004768     0.003466     1.187098     1.331637
