# indices of neighbouring atoms (max seven)
2 65 66 67
1 3 20
2 4 68
3 5 18
4 6 17
5 7 11
6 8 69
7 9 70
8 10 71
9 11 72
6 10 12
11 13 17
12 14 73
13 15 74
14 16 75
15 17 76
5 12 16
4 19 77
18 20 78
2 19 21
20 22 63
21 23 79
22 24 80
23 25 62
24 26 61
25 27 31
26 28 81
27 29 82
28 30 83
29 31 84
26 30 32
31 33 61
32 34 85
33 35 59
34 36 37
35
35 38 58
37 39 86
38 40 87
39 41 57
40 42 56
41 43 47
42 44 88
43 45 89
44 46 90
45 47 91
42 46 48
47 49 50 51
48 92 93 94
48 95 96 97
48 52 56
51 53 98
52 54 99
53 55 100
54 56 101
41 51 55
40 58 102
37 57 103
34 60 104
59 61 105
25 32 60
24 63 106
21 62 64
63 107 108 109
1
1
1
3
7
8
9
10
13
14
15
16
18
19
22
23
27
28
29
30
33
38
39
43
44
45
46
49
49
49
50
50
50
52
53
54
55
57
58
59
60
62
64
64
64
