 NM
 VELO
 MMASS
   497.316100000000     
 LFAKTOR
  0.5
 RFAKTOR
  1.0
 WIDTH
  0.20
 SHIFT
  0.00
 DATXY
   1    4.1500     0.146410     0.041492    50.288617    55.164676
   2    4.2371     0.559970     0.111654   113.636865    63.458049
   3    4.4121     0.001851     0.035792     7.895466    -0.446655
   4    4.4638     0.062595     0.005724   -28.570087   -33.583731
   5    4.5043     0.012965     0.001666    -2.417839    11.643622
   6    4.7636     0.252580     0.044121     0.966109   -18.230293
   7    4.8773     0.114637     0.013839    -4.565880    11.027897
   8    4.9004     0.022619     0.006498     3.452579     3.048278
   9    4.9871     0.006718     0.003688     0.699179     1.795672
  10    5.4419     0.290245     0.072333   -35.662519  -103.761937
  11    5.4881     0.108715     0.015623    23.404778     3.877584
  12    5.5807     0.065294     0.011090    38.432086    30.435052
  13    5.6842     0.058594     0.044845   -23.814062    -7.450105
  14    5.6930     0.012935     0.007612     2.324017   -11.563033
  15    5.7150     0.153884     0.039923    57.358347   117.283076
  16    5.7341     0.159007     0.021499    -3.797159    18.524823
  17    5.7724     0.045682     0.002765   -24.996202   -15.574010
  18    5.8055     0.057104     0.009936   -16.416920   -64.125153
  19    5.8683     0.019051     0.008286    21.251555    15.026696
  20    5.9715     0.026287     0.001718     7.778049     3.745475
  21    6.0487     0.266833     0.026646   -24.354508   -35.976050
  22    6.1498     0.036696     0.002208   -15.400576    -8.159778
  23    6.2296     0.006495     0.001211     0.016429     0.112501
  24    6.2385     0.091228     0.028895   -27.453938     3.126042
  25    6.4110     0.510523     0.173238  -116.509853  -136.513196
  26    6.4495     0.028080     0.005855    -6.373107     4.448116
  27    6.4614     0.043851     0.009515   -11.813649   -12.026618
  28    6.4716     0.104400     0.008959   -28.112193    -9.229953
  29    6.5081     0.102413     0.034124    -4.903097   -14.531013
  30    6.5264     0.050854     0.010962   -34.226052   -25.744877
  31    6.5447     0.224813     0.073856    53.682360    27.094042
  32    6.6062     0.452202     0.154887  -119.685224   -69.463867
  33    6.6690     0.039288     0.014849   -28.799855   -29.100537
  34    6.6784     0.007861     0.000276    43.739373    14.106557
  35    6.7097     0.047732     0.010989    28.865311    10.984128
  36    6.7437     0.067936     0.017469   -24.789439   -15.219663
  37    6.7876     0.351366     0.096806   220.870729   195.090142
  38    6.8014     0.008802     0.012125   -23.640780   -22.956034
  39    6.8613     0.022918     0.006652    -3.204196     1.934716
  40    6.8975     0.005466     0.003090    -1.329174     2.395095
  41    6.9232     0.013597     0.002985   -69.924833   -37.886868
  42    6.9355     0.009796     0.005164    14.312862    -0.898158
  43    6.9973     0.027060     0.010217    12.573358    11.482973
  44    7.0996     0.008510     0.000737    23.553771    16.276375
  45    7.1559     0.008591     0.005646    21.240419    13.454796
  46    7.1704     0.017577     0.027062    12.052553    20.658433
  47    7.2158     0.009578     0.006486     8.988087     6.991679
  48    7.2344     0.053986     0.015544    57.119687    34.636190
  49    7.2537     0.059673     0.019999   109.793946   120.313538
  50    7.2839     0.009129     0.007184    26.855375    50.522204
  51    7.3163     0.012710     0.008191   -10.126053    -4.311135
  52    7.3481     0.058044     0.011614     5.695567   -19.298116
  53    7.3710     0.047498     0.015281    42.407930    32.603363
  54    7.4066     0.025881     0.008074   -34.677644   -27.870105
  55    7.4255     0.027325     0.007687     5.575425    18.325589
  56    7.4481     0.009982     0.013758   -17.147777   -57.205851
  57    7.4708     0.038500     0.027489    18.068408    43.594807
  58    7.5177     0.024022     0.017227   -18.185165     2.249648
  59    7.5243     0.000916     0.012282    -6.562455   -18.505524
  60    7.5910     0.016710     0.148503    -2.010228   -45.566833
  61    7.6226     0.163993     0.103021  -281.085933  -266.755116
  62    7.6327     0.569019     0.084437   -74.562831    -4.580188
  63    7.6567     0.018307     0.004345   -96.034672   -63.393209
  64    7.6585     0.138671     0.079620    32.250215    55.061474
  65    7.6810     0.004472     0.045121    -3.556353   -68.921134
  66    7.6942     0.089386     0.033892    39.399038    68.199663
  67    7.7066     0.002670     0.001490     0.546968     4.594335
  68    7.7156     0.060469     0.064925  -191.872990   -23.611805
  69    7.7450     0.159682     0.035615   357.624445   259.967641
  70    7.7867     0.281816     0.052467   -46.407237    -5.510802
  71    7.8341     0.008581     0.016369   -27.281670   -59.363301
  72    7.8386     0.001921     0.008558    -3.565776     2.465846
  73    7.8810     0.025482     0.009566     2.730832    -2.421432
  74    7.8977     0.009088     0.025742     0.102704    -0.680826
  75    7.9028     0.006077     0.005908    -1.359215   -12.004215
  76    7.9184     0.005245     0.005900   -30.627190    52.784675
  77    7.9470     0.016674     0.028698     2.657805    -8.732871
  78    7.9621     0.043874     0.012585    27.036243     3.797399
  79    7.9660     0.029550     0.012299    37.076770    -1.186078
  80    7.9933     0.256273     0.086995    44.797026   -34.051720
  81    8.0022     0.000214     0.012822    -1.018901   -58.980405
  82    8.0294     0.009523     0.001708   -36.434529    15.429717
  83    8.0418     0.066330     0.020159  -109.378134   -83.821136
  84    8.0638     0.069182     0.008908   -22.330951     0.964017
  85    8.0900     0.017371     0.006485    19.478296    11.878669
  86    8.1042     0.156193     0.033540    75.648324    49.413668
  87    8.1074     0.100513     0.030023    79.223954    61.852975
  88    8.1217     0.147561     0.051083     7.279144    11.114543
  89    8.1498     0.032738     0.015508   -14.954077   -12.644527
  90    8.1762     0.185443     0.040328    60.350925    -4.099574
  91    8.2377     0.009299     0.000981     4.306107     1.273306
  92    8.2647     0.060187     0.011926    -4.638810    -2.740000
  93    8.2759     0.007842     0.003960    15.524525    -1.710605
  94    8.2875     0.061435     0.015239    93.112354    40.276077
  95    8.3292     0.022040     0.002353   -15.735740     1.853432
  96    8.3587     0.020310     0.009761     8.730702     8.700213
  97    8.3676     0.011722     0.006260   -12.215394     2.593410
  98    8.3762     0.038586     0.005403   -44.156061   -29.486357
  99    8.3934     0.033378     0.015110   -20.801341   -15.611921
 100    8.3963     0.003595     0.010103    -9.173074    -5.482048
 101    8.4351     0.030619     0.009985   -21.172154     1.470164
 102    8.4461     0.032669     0.009381    24.559262    19.743733
 103    8.4832     0.010720     0.010902    24.559358    27.167977
 104    8.4913     0.006357     0.002303     3.044097    -0.531621
 105    8.5015     0.029455     0.004192    12.526271     3.637015
 106    8.5199     0.002496     0.006977    -5.670662   -14.121870
 107    8.5225     0.013517     0.013578     0.405369   -11.587820
 108    8.5391     0.037811     0.042934   -18.134926   -24.187478
 109    8.5527     0.019855     0.023675    -1.838424   -16.402071
 110    8.5712     0.022265     0.020581   -13.196122    13.740352
 111    8.5944     0.023914     0.002821   -20.652259   -15.732314
 112    8.6146     0.000320     0.001780     2.081148     0.620261
 113    8.6310     0.030942     0.012228    28.435770    20.655755
 114    8.6731     0.105683     0.008772   131.603235    77.344980
 115    8.6941     0.042512     0.013507   -67.378460   -43.601230
 116    8.7021     0.069763     0.008905    10.951431    -8.551149
 117    8.7156     0.046661     0.015706     4.158729    -8.498061
 118    8.7233     0.001262     0.005313     1.041226   -11.009971
 119    8.7455     0.007558     0.007221     3.380819    -8.700582
 120    8.7532     0.006932     0.003963    -6.730449    10.775507
 121    8.7596     0.005570     0.003479     5.082640     2.320699
 122    8.7735     0.104968     0.019351   -24.501681   -20.001773
 123    8.7835     0.004072     0.006370    14.915705     5.923544
 124    8.8139     0.009564     0.005124    16.856342    14.138206
 125    8.8373     0.021459     0.016941   -35.278551   -14.626687
 126    8.8458     0.029873     0.003530   -28.282559    -8.629697
 127    8.8491     0.011903     0.002121     2.209623   -11.220695
 128    8.8585     0.000731     0.000398   -10.920744    -6.455504
 129    8.8680     0.004098     0.000134    -4.251429    -1.739040
 130    8.8697     0.000428     0.003904    -0.568058     6.640556
 131    8.8822     0.001106     0.004093    -3.203789     3.441180
 132    8.8909     0.004158     0.002984    24.070023    31.672431
 133    8.9092     0.004745     0.004590     5.856788    20.482709
 134    8.9502     0.014011     0.000397    -2.976918    -1.638517
 135    8.9670     0.009572     0.005765    11.493767    -3.721167
 136    8.9757     0.004228     0.002570    18.977856    13.046398
 137    8.9838     0.003460     0.001370     5.797846     2.476303
 138    8.9937     0.003198     0.001621     6.007416    -4.439113
 139    9.0116     0.018379     0.019261    -5.137736     6.128390
 140    9.0295     0.001258     0.003612    -4.111863   -10.009256
 141    9.0554     0.009548     0.004691    -3.014002    -3.824724
 142    9.0719     0.021107     0.018129    -8.067454     0.092629
 143    9.0892     0.007223     0.000792     7.142272    -0.382553
 144    9.0966     0.016079     0.019451   -18.232835   -18.096116
 145    9.0988     0.061573     0.018632   -72.468825   -13.604391
 146    9.1140     0.010288     0.002049     4.103136     0.574881
 147    9.1212     0.017230     0.015496    -5.358586     1.507127
 148    9.1501     0.007276     0.008304    -7.073218   -11.023816
 149    9.1600     0.007322     0.008658     9.221117    -1.443672
 150    9.1828     0.001953     0.003667    -4.044162     3.190079
 151    9.1893     0.019126     0.019000     1.358059     1.344914
 152    9.1971     0.007864     0.001214    14.435858     0.542889
 153    9.2149     0.006183     0.010838    19.164636   -26.987403
 154    9.2226     0.001281     0.007717     1.157629     0.505729
 155    9.2322     0.030740     0.012317    -6.322191   -11.767148
 156    9.2376     0.011679     0.000897    29.389816    10.326221
 157    9.2451     0.007407     0.002295   -24.847892    -3.465616
 158    9.2614     0.000661     0.008010     2.594543     5.905024
 159    9.3000     0.002831     0.025541     8.532684    22.485712
 160    9.3020     0.006571     0.022399    -5.948091   -14.909453
 161    9.3152     0.000397     0.018891     1.321503    18.173478
 162    9.3342     0.000423     0.015640     1.163910     6.493009
 163    9.3420     0.002309     0.005736     5.837285     6.716816
 164    9.3699     0.000892     0.005634     1.665995     6.826364
 165    9.3728     0.001784     0.014744     7.192119    27.755493
 166    9.3919     0.005021     0.008505    10.749867    -6.186133
 167    9.4163     0.008230     0.001500     6.473614     3.223635
 168    9.4271     0.002992     0.019554    -2.331170    -1.305327
 169    9.4375     0.001405     0.005842    -4.117122    -5.392220
 170    9.4461     0.006398     0.026595     6.327424     5.826666
 171    9.4619     0.007384     0.008986    15.982990     1.841845
 172    9.4646     0.010992     0.010350    -1.604449    -0.898272
 173    9.4813     0.012655     0.006864    16.934600    18.038129
 174    9.4913     0.013173     0.004841    -8.334468    -6.155387
 175    9.5046     0.007964     0.004573    10.778258   -13.767418
 176    9.5084     0.024870     0.020485    22.817817    14.284006
 177    9.5175     0.002069     0.006996     2.437770     3.522453
 178    9.5279     0.002884     0.002984   -15.748255   -13.634465
 179    9.5322     0.001360     0.004410     0.784123    -2.677241
 180    9.5411     0.014815     0.013181    13.888719    12.610429
 181    9.5545     0.006964     0.002856   -15.623353    -9.568105
 182    9.5589     0.004441     0.006698     4.263295     8.058660
 183    9.5655     0.002486     0.007139    -2.293855    -1.942846
 184    9.5709     0.018153     0.027638   -14.491735   -17.970983
 185    9.5911     0.001906     0.006642    -0.689546    -4.616780
 186    9.6039     0.019266     0.023382   -13.295636    -8.475576
 187    9.6168     0.003676     0.002271     3.213683    -1.006063
 188    9.6267     0.024979     0.025656    -2.254513     3.038095
 189    9.6369     0.005416     0.002459    -7.130329    -5.838344
 190    9.6589     0.001378     0.002395     6.531551     8.314060
 191    9.6628     0.009003     0.022235    -6.357274    -8.674939
 192    9.6720     0.011536     0.003732     7.895574     8.701743
 193    9.6820     0.015143     0.018969     4.536421     5.064195
 194    9.6991     0.003681     0.007527    -0.522622     4.682549
 195    9.7109     0.014631     0.019372   -27.669676   -22.404710
 196    9.7176     0.011265     0.007046     1.153758    -0.327719
 197    9.7364     0.007252     0.001875    17.993769     1.143122
 198    9.7529     0.000313     0.002380     0.224161    -1.084198
 199    9.7599     0.035475     0.025497    -5.220842     1.872515
 200    9.7703     0.020321     0.019220    -6.487652   -18.214034
 201    9.7766     0.017157     0.024834     9.563792    11.209791
 202    9.7934     0.015665     0.008902     6.594951     7.220392
 203    9.7986     0.018916     0.012873     6.812011     8.974829
 204    9.8113     0.022730     0.004295   -26.763828   -17.166435
 205    9.8190     0.003861     0.001836   -14.937185     1.367278
 206    9.8228     0.012795     0.009453    49.523912    29.112579
 207    9.8322     0.017033     0.010067    16.388099    10.192758
 208    9.8447     0.042809     0.025592   -20.365917    -0.157121
 209    9.8823     0.006523     0.007481     0.575268    -0.512909
 210    9.8922     0.003910     0.003541     0.002570     2.599291
 211    9.8980     0.037729     0.020917    19.939032    12.724795
 212    9.9214     0.009935     0.007007     5.233330     5.811120
 213    9.9299     0.034877     0.013083    33.938291    17.486201
 214    9.9392     0.005924     0.007451     9.532706    14.933681
 215    9.9579     0.002763     0.002584     4.210225     2.807263
 216    9.9691     0.002671     0.013057     0.742555    -9.816542
 217    9.9744     0.017125     0.005952    -1.568933    -1.781736
 218    9.9798     0.026085     0.004661   -19.217528    -8.814682
 219    9.9828     0.007178     0.011809    -6.809918    -7.542960
