 NM
 UV
 MMASS
   966.361999999996     
 LFAKTOR
  0.5
 RFAKTOR
  1.0
 WIDTH
  0.20
 SHIFT
  0.00
 DATXY
   1    3.4630     0.000000     0.000000     0.000000     0.000000
   2    3.5456     0.000000     0.000000     0.000000     0.000000
   3    3.6208     0.000000     0.000000     0.000000     0.000000
   4    3.7788     0.000000     0.000000     0.000000     0.000000
   5    3.7848     0.000000     0.000000     0.000000     0.000000
   6    3.8174     0.000000     0.000000     0.000000     0.000000
   7    3.8390     0.000000     0.000000     0.000000     0.000000
   8    4.4416     0.000000     0.000000     0.000000     0.000000
   9    4.8244     0.000000     0.000000     0.000000     0.000000
  10    4.8367     0.000000     0.000000     0.000000     0.000000
  11    4.8734     0.000000     0.000000     0.000000     0.000000
  12    4.8946     0.000000     0.000000     0.000000     0.000000
  13    4.9010     0.000000     0.000000     0.000000     0.000000
  14    4.9217     0.000000     0.000000     0.000000     0.000000
  15    4.9255     0.000000     0.000000     0.000000     0.000000
  16    4.9371     0.000000     0.000000     0.000000     0.000000
  17    4.9984     0.000000     0.000000     0.000000     0.000000
  18    5.0105     0.000000     0.000000     0.000000     0.000000
  19    5.0627     0.000000     0.000000     0.000000     0.000000
  20    5.0729     0.000000     0.000000     0.000000     0.000000
  21    5.1112     0.000000     0.000000     0.000000     0.000000
  22    5.1790     0.000000     0.000000     0.000000     0.000000
  23    5.1963     0.000000     0.000000     0.000000     0.000000
  24    5.2343     0.000000     0.000000     0.000000     0.000000
  25    5.2418     0.000000     0.000000     0.000000     0.000000
  26    5.2795     0.000000     0.000000     0.000000     0.000000
  27    5.2834     0.000000     0.000000     0.000000     0.000000
  28    5.3081     0.000000     0.000000     0.000000     0.000000
  29    5.3207     0.000000     0.000000     0.000000     0.000000
  30    5.3257     0.000000     0.000000     0.000000     0.000000
  31    5.3391     0.000000     0.000000     0.000000     0.000000
  32    5.3743     0.000000     0.000000     0.000000     0.000000
  33    5.4147     0.000000     0.000000     0.000000     0.000000
  34    5.4248     0.000000     0.000000     0.000000     0.000000
  35    5.4780     0.000000     0.000000     0.000000     0.000000
  36    5.4826     0.000000     0.000000     0.000000     0.000000
  37    5.4962     0.000000     0.000000     0.000000     0.000000
  38    5.5000     0.000000     0.000000     0.000000     0.000000
  39    5.5432     0.000000     0.000000     0.000000     0.000000
  40    5.5577     0.000000     0.000000     0.000000     0.000000
  41    5.5823     0.000000     0.000000     0.000000     0.000000
  42    5.6657     0.000000     0.000000     0.000000     0.000000
  43    5.6718     0.000000     0.000000     0.000000     0.000000
  44    5.7503     0.000000     0.000000     0.000000     0.000000
  45    5.7662     0.000000     0.000000     0.000000     0.000000
  46    5.8267     0.000000     0.000000     0.000000     0.000000
  47    5.8433     0.000000     0.000000     0.000000     0.000000
  48    5.8459     0.000000     0.000000     0.000000     0.000000
  49    5.8497     0.000000     0.000000     0.000000     0.000000
  50    5.8811     0.000000     0.000000     0.000000     0.000000
  51    5.9154     0.000000     0.000000     0.000000     0.000000
  52    5.9588     0.000000     0.000000     0.000000     0.000000
  53    6.0346     0.000000     0.000000     0.000000     0.000000
  54    6.0399     0.000000     0.000000     0.000000     0.000000
  55    6.0427     0.000000     0.000000     0.000000     0.000000
  56    6.0714     0.000000     0.000000     0.000000     0.000000
  57    6.0884     0.000000     0.000000     0.000000     0.000000
  58    6.1311     0.000000     0.000000     0.000000     0.000000
  59    6.1543     0.000000     0.000000     0.000000     0.000000
  60    6.1762     0.000000     0.000000     0.000000     0.000000
  61    6.2125     0.000000     0.000000     0.000000     0.000000
  62    6.2250     0.000000     0.000000     0.000000     0.000000
  63    6.2351     0.000000     0.000000     0.000000     0.000000
  64    6.3077     0.000000     0.000000     0.000000     0.000000
  65    6.4480     0.000000     0.000000     0.000000     0.000000
  66    6.5152     0.000000     0.000000     0.000000     0.000000
  67    6.5218     0.000000     0.000000     0.000000     0.000000
  68    6.5533     0.000000     0.000000     0.000000     0.000000
  69    6.5571     0.000000     0.000000     0.000000     0.000000
  70    6.5636     0.000000     0.000000     0.000000     0.000000
  71    6.5763     0.000000     0.000000     0.000000     0.000000
  72    6.5811     0.000000     0.000000     0.000000     0.000000
  73    6.6131     0.000000     0.000000     0.000000     0.000000
  74    6.6295     0.000000     0.000000     0.000000     0.000000
  75    6.6862     0.000000     0.000000     0.000000     0.000000
  76    6.7453     0.000000     0.000000     0.000000     0.000000
  77    6.7481     0.000000     0.000000     0.000000     0.000000
  78    6.8619     0.000000     0.000000     0.000000     0.000000
  79    6.8640     0.000000     0.000000     0.000000     0.000000
  80    6.8796     0.000000     0.000000     0.000000     0.000000
  81    6.8920     0.000000     0.000000     0.000000     0.000000
  82    6.8985     0.000000     0.000000     0.000000     0.000000
  83    6.9048     0.000000     0.000000     0.000000     0.000000
  84    6.9078     0.000000     0.000000     0.000000     0.000000
  85    6.9153     0.000000     0.000000     0.000000     0.000000
  86    6.9285     0.000000     0.000000     0.000000     0.000000
  87    6.9410     0.000000     0.000000     0.000000     0.000000
  88    6.9467     0.000000     0.000000     0.000000     0.000000
  89    6.9963     0.000000     0.000000     0.000000     0.000000
  90    7.0008     0.000000     0.000000     0.000000     0.000000
  91    7.0115     0.000000     0.000000     0.000000     0.000000
  92    7.0154     0.000000     0.000000     0.000000     0.000000
  93    7.0224     0.000000     0.000000     0.000000     0.000000
  94    7.0432     0.000000     0.000000     0.000000     0.000000
  95    7.0462     0.000000     0.000000     0.000000     0.000000
  96    7.0507     0.000000     0.000000     0.000000     0.000000
  97    7.0598     0.000000     0.000000     0.000000     0.000000
  98    7.0745     0.000000     0.000000     0.000000     0.000000
  99    7.0773     0.000000     0.000000     0.000000     0.000000
 100    7.0884     0.000000     0.000000     0.000000     0.000000
 101    7.0948     0.000000     0.000000     0.000000     0.000000
 102    7.1062     0.000000     0.000000     0.000000     0.000000
 103    7.1242     0.000000     0.000000     0.000000     0.000000
 104    7.1327     0.000000     0.000000     0.000000     0.000000
 105    7.1538     0.000000     0.000000     0.000000     0.000000
 106    7.1719     0.000000     0.000000     0.000000     0.000000
 107    7.2033     0.000000     0.000000     0.000000     0.000000
 108    7.2077     0.000000     0.000000     0.000000     0.000000
 109    7.2115     0.000000     0.000000     0.000000     0.000000
 110    7.2343     0.000000     0.000000     0.000000     0.000000
 111    7.2357     0.000000     0.000000     0.000000     0.000000
 112    7.2503     0.000000     0.000000     0.000000     0.000000
 113    7.2626     0.000000     0.000000     0.000000     0.000000
 114    7.2740     0.000000     0.000000     0.000000     0.000000
 115    7.2791     0.000000     0.000000     0.000000     0.000000
 116    7.2820     0.000000     0.000000     0.000000     0.000000
 117    7.2877     0.000000     0.000000     0.000000     0.000000
 118    7.2998     0.000000     0.000000     0.000000     0.000000
 119    7.3052     0.000000     0.000000     0.000000     0.000000
 120    7.3217     0.000000     0.000000     0.000000     0.000000
 121    7.3252     0.000000     0.000000     0.000000     0.000000
 122    7.3277     0.000000     0.000000     0.000000     0.000000
 123    7.3303     0.000000     0.000000     0.000000     0.000000
 124    7.3338     0.000000     0.000000     0.000000     0.000000
 125    7.3425     0.000000     0.000000     0.000000     0.000000
 126    7.3511     0.000000     0.000000     0.000000     0.000000
 127    7.3654     0.000000     0.000000     0.000000     0.000000
 128    7.3733     0.000000     0.000000     0.000000     0.000000
 129    7.3749     0.000000     0.000000     0.000000     0.000000
 130    7.3786     0.000000     0.000000     0.000000     0.000000
 131    7.3810     0.000000     0.000000     0.000000     0.000000
 132    7.3823     0.000000     0.000000     0.000000     0.000000
 133    7.3971     0.000000     0.000000     0.000000     0.000000
 134    7.4043     0.000000     0.000000     0.000000     0.000000
 135    7.4101     0.000000     0.000000     0.000000     0.000000
 136    7.4163     0.000000     0.000000     0.000000     0.000000
 137    7.4213     0.000000     0.000000     0.000000     0.000000
 138    7.4243     0.000000     0.000000     0.000000     0.000000
 139    7.4318     0.000000     0.000000     0.000000     0.000000
 140    7.4413     0.000000     0.000000     0.000000     0.000000
 141    7.4463     0.000000     0.000000     0.000000     0.000000
 142    7.4522     0.000000     0.000000     0.000000     0.000000
 143    7.4586     0.000000     0.000000     0.000000     0.000000
 144    7.4690     0.000000     0.000000     0.000000     0.000000
 145    7.4928     0.000000     0.000000     0.000000     0.000000
 146    7.4953     0.000000     0.000000     0.000000     0.000000
 147    7.5009     0.000000     0.000000     0.000000     0.000000
 148    7.5166     0.000000     0.000000     0.000000     0.000000
 149    7.5259     0.000000     0.000000     0.000000     0.000000
 150    7.5322     0.000000     0.000000     0.000000     0.000000
 151    7.5573     0.000000     0.000000     0.000000     0.000000
 152    7.5617     0.000000     0.000000     0.000000     0.000000
 153    7.5682     0.000000     0.000000     0.000000     0.000000
 154    7.5796     0.000000     0.000000     0.000000     0.000000
 155    7.5840     0.000000     0.000000     0.000000     0.000000
 156    7.5854     0.000000     0.000000     0.000000     0.000000
 157    7.5954     0.000000     0.000000     0.000000     0.000000
 158    7.6065     0.000000     0.000000     0.000000     0.000000
 159    7.6211     0.000000     0.000000     0.000000     0.000000
 160    7.6327     0.000000     0.000000     0.000000     0.000000
 161    7.6413     0.000000     0.000000     0.000000     0.000000
 162    7.6458     0.000000     0.000000     0.000000     0.000000
 163    7.6467     0.000000     0.000000     0.000000     0.000000
 164    7.6575     0.000000     0.000000     0.000000     0.000000
 165    7.6712     0.000000     0.000000     0.000000     0.000000
 166    7.6735     0.000000     0.000000     0.000000     0.000000
 167    7.6787     0.000000     0.000000     0.000000     0.000000
 168    7.6829     0.000000     0.000000     0.000000     0.000000
 169    7.6872     0.000000     0.000000     0.000000     0.000000
 170    7.6915     0.000000     0.000000     0.000000     0.000000
 171    7.7008     0.000000     0.000000     0.000000     0.000000
 172    7.7061     0.000000     0.000000     0.000000     0.000000
 173    7.7080     0.000000     0.000000     0.000000     0.000000
 174    7.7139     0.000000     0.000000     0.000000     0.000000
 175    7.7243     0.000000     0.000000     0.000000     0.000000
 176    7.7293     0.000000     0.000000     0.000000     0.000000
 177    7.7382     0.000000     0.000000     0.000000     0.000000
 178    7.7599     0.000000     0.000000     0.000000     0.000000
 179    7.7675     0.000000     0.000000     0.000000     0.000000
 180    7.7704     0.000000     0.000000     0.000000     0.000000
 181    7.7767     0.000000     0.000000     0.000000     0.000000
 182    7.7875     0.000000     0.000000     0.000000     0.000000
 183    7.8001     0.000000     0.000000     0.000000     0.000000
 184    7.8071     0.000000     0.000000     0.000000     0.000000
 185    7.8108     0.000000     0.000000     0.000000     0.000000
 186    7.8155     0.000000     0.000000     0.000000     0.000000
 187    7.8241     0.000000     0.000000     0.000000     0.000000
 188    7.8293     0.000000     0.000000     0.000000     0.000000
 189    7.8355     0.000000     0.000000     0.000000     0.000000
 190    7.8389     0.000000     0.000000     0.000000     0.000000
 191    7.8503     0.000000     0.000000     0.000000     0.000000
 192    7.8640     0.000000     0.000000     0.000000     0.000000
 193    7.8751     0.000000     0.000000     0.000000     0.000000
 194    7.8834     0.000000     0.000000     0.000000     0.000000
 195    7.9036     0.000000     0.000000     0.000000     0.000000
 196    7.9181     0.000000     0.000000     0.000000     0.000000
 197    7.9227     0.000000     0.000000     0.000000     0.000000
 198    7.9355     0.000000     0.000000     0.000000     0.000000
 199    7.9405     0.000000     0.000000     0.000000     0.000000
 200    7.9481     0.000000     0.000000     0.000000     0.000000
 201    7.9554     0.000000     0.000000     0.000000     0.000000
 202    7.9564     0.000000     0.000000     0.000000     0.000000
 203    7.9835     0.000000     0.000000     0.000000     0.000000
 204    7.9946     0.000000     0.000000     0.000000     0.000000
 205    8.0030     0.000000     0.000000     0.000000     0.000000
 206    8.0136     0.000000     0.000000     0.000000     0.000000
 207    8.0221     0.000000     0.000000     0.000000     0.000000
 208    8.0376     0.000000     0.000000     0.000000     0.000000
 209    8.0436     0.000000     0.000000     0.000000     0.000000
 210    8.0477     0.000000     0.000000     0.000000     0.000000
 211    8.0530     0.000000     0.000000     0.000000     0.000000
 212    8.0567     0.000000     0.000000     0.000000     0.000000
 213    8.0591     0.000000     0.000000     0.000000     0.000000
 214    8.0615     0.000000     0.000000     0.000000     0.000000
 215    8.0674     0.000000     0.000000     0.000000     0.000000
 216    8.0695     0.000000     0.000000     0.000000     0.000000
 217    8.0736     0.000000     0.000000     0.000000     0.000000
 218    8.0782     0.000000     0.000000     0.000000     0.000000
 219    8.0833     0.000000     0.000000     0.000000     0.000000
 220    8.0845     0.000000     0.000000     0.000000     0.000000
 221    8.0979     0.000000     0.000000     0.000000     0.000000
 222    8.1101     0.000000     0.000000     0.000000     0.000000
 223    8.1152     0.000000     0.000000     0.000000     0.000000
 224    8.1187     0.000000     0.000000     0.000000     0.000000
 225    8.1232     0.000000     0.000000     0.000000     0.000000
 226    8.1258     0.000000     0.000000     0.000000     0.000000
 227    8.1279     0.000000     0.000000     0.000000     0.000000
 228    8.1315     0.000000     0.000000     0.000000     0.000000
 229    8.1350     0.000000     0.000000     0.000000     0.000000
 230    8.1405     0.000000     0.000000     0.000000     0.000000
 231    8.1492     0.000000     0.000000     0.000000     0.000000
 232    8.1722     0.000000     0.000000     0.000000     0.000000
 233    8.1783     0.000000     0.000000     0.000000     0.000000
 234    8.1835     0.000000     0.000000     0.000000     0.000000
 235    8.1998     0.000000     0.000000     0.000000     0.000000
 236    8.2102     0.000000     0.000000     0.000000     0.000000
 237    8.2158     0.000000     0.000000     0.000000     0.000000
 238    8.2191     0.000000     0.000000     0.000000     0.000000
 239    8.2247     0.000000     0.000000     0.000000     0.000000
 240    8.2257     0.000000     0.000000     0.000000     0.000000
 241    8.2360     0.000000     0.000000     0.000000     0.000000
 242    8.2475     0.000000     0.000000     0.000000     0.000000
 243    8.2549     0.000000     0.000000     0.000000     0.000000
 244    8.2595     0.000000     0.000000     0.000000     0.000000
 245    8.2670     0.000000     0.000000     0.000000     0.000000
 246    8.2800     0.000000     0.000000     0.000000     0.000000
 247    8.2851     0.000000     0.000000     0.000000     0.000000
 248    8.2876     0.000000     0.000000     0.000000     0.000000
 249    8.2987     0.000000     0.000000     0.000000     0.000000
 250    8.3049     0.000000     0.000000     0.000000     0.000000
 251    8.3106     0.000000     0.000000     0.000000     0.000000
 252    8.3137     0.000000     0.000000     0.000000     0.000000
 253    8.3153     0.000000     0.000000     0.000000     0.000000
 254    8.3211     0.000000     0.000000     0.000000     0.000000
 255    8.3248     0.000000     0.000000     0.000000     0.000000
 256    8.3274     0.000000     0.000000     0.000000     0.000000
 257    8.3339     0.000000     0.000000     0.000000     0.000000
 258    8.3365     0.000000     0.000000     0.000000     0.000000
 259    8.3437     0.000000     0.000000     0.000000     0.000000
 260    8.3483     0.000000     0.000000     0.000000     0.000000
 261    8.3511     0.000000     0.000000     0.000000     0.000000
 262    8.3540     0.000000     0.000000     0.000000     0.000000
 263    8.3612     0.000000     0.000000     0.000000     0.000000
 264    8.3651     0.000000     0.000000     0.000000     0.000000
 265    8.3683     0.000000     0.000000     0.000000     0.000000
 266    8.3703     0.000000     0.000000     0.000000     0.000000
 267    8.3771     0.000000     0.000000     0.000000     0.000000
 268    8.3788     0.000000     0.000000     0.000000     0.000000
 269    8.3889     0.000000     0.000000     0.000000     0.000000
 270    8.4125     0.000000     0.000000     0.000000     0.000000
 271    8.4219     0.000000     0.000000     0.000000     0.000000
 272    8.4229     0.000000     0.000000     0.000000     0.000000
 273    8.4258     0.000000     0.000000     0.000000     0.000000
 274    8.4279     0.000000     0.000000     0.000000     0.000000
 275    8.4289     0.000000     0.000000     0.000000     0.000000
 276    8.4328     0.000000     0.000000     0.000000     0.000000
 277    8.4338     0.000000     0.000000     0.000000     0.000000
 278    8.4406     0.000000     0.000000     0.000000     0.000000
 279    8.4459     0.000000     0.000000     0.000000     0.000000
 280    8.4468     0.000000     0.000000     0.000000     0.000000
 281    8.4561     0.000000     0.000000     0.000000     0.000000
 282    8.4610     0.000000     0.000000     0.000000     0.000000
 283    8.4626     0.000000     0.000000     0.000000     0.000000
 284    8.4691     0.000000     0.000000     0.000000     0.000000
 285    8.4712     0.000000     0.000000     0.000000     0.000000
 286    8.4726     0.000000     0.000000     0.000000     0.000000
 287    8.4900     0.000000     0.000000     0.000000     0.000000
 288    8.4990     0.000000     0.000000     0.000000     0.000000
 289    8.5076     0.000000     0.000000     0.000000     0.000000
 290    8.5128     0.000000     0.000000     0.000000     0.000000
 291    8.5196     0.000000     0.000000     0.000000     0.000000
 292    8.5281     0.000000     0.000000     0.000000     0.000000
 293    8.5290     0.000000     0.000000     0.000000     0.000000
 294    8.5346     0.000000     0.000000     0.000000     0.000000
 295    8.5361     0.000000     0.000000     0.000000     0.000000
 296    8.5372     0.000000     0.000000     0.000000     0.000000
 297    8.5439     0.000000     0.000000     0.000000     0.000000
 298    8.5510     0.000000     0.000000     0.000000     0.000000
 299    8.5585     0.000000     0.000000     0.000000     0.000000
 300    8.5613     0.000000     0.000000     0.000000     0.000000
 301    8.5686     0.000000     0.000000     0.000000     0.000000
 302    8.5706     0.000000     0.000000     0.000000     0.000000
 303    8.5811     0.000000     0.000000     0.000000     0.000000
 304    8.5824     0.000000     0.000000     0.000000     0.000000
 305    8.5831     0.000000     0.000000     0.000000     0.000000
 306    8.5864     0.000000     0.000000     0.000000     0.000000
 307    8.5963     0.000000     0.000000     0.000000     0.000000
 308    8.6028     0.000000     0.000000     0.000000     0.000000
 309    8.6054     0.000000     0.000000     0.000000     0.000000
 310    8.6071     0.000000     0.000000     0.000000     0.000000
 311    8.6106     0.000000     0.000000     0.000000     0.000000
 312    8.6143     0.000000     0.000000     0.000000     0.000000
 313    8.6227     0.000000     0.000000     0.000000     0.000000
 314    8.6327     0.000000     0.000000     0.000000     0.000000
 315    8.6371     0.000000     0.000000     0.000000     0.000000
 316    8.6436     0.000000     0.000000     0.000000     0.000000
 317    8.6444     0.000000     0.000000     0.000000     0.000000
 318    8.6487     0.000000     0.000000     0.000000     0.000000
 319    8.6509     0.000000     0.000000     0.000000     0.000000
 320    8.6579     0.000000     0.000000     0.000000     0.000000
 321    8.6617     0.000000     0.000000     0.000000     0.000000
 322    8.6659     0.000000     0.000000     0.000000     0.000000
 323    8.6688     0.000000     0.000000     0.000000     0.000000
 324    8.6712     0.000000     0.000000     0.000000     0.000000
 325    8.6768     0.000000     0.000000     0.000000     0.000000
 326    8.6780     0.000000     0.000000     0.000000     0.000000
 327    8.6789     0.000000     0.000000     0.000000     0.000000
 328    8.6848     0.000000     0.000000     0.000000     0.000000
 329    8.6886     0.000000     0.000000     0.000000     0.000000
 330    8.6904     0.000000     0.000000     0.000000     0.000000
 331    8.6981     0.000000     0.000000     0.000000     0.000000
 332    8.7014     0.000000     0.000000     0.000000     0.000000
 333    8.7126     0.000000     0.000000     0.000000     0.000000
 334    8.7158     0.000000     0.000000     0.000000     0.000000
 335    8.7189     0.000000     0.000000     0.000000     0.000000
 336    8.7217     0.000000     0.000000     0.000000     0.000000
 337    8.7343     0.000000     0.000000     0.000000     0.000000
 338    8.7354     0.000000     0.000000     0.000000     0.000000
 339    8.7393     0.000000     0.000000     0.000000     0.000000
 340    8.7421     0.000000     0.000000     0.000000     0.000000
 341    8.7451     0.000000     0.000000     0.000000     0.000000
 342    8.7453     0.000000     0.000000     0.000000     0.000000
 343    8.7475     0.000000     0.000000     0.000000     0.000000
 344    8.7542     0.000000     0.000000     0.000000     0.000000
 345    8.7610     0.000000     0.000000     0.000000     0.000000
 346    8.7616     0.000000     0.000000     0.000000     0.000000
 347    8.7731     0.000000     0.000000     0.000000     0.000000
 348    8.7738     0.000000     0.000000     0.000000     0.000000
 349    8.7754     0.000000     0.000000     0.000000     0.000000
 350    8.7800     0.000000     0.000000     0.000000     0.000000
 351    8.7834     0.000000     0.000000     0.000000     0.000000
 352    8.7837     0.000000     0.000000     0.000000     0.000000
 353    8.7880     0.000000     0.000000     0.000000     0.000000
 354    8.7902     0.000000     0.000000     0.000000     0.000000
 355    8.7933     0.000000     0.000000     0.000000     0.000000
 356    8.7972     0.000000     0.000000     0.000000     0.000000
 357    8.8010     0.000000     0.000000     0.000000     0.000000
 358    8.8081     0.000000     0.000000     0.000000     0.000000
 359    8.8098     0.000000     0.000000     0.000000     0.000000
 360    8.8137     0.000000     0.000000     0.000000     0.000000
 361    8.8200     0.000000     0.000000     0.000000     0.000000
 362    8.8260     0.000000     0.000000     0.000000     0.000000
 363    8.8308     0.000000     0.000000     0.000000     0.000000
 364    8.8352     0.000000     0.000000     0.000000     0.000000
 365    8.8388     0.000000     0.000000     0.000000     0.000000
 366    8.8452     0.000000     0.000000     0.000000     0.000000
 367    8.8527     0.000000     0.000000     0.000000     0.000000
 368    8.8558     0.000000     0.000000     0.000000     0.000000
 369    8.8579     0.000000     0.000000     0.000000     0.000000
 370    8.8581     0.000000     0.000000     0.000000     0.000000
 371    8.8616     0.000000     0.000000     0.000000     0.000000
 372    8.8627     0.000000     0.000000     0.000000     0.000000
 373    8.8646     0.000000     0.000000     0.000000     0.000000
 374    8.8690     0.000000     0.000000     0.000000     0.000000
 375    8.8706     0.000000     0.000000     0.000000     0.000000
 376    8.8738     0.000000     0.000000     0.000000     0.000000
 377    8.8753     0.000000     0.000000     0.000000     0.000000
 378    8.8832     0.000000     0.000000     0.000000     0.000000
 379    8.8864     0.000000     0.000000     0.000000     0.000000
 380    8.8906     0.000000     0.000000     0.000000     0.000000
 381    8.8986     0.000000     0.000000     0.000000     0.000000
 382    8.9019     0.000000     0.000000     0.000000     0.000000
 383    8.9029     0.000000     0.000000     0.000000     0.000000
 384    8.9093     0.000000     0.000000     0.000000     0.000000
 385    8.9150     0.000000     0.000000     0.000000     0.000000
 386    8.9176     0.000000     0.000000     0.000000     0.000000
 387    8.9286     0.000000     0.000000     0.000000     0.000000
 388    8.9326     0.000000     0.000000     0.000000     0.000000
 389    8.9378     0.000000     0.000000     0.000000     0.000000
 390    8.9395     0.000000     0.000000     0.000000     0.000000
 391    8.9456     0.000000     0.000000     0.000000     0.000000
 392    8.9496     0.000000     0.000000     0.000000     0.000000
 393    8.9566     0.000000     0.000000     0.000000     0.000000
 394    8.9622     0.000000     0.000000     0.000000     0.000000
 395    8.9636     0.000000     0.000000     0.000000     0.000000
 396    8.9660     0.000000     0.000000     0.000000     0.000000
 397    8.9669     0.000000     0.000000     0.000000     0.000000
 398    8.9691     0.000000     0.000000     0.000000     0.000000
 399    8.9738     0.000000     0.000000     0.000000     0.000000
 400    8.9770     0.000000     0.000000     0.000000     0.000000
 401    8.9818     0.000000     0.000000     0.000000     0.000000
 402    8.9866     0.000000     0.000000     0.000000     0.000000
 403    8.9913     0.000000     0.000000     0.000000     0.000000
 404    8.9947     0.000000     0.000000     0.000000     0.000000
 405    9.0010     0.000000     0.000000     0.000000     0.000000
 406    9.0061     0.000000     0.000000     0.000000     0.000000
 407    9.0080     0.000000     0.000000     0.000000     0.000000
 408    9.0139     0.000000     0.000000     0.000000     0.000000
 409    9.0169     0.000000     0.000000     0.000000     0.000000
 410    9.0198     0.000000     0.000000     0.000000     0.000000
 411    9.0226     0.000000     0.000000     0.000000     0.000000
 412    9.0277     0.000000     0.000000     0.000000     0.000000
 413    9.0360     0.000000     0.000000     0.000000     0.000000
 414    9.0393     0.000000     0.000000     0.000000     0.000000
 415    9.0425     0.000000     0.000000     0.000000     0.000000
 416    9.0435     0.000000     0.000000     0.000000     0.000000
 417    9.0472     0.000000     0.000000     0.000000     0.000000
 418    9.0535     0.000000     0.000000     0.000000     0.000000
 419    9.0550     0.000000     0.000000     0.000000     0.000000
 420    9.0566     0.000000     0.000000     0.000000     0.000000
 421    9.0603     0.000000     0.000000     0.000000     0.000000
 422    9.0618     0.000000     0.000000     0.000000     0.000000
 423    9.0643     0.000000     0.000000     0.000000     0.000000
 424    9.0652     0.000000     0.000000     0.000000     0.000000
 425    9.0705     0.000000     0.000000     0.000000     0.000000
 426    9.0739     0.000000     0.000000     0.000000     0.000000
 427    9.0785     0.000000     0.000000     0.000000     0.000000
 428    9.0805     0.000000     0.000000     0.000000     0.000000
 429    9.0815     0.000000     0.000000     0.000000     0.000000
 430    9.0846     0.000000     0.000000     0.000000     0.000000
 431    9.0867     0.000000     0.000000     0.000000     0.000000
 432    9.0896     0.000000     0.000000     0.000000     0.000000
 433    9.0936     0.000000     0.000000     0.000000     0.000000
 434    9.1017     0.000000     0.000000     0.000000     0.000000
 435    9.1038     0.000000     0.000000     0.000000     0.000000
 436    9.1070     0.000000     0.000000     0.000000     0.000000
 437    9.1116     0.000000     0.000000     0.000000     0.000000
 438    9.1126     0.000000     0.000000     0.000000     0.000000
 439    9.1198     0.000000     0.000000     0.000000     0.000000
 440    9.1264     0.000000     0.000000     0.000000     0.000000
 441    9.1337     0.000000     0.000000     0.000000     0.000000
 442    9.1375     0.000000     0.000000     0.000000     0.000000
 443    9.1434     0.000000     0.000000     0.000000     0.000000
 444    9.1446     0.000000     0.000000     0.000000     0.000000
 445    9.1539     0.000000     0.000000     0.000000     0.000000
 446    9.1551     0.000000     0.000000     0.000000     0.000000
 447    9.1583     0.000000     0.000000     0.000000     0.000000
 448    9.1635     0.000000     0.000000     0.000000     0.000000
 449    9.1742     0.000000     0.000000     0.000000     0.000000
 450    9.1782     0.000000     0.000000     0.000000     0.000000
 451    9.1880     0.000000     0.000000     0.000000     0.000000
 452    9.1891     0.000000     0.000000     0.000000     0.000000
 453    9.1938     0.000000     0.000000     0.000000     0.000000
 454    9.1965     0.000000     0.000000     0.000000     0.000000
 455    9.2041     0.000000     0.000000     0.000000     0.000000
 456    9.2082     0.000000     0.000000     0.000000     0.000000
 457    9.2147     0.000000     0.000000     0.000000     0.000000
 458    9.2204     0.000000     0.000000     0.000000     0.000000
 459    9.2296     0.000000     0.000000     0.000000     0.000000
 460    9.2335     0.000000     0.000000     0.000000     0.000000
 461    9.2345     0.000000     0.000000     0.000000     0.000000
 462    9.2391     0.000000     0.000000     0.000000     0.000000
 463    9.2416     0.000000     0.000000     0.000000     0.000000
 464    9.2440     0.000000     0.000000     0.000000     0.000000
 465    9.2507     0.000000     0.000000     0.000000     0.000000
 466    9.2548     0.000000     0.000000     0.000000     0.000000
 467    9.2587     0.000000     0.000000     0.000000     0.000000
 468    9.2610     0.000000     0.000000     0.000000     0.000000
 469    9.2633     0.000000     0.000000     0.000000     0.000000
 470    9.2682     0.000000     0.000000     0.000000     0.000000
 471    9.2692     0.000000     0.000000     0.000000     0.000000
 472    9.2746     0.000000     0.000000     0.000000     0.000000
 473    9.2756     0.000000     0.000000     0.000000     0.000000
 474    9.2839     0.000000     0.000000     0.000000     0.000000
 475    9.2844     0.000000     0.000000     0.000000     0.000000
 476    9.2884     0.000000     0.000000     0.000000     0.000000
 477    9.2914     0.000000     0.000000     0.000000     0.000000
 478    9.2955     0.000000     0.000000     0.000000     0.000000
 479    9.2974     0.000000     0.000000     0.000000     0.000000
 480    9.3041     0.000000     0.000000     0.000000     0.000000
 481    9.3067     0.000000     0.000000     0.000000     0.000000
 482    9.3100     0.000000     0.000000     0.000000     0.000000
 483    9.3155     0.000000     0.000000     0.000000     0.000000
 484    9.3159     0.000000     0.000000     0.000000     0.000000
 485    9.3205     0.000000     0.000000     0.000000     0.000000
 486    9.3252     0.000000     0.000000     0.000000     0.000000
 487    9.3279     0.000000     0.000000     0.000000     0.000000
 488    9.3304     0.000000     0.000000     0.000000     0.000000
 489    9.3374     0.000000     0.000000     0.000000     0.000000
 490    9.3392     0.000000     0.000000     0.000000     0.000000
 491    9.3492     0.000000     0.000000     0.000000     0.000000
 492    9.3547     0.000000     0.000000     0.000000     0.000000
 493    9.3603     0.000000     0.000000     0.000000     0.000000
 494    9.3620     0.000000     0.000000     0.000000     0.000000
 495    9.3642     0.000000     0.000000     0.000000     0.000000
 496    9.3665     0.000000     0.000000     0.000000     0.000000
 497    9.3721     0.000000     0.000000     0.000000     0.000000
 498    9.3755     0.000000     0.000000     0.000000     0.000000
 499    9.3779     0.000000     0.000000     0.000000     0.000000
 500    9.3855     0.000000     0.000000     0.000000     0.000000
 501    9.3881     0.000000     0.000000     0.000000     0.000000
 502    9.3939     0.000000     0.000000     0.000000     0.000000
 503    9.4033     0.000000     0.000000     0.000000     0.000000
 504    9.4042     0.000000     0.000000     0.000000     0.000000
 505    9.4078     0.000000     0.000000     0.000000     0.000000
 506    9.4107     0.000000     0.000000     0.000000     0.000000
 507    9.4121     0.000000     0.000000     0.000000     0.000000
 508    9.4135     0.000000     0.000000     0.000000     0.000000
 509    9.4175     0.000000     0.000000     0.000000     0.000000
 510    9.4184     0.000000     0.000000     0.000000     0.000000
 511    9.4209     0.000000     0.000000     0.000000     0.000000
 512    9.4233     0.000000     0.000000     0.000000     0.000000
 513    9.4277     0.000000     0.000000     0.000000     0.000000
 514    9.4288     0.000000     0.000000     0.000000     0.000000
 515    9.4320     0.000000     0.000000     0.000000     0.000000
 516    9.4360     0.000000     0.000000     0.000000     0.000000
 517    9.4390     0.000000     0.000000     0.000000     0.000000
 518    9.4419     0.000000     0.000000     0.000000     0.000000
 519    9.4451     0.000000     0.000000     0.000000     0.000000
 520    9.4485     0.000000     0.000000     0.000000     0.000000
 521    9.4540     0.000000     0.000000     0.000000     0.000000
 522    9.4615     0.000000     0.000000     0.000000     0.000000
 523    9.4662     0.000000     0.000000     0.000000     0.000000
 524    9.4695     0.000000     0.000000     0.000000     0.000000
 525    9.4705     0.000000     0.000000     0.000000     0.000000
 526    9.4740     0.000000     0.000000     0.000000     0.000000
 527    9.4762     0.000000     0.000000     0.000000     0.000000
 528    9.4786     0.000000     0.000000     0.000000     0.000000
 529    9.4829     0.000000     0.000000     0.000000     0.000000
 530    9.4879     0.000000     0.000000     0.000000     0.000000
 531    9.4940     0.000000     0.000000     0.000000     0.000000
 532    9.5019     0.000000     0.000000     0.000000     0.000000
 533    9.5048     0.000000     0.000000     0.000000     0.000000
 534    9.5076     0.000000     0.000000     0.000000     0.000000
 535    9.5086     0.000000     0.000000     0.000000     0.000000
 536    9.5116     0.000000     0.000000     0.000000     0.000000
 537    9.5124     0.000000     0.000000     0.000000     0.000000
 538    9.5165     0.000000     0.000000     0.000000     0.000000
 539    9.5206     0.000000     0.000000     0.000000     0.000000
 540    9.5260     0.000000     0.000000     0.000000     0.000000
 541    9.5287     0.000000     0.000000     0.000000     0.000000
 542    9.5297     0.000000     0.000000     0.000000     0.000000
 543    9.5325     0.000000     0.000000     0.000000     0.000000
 544    9.5339     0.000000     0.000000     0.000000     0.000000
 545    9.5364     0.000000     0.000000     0.000000     0.000000
 546    9.5398     0.000000     0.000000     0.000000     0.000000
 547    9.5426     0.000000     0.000000     0.000000     0.000000
 548    9.5465     0.000000     0.000000     0.000000     0.000000
 549    9.5487     0.000000     0.000000     0.000000     0.000000
 550    9.5529     0.000000     0.000000     0.000000     0.000000
 551    9.5558     0.000000     0.000000     0.000000     0.000000
 552    9.5590     0.000000     0.000000     0.000000     0.000000
 553    9.5597     0.000000     0.000000     0.000000     0.000000
 554    9.5706     0.000000     0.000000     0.000000     0.000000
 555    9.5708     0.000000     0.000000     0.000000     0.000000
 556    9.5747     0.000000     0.000000     0.000000     0.000000
 557    9.5804     0.000000     0.000000     0.000000     0.000000
 558    9.5829     0.000000     0.000000     0.000000     0.000000
 559    9.5876     0.000000     0.000000     0.000000     0.000000
 560    9.5957     0.000000     0.000000     0.000000     0.000000
 561    9.6008     0.000000     0.000000     0.000000     0.000000
 562    9.6012     0.000000     0.000000     0.000000     0.000000
 563    9.6030     0.000000     0.000000     0.000000     0.000000
 564    9.6037     0.000000     0.000000     0.000000     0.000000
 565    9.6071     0.000000     0.000000     0.000000     0.000000
 566    9.6094     0.000000     0.000000     0.000000     0.000000
 567    9.6119     0.000000     0.000000     0.000000     0.000000
 568    9.6152     0.000000     0.000000     0.000000     0.000000
 569    9.6216     0.000000     0.000000     0.000000     0.000000
 570    9.6241     0.000000     0.000000     0.000000     0.000000
 571    9.6273     0.000000     0.000000     0.000000     0.000000
 572    9.6297     0.000000     0.000000     0.000000     0.000000
 573    9.6323     0.000000     0.000000     0.000000     0.000000
 574    9.6344     0.000000     0.000000     0.000000     0.000000
 575    9.6420     0.000000     0.000000     0.000000     0.000000
 576    9.6435     0.000000     0.000000     0.000000     0.000000
 577    9.6449     0.000000     0.000000     0.000000     0.000000
 578    9.6471     0.000000     0.000000     0.000000     0.000000
 579    9.6537     0.000000     0.000000     0.000000     0.000000
 580    9.6569     0.000000     0.000000     0.000000     0.000000
 581    9.6593     0.000000     0.000000     0.000000     0.000000
 582    9.6605     0.000000     0.000000     0.000000     0.000000
 583    9.6624     0.000000     0.000000     0.000000     0.000000
 584    9.6674     0.000000     0.000000     0.000000     0.000000
 585    9.6698     0.000000     0.000000     0.000000     0.000000
 586    9.6763     0.000000     0.000000     0.000000     0.000000
 587    9.6813     0.000000     0.000000     0.000000     0.000000
 588    9.6836     0.000000     0.000000     0.000000     0.000000
 589    9.6862     0.000000     0.000000     0.000000     0.000000
 590    9.6902     0.000000     0.000000     0.000000     0.000000
 591    9.6944     0.000000     0.000000     0.000000     0.000000
 592    9.6988     0.000000     0.000000     0.000000     0.000000
 593    9.7054     0.000000     0.000000     0.000000     0.000000
 594    9.7061     0.000000     0.000000     0.000000     0.000000
 595    9.7090     0.000000     0.000000     0.000000     0.000000
 596    9.7118     0.000000     0.000000     0.000000     0.000000
 597    9.7134     0.000000     0.000000     0.000000     0.000000
 598    9.7202     0.000000     0.000000     0.000000     0.000000
 599    9.7216     0.000000     0.000000     0.000000     0.000000
 600    9.7249     0.000000     0.000000     0.000000     0.000000
 601    9.7260     0.000000     0.000000     0.000000     0.000000
 602    9.7268     0.000000     0.000000     0.000000     0.000000
 603    9.7298     0.000000     0.000000     0.000000     0.000000
 604    9.7311     0.000000     0.000000     0.000000     0.000000
 605    9.7337     0.000000     0.000000     0.000000     0.000000
 606    9.7349     0.000000     0.000000     0.000000     0.000000
 607    9.7368     0.000000     0.000000     0.000000     0.000000
 608    9.7415     0.000000     0.000000     0.000000     0.000000
 609    9.7441     0.000000     0.000000     0.000000     0.000000
 610    9.7507     0.000000     0.000000     0.000000     0.000000
 611    9.7609     0.000000     0.000000     0.000000     0.000000
 612    9.7642     0.000000     0.000000     0.000000     0.000000
 613    9.7657     0.000000     0.000000     0.000000     0.000000
 614    9.7713     0.000000     0.000000     0.000000     0.000000
 615    9.7754     0.000000     0.000000     0.000000     0.000000
 616    9.7804     0.000000     0.000000     0.000000     0.000000
 617    9.7819     0.000000     0.000000     0.000000     0.000000
 618    9.7844     0.000000     0.000000     0.000000     0.000000
 619    9.7881     0.000000     0.000000     0.000000     0.000000
 620    9.7899     0.000000     0.000000     0.000000     0.000000
 621    9.7917     0.000000     0.000000     0.000000     0.000000
 622    9.7927     0.000000     0.000000     0.000000     0.000000
 623    9.7964     0.000000     0.000000     0.000000     0.000000
 624    9.7984     0.000000     0.000000     0.000000     0.000000
 625    9.8020     0.000000     0.000000     0.000000     0.000000
 626    9.8036     0.000000     0.000000     0.000000     0.000000
 627    9.8062     0.000000     0.000000     0.000000     0.000000
 628    9.8097     0.000000     0.000000     0.000000     0.000000
 629    9.8181     0.000000     0.000000     0.000000     0.000000
 630    9.8206     0.000000     0.000000     0.000000     0.000000
 631    9.8242     0.000000     0.000000     0.000000     0.000000
 632    9.8267     0.000000     0.000000     0.000000     0.000000
 633    9.8299     0.000000     0.000000     0.000000     0.000000
 634    9.8340     0.000000     0.000000     0.000000     0.000000
 635    9.8363     0.000000     0.000000     0.000000     0.000000
 636    9.8378     0.000000     0.000000     0.000000     0.000000
 637    9.8408     0.000000     0.000000     0.000000     0.000000
 638    9.8430     0.000000     0.000000     0.000000     0.000000
 639    9.8477     0.000000     0.000000     0.000000     0.000000
 640    9.8505     0.000000     0.000000     0.000000     0.000000
 641    9.8539     0.000000     0.000000     0.000000     0.000000
 642    9.8583     0.000000     0.000000     0.000000     0.000000
 643    9.8598     0.000000     0.000000     0.000000     0.000000
 644    9.8617     0.000000     0.000000     0.000000     0.000000
 645    9.8657     0.000000     0.000000     0.000000     0.000000
 646    9.8668     0.000000     0.000000     0.000000     0.000000
 647    9.8684     0.000000     0.000000     0.000000     0.000000
 648    9.8715     0.000000     0.000000     0.000000     0.000000
 649    9.8761     0.000000     0.000000     0.000000     0.000000
 650    9.8789     0.000000     0.000000     0.000000     0.000000
 651    9.8814     0.000000     0.000000     0.000000     0.000000
 652    9.8837     0.000000     0.000000     0.000000     0.000000
 653    9.8886     0.000000     0.000000     0.000000     0.000000
 654    9.8918     0.000000     0.000000     0.000000     0.000000
 655    9.8930     0.000000     0.000000     0.000000     0.000000
 656    9.8997     0.000000     0.000000     0.000000     0.000000
 657    9.9042     0.000000     0.000000     0.000000     0.000000
 658    9.9054     0.000000     0.000000     0.000000     0.000000
 659    9.9093     0.000000     0.000000     0.000000     0.000000
 660    9.9122     0.000000     0.000000     0.000000     0.000000
 661    9.9169     0.000000     0.000000     0.000000     0.000000
 662    9.9200     0.000000     0.000000     0.000000     0.000000
 663    9.9216     0.000000     0.000000     0.000000     0.000000
 664    9.9243     0.000000     0.000000     0.000000     0.000000
 665    9.9258     0.000000     0.000000     0.000000     0.000000
 666    9.9282     0.000000     0.000000     0.000000     0.000000
 667    9.9288     0.000000     0.000000     0.000000     0.000000
 668    9.9306     0.000000     0.000000     0.000000     0.000000
 669    9.9331     0.000000     0.000000     0.000000     0.000000
 670    9.9351     0.000000     0.000000     0.000000     0.000000
 671    9.9360     0.000000     0.000000     0.000000     0.000000
 672    9.9386     0.000000     0.000000     0.000000     0.000000
 673    9.9415     0.000000     0.000000     0.000000     0.000000
 674    9.9434     0.000000     0.000000     0.000000     0.000000
 675    9.9447     0.000000     0.000000     0.000000     0.000000
 676    9.9470     0.000000     0.000000     0.000000     0.000000
 677    9.9505     0.000000     0.000000     0.000000     0.000000
 678    9.9554     0.000000     0.000000     0.000000     0.000000
 679    9.9593     0.000000     0.000000     0.000000     0.000000
 680    9.9615     0.000000     0.000000     0.000000     0.000000
 681    9.9643     0.000000     0.000000     0.000000     0.000000
 682    9.9669     0.000000     0.000000     0.000000     0.000000
 683    9.9705     0.000000     0.000000     0.000000     0.000000
 684    9.9731     0.000000     0.000000     0.000000     0.000000
 685    9.9798     0.000000     0.000000     0.000000     0.000000
 686    9.9816     0.000000     0.000000     0.000000     0.000000
 687    9.9864     0.000000     0.000000     0.000000     0.000000
 688    9.9890     0.000000     0.000000     0.000000     0.000000
 689    9.9898     0.000000     0.000000     0.000000     0.000000
 690    9.9934     0.000000     0.000000     0.000000     0.000000
 691    9.9961     0.000000     0.000000     0.000000     0.000000
 692    9.9992     0.000000     0.000000     0.000000     0.000000
