 NM
 VELO
 MMASS
   966.361999999996     
 LFAKTOR
  0.5
 RFAKTOR
  1.0
 WIDTH
  0.20
 SHIFT
  0.00
 DATXY
   1    3.9408     0.046663     0.028316   109.767925   143.085806
   2    4.0068     0.290362     0.105990    35.072478    38.089068
   3    4.0494     0.572872     0.205436  -150.803241   -67.369831
   4    4.2125     0.124944     0.018789   -88.242957   -64.528243
   5    4.2506     0.285412     0.052845  -200.396495  -129.747906
   6    4.6676     0.617282     0.169265 -1156.494559  -838.777284
   7    4.6972     0.641645     0.138324   989.009307   660.563370
   8    4.8160     0.005876     0.002520    -0.264469     0.348658
   9    4.8310     0.004075     0.001741    -0.426214     0.104071
  10    5.0321     0.109664     0.030949   -91.867107    -4.974495
  11    5.0412     0.134634     0.034782   143.116542   115.337246
  12    5.0590     0.004328     0.016152   -11.097302   -44.447910
  13    5.1016     0.004268     0.003577     4.635690     5.473988
  14    5.1618     0.000390     0.022441    -4.255722   -72.621137
  15    5.2061     0.003205     0.000736    -0.210210    -0.044541
  16    5.3123     0.007488     0.114361   -53.584419   -25.847483
  17    5.3173     0.008902     0.142406   -47.499445    29.418447
  18    5.4248     0.013384     0.000446    84.486232    28.566212
  19    5.4375     0.095083     0.021633    43.443460    -1.567405
  20    5.4670     0.006094     0.001058     9.482622     3.896065
  21    5.4707     0.001567     0.000172     2.306544     0.864389
  22    5.4920     0.000923     0.003606    -8.556320     7.032510
  23    5.4985     0.000015     0.000117    -0.579894    -3.735146
  24    5.6627     0.013804     0.006755    14.942073    16.133175
  25    5.6687     0.013035     0.005254   -21.205759   -13.269233
  26    5.6822     0.004473     0.000282    -6.958805    -2.650125
  27    5.7080     0.017652     0.003803   -23.875578   -18.371568
  28    5.7311     0.015347     0.005452    24.466012    21.322538
  29    5.7563     0.010455     0.001987    -0.263622     6.471238
  30    5.8312     0.034479     0.009136   -21.861259    -4.425638
  31    5.8610     0.007857     0.004623    12.002525     5.854151
  32    5.9582     0.012493     0.015007    20.125790    23.487037
  33    6.0785     0.122827     0.030361   -17.342685   -12.653023
  34    6.0902     0.113727     0.027021    23.254995    17.526060
  35    6.1033     0.065078     0.010789    62.729075    34.323459
  36    6.1577     0.001786     0.000222   -15.690032     2.864981
  37    6.1958     0.005633     0.002029    -2.790066     0.361688
  38    6.2087     0.004391     0.001726    -0.371143     2.123997
  39    6.2646     0.042868     0.012726     5.215971   -10.007622
  40    6.2824     0.177414     0.045354   160.551086   109.183097
  41    6.3126     0.213899     0.063014  -180.016500  -127.881174
  42    6.3358     0.056118     0.017339    -1.257527    11.195147
  43    6.3691     0.002408     0.001197     0.975510     0.371120
  44    6.3781     0.000822     0.000262    -0.002536    -2.179498
  45    6.4336     0.205423     0.076263   -49.663077   -45.205872
  46    6.4368     0.149592     0.058979   -41.057596   -43.611360
  47    6.4497     0.177763     0.035715   149.964667    92.679515
  48    6.4778     0.015453     0.005393    34.074354    30.082321
  49    6.4908     0.160472     0.056000   -51.317675   -41.297972
  50    6.5148     0.001849     0.000588    -4.817951    -3.198481
  51    6.5184     0.015781     0.006922    11.734620     4.875013
  52    6.5244     0.010401     0.005809    -1.983094     0.382987
  53    6.5395     0.031357     0.007042   -47.517543   -25.516898
  54    6.5669     0.493646     0.144920  -235.597235  -153.505657
  55    6.5732     0.072683     0.023177   -75.065660   -54.453826
  56    6.5894     0.121982     0.036254  -120.191541   -82.215937
  57    6.5948     0.356264     0.114337  -410.970282  -298.589387
  58    6.5967     0.001114     0.000867    -9.116992   -11.383206
  59    6.6279     0.111122     0.029274    23.807691    10.959928
  60    6.6408     0.230333     0.074042   487.858460   402.164776
  61    6.7000     0.054148     0.011151     1.180577     1.692670
  62    6.7361     0.014369     0.005239   -24.594938   -16.913630
  63    6.7423     0.010443     0.003438     0.777862     0.690901
  64    6.8015     0.018714     0.004003    78.284878    37.647232
  65    6.8287     0.082227     0.026261  -170.494261  -125.548002
  66    6.8435     0.004472     0.001600   -22.390560   -16.358272
  67    6.8492     0.000536     0.000356    -3.566418    -2.280210
  68    6.8729     0.021890     0.006085   -23.592930     1.839580
  69    6.8972     0.010371     0.004245    -8.581555   -21.442496
  70    6.8995     0.053345     0.061891    76.921009    60.785780
  71    6.9026     0.005467     0.016657   -45.639646   -16.433620
  72    6.9189     0.054313     0.022125    42.764678    34.843283
  73    6.9246     0.020745     0.005282    10.411840     4.532208
  74    6.9290     0.001831     0.043046     5.239504    90.993188
  75    6.9569     0.253590     0.063493   492.643069   316.608832
  76    6.9657     0.110359     0.037060  -398.544963  -304.069716
  77    6.9824     0.419178     0.171748   492.815534   368.842023
  78    6.9877     0.032665     0.005955   -90.242615   -71.061075
  79    6.9909     0.083297     0.033762  -180.891595  -114.033135
  80    7.0119     0.196330     0.092590   -86.383478   -80.571757
  81    7.0161     0.235853     0.098909  -120.069996  -100.120346
  82    7.0246     0.051727     0.008613  -103.042047   -49.313287
  83    7.0326     0.349517     0.132797  -342.743651  -244.716585
  84    7.0382     0.061249     0.021259    44.181731    15.416087
  85    7.0464     0.177277     0.019931  -105.571219   -40.524616
  86    7.0511     0.120437     0.016767   -75.085455   -34.285499
  87    7.0559     0.022044     0.010392   -36.277778   -26.165642
  88    7.0644     0.025659     0.013288   130.556166   123.878267
  89    7.0882     0.110261     0.018229    16.761379    -0.897606
  90    7.0965     0.296621     0.138824  -159.707248  -128.585557
  91    7.1135     0.001972     0.000986     0.380227     2.869373
  92    7.1191     0.020063     0.007318   -65.300420   -45.992012
  93    7.1398     0.268511     0.078409   -49.402643   -42.702844
  94    7.1616     0.074957     0.018204    21.807411    12.297659
  95    7.1806     0.006822     0.001147    35.956812    21.760725
  96    7.1809     0.020354     0.003438    39.856251    23.068703
  97    7.1865     0.300907     0.094013    97.665032    67.711777
  98    7.2090     0.343623     0.129596   131.013920    67.784275
  99    7.2233     0.050287     0.016987   -45.643922   -33.257744
 100    7.2278     0.029810     0.012690    -1.869723     0.731839
 101    7.2336     0.109081     0.030825    26.751715    22.220876
 102    7.2364     0.115604     0.032701   107.541159    73.580726
 103    7.2480     0.020274     0.010809    19.502231    18.121904
 104    7.2564     0.033386     0.011130   -31.480807   -20.231429
 105    7.2625     0.055838     0.016975   128.077682    93.442665
 106    7.2764     0.012073     0.007868   -20.865146   -28.656323
 107    7.2846     0.025851     0.013091     5.519240    -2.864543
 108    7.2886     0.132803     0.035838   -39.104320   -26.060607
 109    7.2947     0.189213     0.056944   -95.783562   -59.838409
 110    7.3033     0.056593     0.021262   -13.460497   -11.694063
 111    7.3208     0.080087     0.015915   -82.405833   -32.915011
 112    7.3231     0.014185     0.010598   -50.147440   -13.171838
 113    7.3271     0.061391     0.020439    44.140707    33.670316
 114    7.3326     0.023379     0.008764    33.794989    38.531125
 115    7.3379     0.029053     0.006136   -22.585265    -8.822792
 116    7.3441     0.062321     0.029454   -17.299204   -19.208815
 117    7.3515     0.032893     0.027512    63.782401    69.070660
 118    7.3541     0.018691     0.006926    15.791105    17.077718
 119    7.3681     0.012560     0.009109    41.310988    57.707301
 120    7.3714     0.020433     0.026100   -53.478821   -81.886375
 121    7.3788     0.006980     0.004008    19.168291    14.598519
 122    7.3837     0.012708     0.001034    -6.564642    -2.617843
 123    7.3874     0.011683     0.002024    39.246820    22.468007
 124    7.3904     0.056090     0.011073   -84.686605   -42.922675
 125    7.4002     0.001964     0.000506   -10.637815   -11.725170
 126    7.4089     0.012152     0.006231    11.549635     4.139505
 127    7.4149     0.006608     0.001372    27.960129    20.248040
 128    7.4329     0.025033     0.009149   -77.263602   -61.269284
 129    7.4404     0.110244     0.014784   231.468345   111.403178
 130    7.4452     0.034389     0.007924   -14.092703   -61.978470
 131    7.4589     0.034624     0.010787     6.048925     2.026654
 132    7.4650     0.031208     0.013212    20.044900    14.885339
 133    7.4698     0.103596     0.028310   176.396920   121.595002
 134    7.4845     0.089668     0.022376   178.038539   114.979583
 135    7.4975     0.082034     0.028121    -6.876210    -2.686950
 136    7.4981     0.047160     0.016530     9.023772     6.379566
 137    7.5083     0.219192     0.063997     9.571604     3.344100
 138    7.5190     0.098251     0.029512   -19.193316   -19.556575
 139    7.5378     0.069884     0.014976    30.325111    27.173419
 140    7.5463     0.031995     0.007217    29.621646    15.141892
 141    7.5594     0.008843     0.002215    11.497211    11.412711
 142    7.5612     0.087795     0.027593     6.564237     2.254497
 143    7.5834     0.008741     0.003230     0.684236     0.003889
 144    7.5872     0.106243     0.037997   223.408502   167.218448
 145    7.5895     0.003552     0.001929   -24.161417    24.877326
 146    7.5975     0.005207     0.002298    18.965498    11.263799
 147    7.5989     0.057309     0.015324     6.604961     0.644957
 148    7.6090     0.002156     0.000274    -0.454005    -2.074829
 149    7.6174     0.074371     0.017188   -65.046409   -38.781635
 150    7.6222     0.010372     0.004004   -18.413687     8.348486
 151    7.6391     0.014652     0.009053    25.375857    24.783231
 152    7.6460     0.081542     0.022453   -38.947446   -39.624343
 153    7.6518     0.041644     0.013707   -47.928771   -22.973100
 154    7.6607     0.022167     0.007502   -13.871076    -1.129277
 155    7.6809     0.138134     0.040680   -11.422669    13.738143
 156    7.6863     0.066465     0.019106    55.519772    13.176056
 157    7.6925     0.352685     0.107152   117.837030    78.618243
 158    7.7033     0.016167     0.007222   -14.629595     3.501242
 159    7.7100     0.055829     0.011235    -8.113884    -7.673770
 160    7.7193     0.003778     0.002168   -14.125702    -6.853224
 161    7.7288     0.060970     0.016090   -20.795567   -15.181583
 162    7.7302     0.207849     0.057477  -167.915960   -83.912577
 163    7.7370     0.292260     0.097502   -54.923542   -21.318627
 164    7.7403     0.113000     0.018300    88.510807    38.104692
 165    7.7419     0.148449     0.025181   149.061393    67.645567
 166    7.7675     0.006823     0.002017    10.626039   -13.072760
 167    7.7749     0.001972     0.010414    22.102959    66.730027
 168    7.7796     0.020369     0.004492   -51.493987   -28.549745
 169    7.7901     0.005092     0.007558   -11.491405   -26.802625
 170    7.7911     0.015063     0.009656   -18.912723   -29.866672
 171    7.7989     0.091415     0.017044  -105.736297   -56.529510
 172    7.8053     0.285581     0.049443  -278.700032  -148.969843
 173    7.8173     0.030782     0.012083    18.820585   -16.838421
 174    7.8207     0.377311     0.114040    -5.958976    -6.941394
 175    7.8235     0.004893     0.000483     7.714242     1.586116
 176    7.8343     0.069212     0.007326    90.573082    29.675360
 177    7.8380     0.050642     0.007720    19.823655    11.332578
 178    7.8447     0.004330     0.000765    -0.602966    -1.471177
 179    7.8556     0.013205     0.002249     4.118932     1.398857
 180    7.8616     0.034896     0.002769   -37.172702   -13.305955
 181    7.8732     0.004103     0.005175    -4.040287   -13.558010
 182    7.8851     0.022239     0.003215     2.674979    -0.873260
 183    7.9014     0.018887     0.002250   -11.815010    -4.930826
 184    7.9148     0.003272     0.000654    -3.724677    -7.977349
 185    7.9192     0.029977     0.013449    36.715578   -74.738545
 186    7.9272     0.022162     0.003902   -29.349156   -23.764894
 187    7.9352     0.053694     0.034677   -84.197627    -2.531791
 188    7.9418     0.154784     0.082416  -427.230351  -280.191631
 189    7.9481     0.559569     0.125338   528.946616   420.218569
 190    7.9487     0.161339     0.035736     9.283045  -133.201222
 191    7.9525     0.065747     0.012027   218.860511   113.852700
 192    7.9705     0.002020     0.004866     8.974740    20.355837
 193    7.9842     0.056486     0.092731   -71.496059    17.627679
 194    7.9958     0.020340     0.012680     2.558081     3.931242
 195    8.0064     0.012175     0.001197    -0.504019    -0.425457
 196    8.0115     0.003633     0.001657   -35.656479   -23.135619
 197    8.0143     0.041226     0.014336   -88.863152   -26.651811
 198    8.0216     0.083762     0.085138    87.921468   117.405365
 199    8.0243     0.007167     0.002381     7.547144     3.883259
 200    8.0256     0.085943     0.032991    78.007920    63.820243
 201    8.0397     0.033392     0.012148   -55.865354   -34.658116
 202    8.0465     0.067240     0.013743   -14.738667    -0.429697
 203    8.0506     0.019726     0.007097    75.822794   -28.060484
 204    8.0599     0.048450     0.012184    19.503788    11.596134
 205    8.0634     0.146098     0.027285    98.145167    56.294577
 206    8.0669     0.037707     0.063155   114.091775   147.754768
 207    8.0705     0.092519     0.026625    32.620790    37.056426
 208    8.0740     0.014921     0.003729   -20.959363    -2.298951
 209    8.0786     0.010407     0.017442   -12.189857   -21.286375
 210    8.0806     0.009400     0.014415   -12.543867   -32.796014
 211    8.0897     0.073105     0.061663  -203.634989  -221.911646
 212    8.0949     0.021113     0.020642   -69.997739   -67.714986
 213    8.1115     0.018422     0.009728    39.013268    -5.485460
 214    8.1124     0.058926     0.018777   -74.158981   -57.494983
 215    8.1241     0.049101     0.008315    61.545676    23.775429
 216    8.1282     0.055198     0.034616   -10.788864   -11.205165
 217    8.1347     0.130140     0.075126    -4.809103    -8.777169
 218    8.1404     0.020411     0.011567   -29.743256   -27.236413
 219    8.1450     0.012268     0.004429    34.475306    25.467519
 220    8.1554     0.068924     0.025908   119.049870   105.447819
 221    8.1618     0.215977     0.075137  -124.136605  -110.464237
 222    8.1655     0.070617     0.044506    81.810365    88.820748
 223    8.1752     0.031710     0.035809    57.591203    48.906684
 224    8.1783     0.006950     0.004458   -18.634303     0.539710
 225    8.1840     0.020408     0.046795    23.682980    39.070717
 226    8.2014     0.028015     0.003404    71.832424    15.363071
 227    8.2185     0.063768     0.027697    18.168731    17.319241
 228    8.2202     0.017398     0.014058   -29.519839   -14.234702
 229    8.2263     0.028544     0.005241   -31.783411   -15.640579
 230    8.2271     0.018054     0.005942     7.003109    22.359770
 231    8.2310     0.036945     0.003563   -31.212410    -6.524707
 232    8.2351     0.051571     0.005644   -11.209538     2.488519
 233    8.2403     0.189147     0.057644    25.662248    21.954110
 234    8.2459     0.070940     0.025225   -11.475791    -4.589599
 235    8.2477     0.044634     0.025954    51.798375    52.285412
 236    8.2670     0.006641     0.003535    38.531274     5.855614
 237    8.2757     0.003624     0.003557    15.028718     7.676351
 238    8.2814     0.015047     0.009443   -52.443472   -42.271788
 239    8.2887     0.019451     0.011431    25.900601    19.632586
 240    8.2951     0.006008     0.003064    -1.839737     1.424062
 241    8.3001     0.014522     0.013373   -25.999569   -30.456816
 242    8.3021     0.007467     0.008952    33.760124    43.261891
 243    8.3058     0.006854     0.007995     0.853909     6.994990
 244    8.3124     0.018045     0.015384     1.624153     1.476571
 245    8.3179     0.018088     0.006107    -4.491063    -0.743078
 246    8.3200     0.039338     0.011444    25.443204    12.916850
 247    8.3211     0.047533     0.018940    -9.346900    -4.860136
 248    8.3222     0.068835     0.008193   -22.143113   -11.808674
 249    8.3239     0.003946     0.000313     7.964748    -3.474317
 250    8.3268     0.240599     0.069806  -103.423149   -71.493284
 251    8.3321     0.068366     0.038409   -72.765215   -75.961604
 252    8.3337     0.085192     0.032222   -20.848275   -11.505327
 253    8.3402     0.113030     0.028255    35.807771    29.873498
 254    8.3454     0.039188     0.005400    25.875117    11.192948
 255    8.3533     0.013294     0.013051    10.540302    13.992317
 256    8.3677     0.028143     0.033347    83.706873   103.538820
 257    8.3734     0.127687     0.035037  -133.158086   -72.996046
 258    8.3811     0.121252     0.029368   -70.491328   -49.268804
 259    8.3868     0.135918     0.059437   317.380250   267.034310
 260    8.3925     0.021303     0.021168   -33.882231   -43.745004
 261    8.4025     0.022500     0.017339   -17.342142   -17.385286
 262    8.4073     0.004729     0.012792    -8.481397   -17.540790
 263    8.4110     0.015158     0.004069    38.757511    29.875445
 264    8.4150     0.044024     0.012274    41.674936    28.422625
 265    8.4182     0.034742     0.008655    10.350756     9.735111
 266    8.4208     0.064276     0.024165    -5.992174    16.395110
 267    8.4249     0.056358     0.013364   -31.158274   -23.602300
 268    8.4267     0.001059     0.002059    -3.227441    -4.895367
 269    8.4291     0.001296     0.000678     5.008855    -1.023569
 270    8.4338     0.069551     0.020172   -20.093995   -11.236473
 271    8.4361     0.010935     0.005584     8.842786    17.684590
 272    8.4423     0.007506     0.000944     1.965541    -0.813016
 273    8.4433     0.052393     0.022256    28.522499    21.495508
 274    8.4457     0.011035     0.008936     8.805953   -56.968083
 275    8.4598     0.016621     0.005895    24.244956    16.056224
 276    8.4635     0.011987     0.000776   -30.371906    -8.218718
 277    8.4753     0.015902     0.006228     6.818345     6.424063
 278    8.4803     0.249935     0.061074  -179.582534  -115.683576
 279    8.4809     0.018156     0.006062    31.991570    20.719474
 280    8.4886     0.017294     0.000340     1.468325    -2.791324
 281    8.4916     0.013667     0.007072    53.937239    45.533296
 282    8.4995     0.062659     0.012270     7.606654    -7.859327
 283    8.5066     0.042588     0.013096     9.235535     6.072256
 284    8.5109     0.121882     0.037474    37.797526    27.715485
 285    8.5123     0.119388     0.039669   132.832261   106.478278
 286    8.5236     0.010467     0.006977   -10.310338   -11.406102
 287    8.5249     0.065104     0.020566    50.677669    41.310556
 288    8.5295     0.050560     0.017289   -36.036738   -21.746207
 289    8.5330     0.026601     0.011080    30.090995     9.707736
 290    8.5354     0.062327     0.019920  -154.595586   -97.819407
 291    8.5395     0.045667     0.028266  -133.718279  -110.618167
 292    8.5573     0.004568     0.000862    -2.902625    -0.964233
 293    8.5626     0.023873     0.004464   -17.183290   -12.054645
 294    8.5694     0.010353     0.004876     0.444964     0.312273
 295    8.5730     0.040359     0.011739   -14.514206   -10.679465
 296    8.5794     0.019256     0.003308     4.636580     3.890332
 297    8.5810     0.010418     0.002462    -8.061625    -3.673828
 298    8.5871     0.002007     0.000424     0.390781     0.755178
 299    8.5955     0.006990     0.000046    -1.665298     0.175837
 300    8.6007     0.050817     0.015867    79.114730    47.816618
 301    8.6084     0.064001     0.007484    -0.057141    -0.385423
 302    8.6131     0.012065     0.000766    -2.181518     0.049052
 303    8.6197     0.014132     0.004444    -1.050177    -1.743067
 304    8.6218     0.032279     0.002872    11.588524     3.982355
 305    8.6287     0.012665     0.002529    15.350118    10.370838
 306    8.6337     0.048910     0.013006     9.433248    -6.307256
 307    8.6370     0.005170     0.001343   -11.379654    -6.758800
 308    8.6385     0.013578     0.005820   -25.798066   -22.406003
 309    8.6446     0.020463     0.006635    -4.908265    -2.696526
 310    8.6465     0.010862     0.013050    20.643110    17.639642
 311    8.6510     0.044826     0.019123    19.954677    12.170602
 312    8.6529     0.012981     0.000596     5.375114    -3.029236
 313    8.6575     0.013476     0.001488    17.869574     8.233762
 314    8.6615     0.000413     0.005871    -6.048286    -6.849070
 315    8.6660     0.006174     0.001851    -7.398533    -5.139931
 316    8.6727     0.136324     0.028929  -122.186732   -76.370065
 317    8.6768     0.011998     0.007643    40.342348    31.539191
 318    8.6796     0.036883     0.018294   -20.017937   -26.598926
 319    8.6830     0.031267     0.013233     9.087226     0.045889
 320    8.6932     0.054322     0.030924    60.621614    54.597758
 321    8.6998     0.002652     0.000905     3.601021    -2.831758
 322    8.7056     0.005541     0.000421    30.893614     4.873943
 323    8.7103     0.038717     0.016708   105.816889    89.299306
 324    8.7140     0.038241     0.013571     9.346639     4.362734
 325    8.7172     0.007862     0.001552    -7.618636    -7.927679
 326    8.7254     0.000175     0.000209    -0.088907     0.304947
 327    8.7299     0.015012     0.005304    -7.372754     2.855572
 328    8.7307     0.022147     0.005810    32.886595    22.917376
 329    8.7327     0.007853     0.000459   -15.091766    -4.589866
 330    8.7354     0.015368     0.003888   -10.510077    -6.979663
 331    8.7374     0.016273     0.001862   -13.176140    -6.051074
 332    8.7402     0.005865     0.000894     0.219472     1.112316
 333    8.7427     0.009341     0.003679     4.844139     0.357486
 334    8.7459     0.007562     0.003601   -22.876310    -5.185320
 335    8.7514     0.016062     0.011004     1.229796     7.741752
 336    8.7575     0.095643     0.027644   -57.256081   -44.325342
 337    8.7596     0.022669     0.005013    -9.813738    -5.844965
 338    8.7629     0.007028     0.000445     6.443112     2.856745
 339    8.7645     0.035868     0.005153    49.301618    22.553493
 340    8.7677     0.015358     0.000891    31.419197     3.820207
 341    8.7712     0.038565     0.010490     0.578952    -1.587489
 342    8.7735     0.017254     0.003406    10.148292     2.528484
 343    8.7771     0.015572     0.002756    -7.082635    -3.845174
 344    8.7840     0.015942     0.004814     4.364896     1.377774
 345    8.7854     0.003665     0.003168    -4.787946    10.570243
 346    8.7907     0.016632     0.003242   -14.957125   -12.735058
 347    8.7960     0.013720     0.003967    32.661586    13.165478
 348    8.7979     0.024791     0.010366   -40.013683   -25.992517
 349    8.7997     0.010574     0.002394    13.817305     8.790973
 350    8.8063     0.034906     0.007726   -48.477877   -29.199643
 351    8.8109     0.029860     0.020695    27.217976    18.343989
 352    8.8133     0.024146     0.005759    13.513744    14.076039
 353    8.8177     0.008309     0.004009    16.703023    13.812489
 354    8.8257     0.012651     0.006507   -19.233555   -15.416409
 355    8.8296     0.007647     0.001102     2.392629     0.643884
 356    8.8308     0.039504     0.012666     5.726530    -0.966896
 357    8.8398     0.003876     0.001105     2.082500     1.079425
 358    8.8408     0.000489     0.000487    -1.726541    -1.507526
 359    8.8438     0.063933     0.015123    41.955268    29.186538
 360    8.8446     0.004385     0.005194    14.040348    -4.979907
 361    8.8481     0.068849     0.015113   -43.417299   -30.248805
 362    8.8516     0.018988     0.005111   -19.365219   -15.030833
 363    8.8531     0.024597     0.005420    -0.563329     1.373920
 364    8.8587     0.026443     0.005683     5.682303     1.598942
 365    8.8601     0.053302     0.017391    13.840825    16.812203
 366    8.8630     0.009385     0.005621     9.701544     5.104963
 367    8.8639     0.000959     0.002708    -4.549434    -9.914735
 368    8.8642     0.017050     0.005598    24.474694    16.519497
 369    8.8657     0.008865     0.006212     0.011096    -3.201041
 370    8.8722     0.027346     0.007070   -23.966464   -13.762409
 371    8.8797     0.023510     0.007969   -21.976964   -15.521259
 372    8.8811     0.005989     0.003104    -0.076011     4.970063
 373    8.8817     0.016722     0.003156     1.705346     3.608340
 374    8.8866     0.007515     0.001816    -7.251421    -5.121082
 375    8.8877     0.043451     0.008312    -4.319354    -3.796233
 376    8.8906     0.029539     0.008445   -13.719405   -11.295006
 377    8.8959     0.036911     0.005186   -13.008632    -9.300397
 378    8.8994     0.009926     0.010259   -17.899733   -17.040730
 379    8.9005     0.020448     0.007620    -7.600385    -3.156917
 380    8.9038     0.007423     0.005375    -5.612219    -3.574533
 381    8.9098     0.006009     0.000139     1.005415    -0.654721
 382    8.9120     0.007667     0.001090     1.034067    -1.566747
 383    8.9198     0.006940     0.003046    -4.954473   -10.645684
 384    8.9207     0.008104     0.002063   -11.069206   -10.957113
 385    8.9254     0.000127     0.001167     1.048953    -1.556649
 386    8.9288     0.030043     0.013173    10.960232    11.682585
 387    8.9362     0.005122     0.000305     1.754446    -0.275448
 388    8.9407     0.004948     0.000128    -3.540345    -0.799439
 389    8.9441     0.009548     0.002140   -25.507000    -9.245704
 390    8.9502     0.009932     0.001280    -7.325589    -8.917041
 391    8.9527     0.003458     0.000743    10.357958    -5.214605
 392    8.9624     0.005732     0.002378     8.271001     5.452905
 393    8.9647     0.014248     0.003711    -9.508274    -4.339429
 394    8.9671     0.028343     0.005587   -20.542335    -7.696112
 395    8.9691     0.007650     0.003602   -40.981485   -17.426541
 396    8.9745     0.018365     0.005526   -40.455347   -24.914114
 397    8.9760     0.010942     0.005930    -3.257612    -3.154143
 398    8.9886     0.000949     0.002192    -1.068745    -0.870895
 399    8.9904     0.003640     0.001951    -2.267562    -1.758084
 400    8.9962     0.004704     0.002654     0.538578    -3.567856
 401    9.0067     0.000746     0.000693     0.232586     0.355818
 402    9.0069     0.009332     0.001691     3.896504     8.954323
 403    9.0139     0.002815     0.000575     3.395486     0.670579
 404    9.0192     0.025647     0.011005   -16.512765    -6.526266
 405    9.0209     0.015814     0.005717    11.410816    13.041336
 406    9.0234     0.007124     0.004236     3.803270     1.477844
 407    9.0260     0.019979     0.005800    14.261872    15.680654
 408    9.0311     0.015566     0.008267    -4.599006     0.816364
 409    9.0326     0.026560     0.008414     3.973544     0.556901
 410    9.0355     0.025699     0.009236    -3.452082    -1.890325
 411    9.0388     0.003145     0.000271     1.259591     0.512133
 412    9.0400     0.002281     0.000401    -0.928068     2.957497
 413    9.0420     0.003106     0.000751    -5.166426    -3.743083
 414    9.0463     0.007586     0.003095    -5.019951    -2.401021
 415    9.0488     0.008062     0.003575    -4.424735    -7.186828
 416    9.0506     0.001653     0.000813    -2.207607    -2.503893
 417    9.0538     0.016074     0.003602    -1.312493     4.668511
 418    9.0548     0.019624     0.008668   -10.348350   -10.854023
 419    9.0611     0.006659     0.004258    -2.757447    -6.446700
 420    9.0632     0.001862     0.000624    -1.300290    -0.072476
 421    9.0686     0.028619     0.008092    18.705722    15.172765
 422    9.0715     0.016758     0.004358     6.967730     5.687542
 423    9.0781     0.002873     0.001962    -3.366668    -3.602093
 424    9.0821     0.020574     0.006608   -12.155600    -9.969624
 425    9.0850     0.014591     0.003462     2.789581    -1.071202
 426    9.0868     0.014317     0.001840     3.579273     0.807341
 427    9.0946     0.020777     0.006275    -5.961862    -2.439857
 428    9.1004     0.027860     0.012795   -13.915180    -8.364736
 429    9.1047     0.006082     0.000123    -0.414402     0.346206
 430    9.1093     0.013785     0.005449    23.438766    13.278208
 431    9.1173     0.051942     0.007506    12.327867     2.836209
 432    9.1194     0.019060     0.009441    -2.497829    -5.413720
 433    9.1316     0.009402     0.005135   -10.294172    -8.238657
 434    9.1368     0.008674     0.001406     5.122196     0.285911
 435    9.1414     0.010321     0.003025     4.000172     2.929853
 436    9.1446     0.012014     0.004842    -9.123045    -9.092608
 437    9.1534     0.002595     0.001901     2.472667     1.030054
 438    9.1575     0.023474     0.009612   -20.378772   -17.910830
 439    9.1642     0.052084     0.007426    10.058914     4.457340
 440    9.1691     0.009745     0.004570   -32.220428   -35.983371
 441    9.1705     0.021025     0.003456   -25.730406   -18.025521
 442    9.1729     0.017282     0.003465    14.264775     4.639260
 443    9.1778     0.020898     0.004096    14.579432    12.572708
 444    9.1825     0.027201     0.006243    19.041406     8.839970
 445    9.1876     0.051500     0.011504    70.852414    43.811808
 446    9.1951     0.030868     0.009544     3.578513     2.485902
 447    9.1971     0.002535     0.003624    -2.297984     3.679774
 448    9.1994     0.025183     0.009712     1.008485     3.119570
 449    9.2078     0.008410     0.003277    19.689745     8.420098
 450    9.2086     0.010085     0.002672    -0.867845     4.756254
 451    9.2114     0.003234     0.001142    14.534735    10.022962
 452    9.2160     0.003637     0.001384     0.806143     1.155555
 453    9.2202     0.003886     0.003771    -4.777396    -5.517003
 454    9.2297     0.001248     0.007057     2.230613   -18.971304
 455    9.2319     0.025399     0.010010   -24.273338   -20.796960
 456    9.2404     0.031716     0.011230   -12.029274    -7.053145
 457    9.2497     0.008282     0.004485    -5.372017    -3.724443
 458    9.2530     0.005734     0.001051    -2.750753    -1.685057
 459    9.2597     0.010166     0.002294    -3.688415    -2.769056
 460    9.2615     0.001804     0.000411     1.110912    -1.038623
 461    9.2686     0.008065     0.004690     9.904734     4.514969
 462    9.2715     0.001003     0.001377     1.551413     3.961366
 463    9.2767     0.002188     0.001955    -0.542513     3.594032
 464    9.2778     0.009383     0.004421    10.878515     7.541129
 465    9.2821     0.009385     0.005328    -3.227573     0.024261
 466    9.2853     0.003731     0.002460    -4.295752    -4.680132
 467    9.2883     0.015928     0.002823    -4.401661    -2.397024
 468    9.2927     0.018972     0.008091    32.009266    20.781311
 469    9.2941     0.015130     0.004796     7.021539     5.115994
 470    9.2989     0.002121     0.000279    -6.177276    -2.732452
 471    9.3024     0.018079     0.008168   -28.104557   -21.584059
 472    9.3066     0.004581     0.000996    11.336507     4.664519
 473    9.3081     0.001005     0.000681     0.208230    -0.269116
 474    9.3175     0.001906     0.000838    -3.851905    -0.964197
 475    9.3210     0.000675     0.000564    -1.065675    -2.478418
 476    9.3241     0.003843     0.000737     4.813296     3.460079
 477    9.3252     0.005014     0.002140    -4.580914    -8.337572
 478    9.3308     0.008474     0.004972     3.710170     4.082380
 479    9.3326     0.012926     0.007555     4.846260     1.523913
 480    9.3382     0.031238     0.010357    -8.343769    -7.767385
 481    9.3445     0.006461     0.003705     6.947063     4.181422
 482    9.3462     0.000291     0.000650    -1.173095     2.102717
 483    9.3503     0.041432     0.018540   -26.119206   -26.045655
 484    9.3547     0.012640     0.001528    32.748870    17.577589
 485    9.3605     0.019728     0.006032   -42.335434   -26.814486
 486    9.3632     0.004668     0.003785     9.046896     8.534385
 487    9.3645     0.001474     0.000954   -12.500234    -2.380774
 488    9.3689     0.009376     0.004135     9.011405    10.833377
 489    9.3731     0.019930     0.004511   -20.702167   -11.198682
 490    9.3771     0.015687     0.006968    15.278529     9.984116
 491    9.3817     0.020002     0.011340   -29.311861   -11.624031
 492    9.3881     0.005096     0.000963    -7.089121    -3.665216
 493    9.3916     0.004635     0.002029     9.758061    -2.065996
 494    9.3949     0.019156     0.011255   -13.488656    -9.713142
 495    9.4026     0.007189     0.006473    16.008837    14.819971
 496    9.4061     0.013910     0.002303    46.388518    28.533426
 497    9.4075     0.008958     0.001654   -17.896927    -9.106214
 498    9.4105     0.006126     0.003748     0.005020    -6.765953
 499    9.4182     0.002446     0.002786    -6.780679   -10.338568
 500    9.4208     0.019718     0.006772    11.203958     8.348841
 501    9.4215     0.006029     0.001697     7.964060    -1.342061
 502    9.4234     0.012127     0.006627    -8.339695    -0.601492
 503    9.4278     0.001685     0.000593    -3.437656     2.873756
 504    9.4311     0.015841     0.014222     9.210448     2.361317
 505    9.4342     0.001479     0.001505    -0.595303    -9.476635
 506    9.4391     0.007026     0.003192    -6.393353    -3.659697
 507    9.4433     0.003454     0.000535   -12.510857    -7.002406
 508    9.4456     0.026819     0.012164    15.028755    11.661891
 509    9.4484     0.015682     0.004745    23.150577    10.000162
 510    9.4536     0.001118     0.000877     2.498930     4.775736
 511    9.4592     0.014453     0.005980    25.485361    16.979240
 512    9.4625     0.012672     0.003639    -6.028323    -1.755149
 513    9.4645     0.008523     0.001249     2.245325     2.057733
 514    9.4704     0.003187     0.001270    -0.544762     0.154654
 515    9.4723     0.001832     0.000252     4.918654     1.722930
 516    9.4727     0.001991     0.000195    -0.732667     0.341702
 517    9.4754     0.003500     0.000965     9.058795     6.057022
 518    9.4781     0.002087     0.000900    10.929222     2.279162
 519    9.4795     0.014109     0.005221    13.053674     5.655385
 520    9.4827     0.015960     0.006773    11.621484     4.900106
 521    9.4852     0.012569     0.004539    25.950890    21.690862
 522    9.4907     0.009719     0.003420     1.952862     1.652471
 523    9.4948     0.011804     0.003807     1.384983    -0.043722
 524    9.4983     0.002408     0.000136   -10.505695    -1.472604
 525    9.5007     0.002238     0.000736    -4.071456    -2.533110
 526    9.5030     0.003445     0.002018    13.103082    11.360719
 527    9.5076     0.009571     0.001217    20.797029     6.612212
 528    9.5094     0.026611     0.009397    40.436329    30.941500
 529    9.5134     0.001607     0.000504    -2.938606    -0.157979
 530    9.5176     0.011284     0.006989   -22.388972   -19.716897
 531    9.5245     0.000769     0.000482     0.126321     0.433516
 532    9.5284     0.004660     0.000695    -7.607473    -4.054709
 533    9.5306     0.002895     0.001709    -0.562971    -0.067747
 534    9.5321     0.014252     0.006055    -1.274926     1.236502
 535    9.5336     0.014872     0.008113     5.900315     8.554602
 536    9.5376     0.009345     0.001731    15.983350     8.584141
 537    9.5419     0.003361     0.001665    -4.342212    -2.509038
 538    9.5468     0.000887     0.002001     4.970413     7.400288
 539    9.5488     0.007180     0.003175    -6.529309    -6.818350
 540    9.5539     0.002522     0.000670     2.346488     1.329662
 541    9.5591     0.012236     0.006304    -6.652138    -6.619556
 542    9.5611     0.002741     0.001547     1.509698     1.127656
 543    9.5637     0.008539     0.002241     0.888518     0.288750
 544    9.5668     0.000086     0.000385    -1.156400    -1.768033
 545    9.5697     0.009529     0.004408     4.654057     4.287284
 546    9.5709     0.003257     0.001420    -2.802365    -1.328774
 547    9.5739     0.003695     0.000878    -1.588977    -3.643270
 548    9.5760     0.000862     0.001118    -5.720127    -2.799101
 549    9.5782     0.001640     0.000722     1.330779     0.613069
 550    9.5834     0.007949     0.003181     6.538753     5.731899
 551    9.5850     0.004351     0.004373     9.172270     3.794037
 552    9.5879     0.000792     0.000433     2.321955    -3.134834
 553    9.5921     0.001433     0.001079     5.440071     4.489929
 554    9.5980     0.001956     0.003982    -0.657064    -1.557718
 555    9.5989     0.011035     0.007098    17.420098    14.268463
 556    9.6002     0.000247     0.004490    -1.521875    -6.551983
 557    9.6032     0.000826     0.003512    -5.306377    -2.407560
 558    9.6044     0.006280     0.011906   -10.352816   -16.720407
 559    9.6090     0.010825     0.004451    -0.529282     0.382859
 560    9.6142     0.003284     0.002549     2.382460     2.534065
 561    9.6171     0.001442     0.000314    -2.163243     5.812444
 562    9.6191     0.002024     0.003164    -9.738778   -13.980200
 563    9.6207     0.004925     0.003853    -3.152689    13.089233
 564    9.6242     0.007887     0.004598    16.381117    17.007469
 565    9.6259     0.001224     0.000268    -2.517008    -1.152470
 566    9.6282     0.008802     0.002055   -12.211276   -14.093345
 567    9.6309     0.013771     0.007708    -7.858723     5.426584
 568    9.6347     0.002792     0.004606     4.949095    10.535543
 569    9.6361     0.007550     0.005397     6.224594     6.628322
 570    9.6380     0.001826     0.001127     3.385450     2.165261
 571    9.6394     0.004199     0.004457     3.173037     3.597281
 572    9.6425     0.003431     0.001739    -6.055243     2.836942
 573    9.6467     0.003715     0.005089   -27.300128    -9.070921
 574    9.6511     0.001525     0.012766   -18.896545    41.317123
 575    9.6538     0.008834     0.004449    -6.580922    -1.008520
 576    9.6552     0.015108     0.008539   -20.624788    -4.788919
 577    9.6610     0.000267     0.000115    -0.583617    -1.293150
 578    9.6642     0.004832     0.004607    11.737761     8.209599
 579    9.6696     0.004707     0.001742    -2.396146    -2.368751
 580    9.6752     0.014745     0.006132    27.792002     8.336911
 581    9.6779     0.006174     0.004035     2.143558     1.717232
 582    9.6837     0.011750     0.013257   -14.836559   -14.189669
 583    9.6859     0.003241     0.014445    14.417497    34.667357
 584    9.6896     0.002091     0.007464     1.837309   -41.287252
 585    9.7010     0.012676     0.010483    44.580358    33.418574
 586    9.7050     0.004371     0.005369    -2.121217   -14.544789
 587    9.7085     0.008846     0.014073    53.874522    79.839890
 588    9.7126     0.008195     0.007027   -18.692874   -22.244679
 589    9.7144     0.005647     0.004274    -9.059557    -6.056694
 590    9.7164     0.000802     0.000892    -0.145984    -0.776725
 591    9.7174     0.006359     0.008198    31.553773    23.569767
 592    9.7202     0.004344     0.006711     4.571449     1.004540
 593    9.7227     0.001868     0.004458     0.705042     3.167377
 594    9.7242     0.001542     0.000822    -2.540528    -1.335870
 595    9.7261     0.008813     0.006860   -19.486108   -17.041677
 596    9.7271     0.001372     0.000814    -4.427943    -5.061118
 597    9.7287     0.004257     0.001964   -23.043335   -17.423543
 598    9.7333     0.004257     0.005628    -8.811676   -13.927533
 599    9.7387     0.001871     0.000231     5.752831    -5.989873
 600    9.7420     0.002937     0.004500    21.010448     8.593857
 601    9.7461     0.010277     0.011058     3.986737    21.204651
 602    9.7530     0.004767     0.007145    17.233340    -0.495263
 603    9.7544     0.008548     0.018624    45.352700    53.631258
 604    9.7589     0.003608     0.004915    23.627643   -16.738394
 605    9.7595     0.001310     0.006271     2.997038     3.306726
 606    9.7658     0.000866     0.001840    -0.519217     4.427622
 607    9.7757     0.004990     0.000111    -6.075453    -1.033775
 608    9.7766     0.005873     0.002337    -4.261609     6.444974
 609    9.7778     0.000672     0.000317     4.125655     1.236504
 610    9.7788     0.002162     0.001019     4.098188     2.293665
 611    9.7823     0.001950     0.001907    -3.604791    -2.992413
 612    9.7846     0.003814     0.003938    -2.792964    -1.137179
 613    9.7882     0.002480     0.008752    -4.683918     8.504810
 614    9.7886     0.028640     0.013427   -35.989524   -15.930335
 615    9.7913     0.008772     0.003230    13.208193     3.697128
 616    9.7941     0.003763     0.003126    -7.758754    -4.734865
 617    9.7954     0.000957     0.000773    -0.112606     0.131281
 618    9.7987     0.004658     0.001982   -11.181411    -8.732512
 619    9.8002     0.003883     0.000874    -3.083092    -0.245031
 620    9.8014     0.002629     0.000680    -6.425056    -2.744362
 621    9.8056     0.002491     0.006042    -1.714507    -1.718250
 622    9.8074     0.002102     0.001277    -2.666239     4.109829
 623    9.8103     0.001772     0.001119    -1.701352    -1.564062
 624    9.8126     0.004242     0.004571    -8.490104    -7.147485
 625    9.8161     0.004176     0.002877    -8.467813    -8.612369
 626    9.8214     0.012398     0.003634    -4.639661     0.734132
 627    9.8236     0.005425     0.002944    -1.290109    -0.444428
 628    9.8270     0.008831     0.007306    -7.388415    -0.176047
 629    9.8289     0.001676     0.001183     0.839512     3.637481
 630    9.8315     0.002807     0.003339    -7.540482    -7.514304
 631    9.8334     0.000474     0.001537     2.324204     1.957812
 632    9.8363     0.001774     0.001075     1.256651     2.106205
 633    9.8417     0.010098     0.008695    -7.740452    -5.764726
 634    9.8473     0.007484     0.006202    17.777175    22.153036
 635    9.8536     0.007410     0.010142    -5.082227    -6.729137
 636    9.8601     0.005044     0.001983   -12.689318     4.249676
 637    9.8606     0.003384     0.007710     2.248048   -16.293893
 638    9.8636     0.006251     0.000335    -0.486594    -0.716767
 639    9.8652     0.003130     0.000384    10.241759     4.407000
 640    9.8662     0.002431     0.002553    -2.574166    -5.323901
 641    9.8687     0.003972     0.000161    -4.729808     0.164238
 642    9.8747     0.008382     0.001547   -17.015436    -9.084411
 643    9.8777     0.009057     0.005535    10.761645    13.198736
 644    9.8834     0.005442     0.003287   -18.419447   -15.787617
 645    9.8836     0.004241     0.003010     4.051185     2.053206
 646    9.8877     0.011149     0.010345    -7.831579   -13.867288
 647    9.8899     0.002435     0.007239     4.165367    15.546658
 648    9.8942     0.003479     0.002789    -7.483014     1.037170
 649    9.8971     0.001647     0.002245    -0.113149    -2.888627
 650    9.8992     0.010489     0.006770   -24.537551   -21.165099
 651    9.9012     0.036957     0.022026    -1.171140    -0.409543
 652    9.9058     0.008703     0.007709    -7.982235   -10.161371
 653    9.9068     0.004744     0.000779    -6.775215     1.900297
 654    9.9099     0.002149     0.002706    -3.427092    -6.718618
 655    9.9134     0.004265     0.007321    -3.859164    -1.888396
 656    9.9177     0.003086     0.008285   -11.479457    20.043052
 657    9.9201     0.000551     0.000408     2.046869     2.059610
 658    9.9233     0.001633     0.001676    -0.127604     2.255841
 659    9.9268     0.003679     0.004998     6.319161     0.231554
 660    9.9276     0.001061     0.000733    -2.050420    -3.780043
 661    9.9315     0.009888     0.003058    -2.727539    -1.837275
 662    9.9355     0.006262     0.006843    -3.726746     0.125632
 663    9.9376     0.001449     0.001615     0.671058     2.285271
 664    9.9389     0.001587     0.004058     0.953457    -4.504607
 665    9.9445     0.000544     0.001748    -4.648459    -3.784882
 666    9.9494     0.000203     0.000497    -1.132964     1.004041
 667    9.9507     0.004237     0.002889     7.596309     7.819159
 668    9.9524     0.004803     0.006452     1.234635    -7.670681
 669    9.9539     0.002109     0.002939    11.944892     8.368391
 670    9.9576     0.003093     0.004315    -6.972270    -6.059991
 671    9.9585     0.007231     0.003274    10.101040     1.078826
 672    9.9638     0.003210     0.002057    -0.523351     1.200494
 673    9.9664     0.000477     0.001169     5.958610     1.606392
 674    9.9691     0.003024     0.002090   -14.603168   -10.221286
 675    9.9705     0.006180     0.001980     1.937798     0.123836
 676    9.9729     0.001528     0.002968    -2.391255    -6.329830
 677    9.9779     0.006396     0.014322    14.654085    23.638044
 678    9.9797     0.006617     0.007537   -12.200972    -4.172183
 679    9.9830     0.006191     0.006262   -13.188416    -8.402187
 680    9.9837     0.002448     0.005946    -5.353462   -13.734817
 681    9.9895     0.005118     0.004831    -3.309620    -4.625071
 682    9.9906     0.004959     0.008460   -19.310430   -29.666716
 683    9.9925     0.001280     0.001369    -3.655331    -4.885190
 684    9.9935     0.004969     0.004085     4.502018    10.187008
 685    9.9955     0.004027     0.003065   -11.455694    -9.841475
 686    9.9974     0.003684     0.001653     1.488313     0.597362
