           2           1  0.983805799755590     
           3           1  2.632658231099653E-003
           3           2  0.983252387820631     
           4           1  2.063763739365619E-003
           4           2  0.988285604996707     
           4           3  2.184554676838267E-003
           5           1  1.161665321203137E-002
           5           2  3.563598449420852E-003
           5           3  1.143806422386017E-002
           5           4   1.43185890441206     
           6           2  1.145591894138428E-002
           6           4  6.059366945980442E-003
           6           5   1.42887086700120     
           7           1  3.066784587628653E-003
           7           3  3.133739953065446E-003
           7           4  0.101241000850435     
           7           5  2.227623085421225E-003
           7           6   1.42091966872180     
           8           2  1.073175450820690E-002
           8           4  8.492647851906921E-003
           8           5  9.958602914130903E-002
           8           6  6.696771934257550E-003
           8           7   1.46285943746920     
           9           1  7.099528780535206E-003
           9           2  4.646767272889998E-003
           9           3  7.392597691706682E-003
           9           4   1.32794933118411     
           9           5  4.265437799021406E-003
           9           6  8.917676596303491E-002
           9           7  3.115450879014665E-003
           9           8   1.34485680028114     
          10           1  3.425549112070259E-003
          10           2  4.077323067544049E-003
          10           3  3.463132449067454E-003
          10           4  3.416770615007320E-002
          10           5  1.241964132008885E-002
          10           6  2.496955070019160E-002
          10           7  1.133434156459521E-002
          10           8  3.815873904397715E-002
          10           9   1.07233762727801     
          11           4  9.272602582743142E-003
          11           8  2.108323080999645E-003
          11           9  8.689166990605247E-003
          11          10  0.962315945987489     
          12           8  2.999774720139573E-003
          12           9  6.774835173783873E-003
          12          10  9.958760417734290E-003
          12          11   1.34016476759178     
          13          10  1.027704975305469E-002
          13          11  3.522754642567068E-003
          13          12   1.48410114639683     
          14          11  8.418299790276379E-002
          14          12  8.997350331240756E-003
          14          13   1.36774033527989     
          15          10  1.091825589230117E-002
          15          11  5.040038098008463E-003
          15          12  7.772299135682370E-002
          15          13  3.870137262853889E-003
          15          14   1.31013971745766     
          16           8  2.749778322569063E-003
          16           9  1.015193607867191E-002
          16          10  1.105466616379550E-002
          16          11   1.45001239892934     
          16          12  4.884812154507734E-003
          16          13  0.105840916894739     
          16          14  6.540253745733974E-003
          16          15   1.32698302270752     
          17          11  1.941979663390413E-002
          17          12  1.735201479129543E-002
          17          13  1.118400769516930E-002
          17          14  4.938089828247219E-002
          17          15   1.12904559363411     
          17          16  3.042348634934165E-002
          18          11  2.241417040574091E-003
          18          12  3.504138339567550E-003
          18          14  1.042374758993852E-002
          18          15  6.178581291545783E-003
          18          16  1.677384595096984E-002
          18          17   1.13120994989956     
          19          12  3.048481757743785E-003
          19          14  3.547988374116955E-003
          19          15  1.523244514957926E-002
          19          16  4.388580998815800E-003
          19          17  3.807251372368562E-002
          19          18   1.34245459527077     
          20          15  2.299998646013850E-003
          20          17  1.930359095358030E-002
          20          18  4.045127596049773E-003
          20          19   1.43896161201240     
          21          12  3.132403437524938E-003
          21          14  4.920345187561940E-003
          21          16  3.013022485832004E-003
          21          17  2.339761600605901E-002
          21          18  8.009632942644564E-002
          21          19  1.830333653136555E-002
          21          20   1.44217030826929     
          22          14  6.154633201827975E-003
          22          17  1.153788071678641E-002
          22          18  4.585979926538167E-003
          22          19  7.978437735377202E-002
          22          20  4.016591698240720E-003
          22          21   1.33970635089095     
          23          11  3.595676145694226E-003
          23          12  2.746848409392157E-003
          23          13  8.917802343661595E-003
          23          14  8.853558996036149E-003
          23          15  1.246798836408658E-002
          23          17  4.119725331048764E-002
          23          18   1.29461577921705     
          23          19  4.567424734968429E-003
          23          20  7.365585369735203E-002
          23          21  4.553745048823221E-003
          23          22   1.29341025628323     
          24          11  5.834856530700832E-003
          24          12  2.050763649180634E-002
          24          13  1.259495299102949E-002
          24          14  0.982569745555788     
          24          15  1.490598359631742E-002
          24          16  1.076275395758664E-002
          24          17  4.241235665278272E-002
          24          18  1.341668874187233E-002
          24          19  1.026503329822592E-002
          24          20  6.057537978269173E-003
          24          21  1.016623167356110E-002
          24          22  1.340249386247843E-002
          24          23   1.02849669242228     
          25          13  2.202742830417429E-003
          25          14  2.840039113804315E-003
          25          15  6.003859126544436E-003
          25          18  6.066959411325361E-003
          25          19  4.979434804681560E-003
          25          21  3.546770115166942E-003
          25          22  1.025477288267091E-002
          25          23  9.391465002669918E-003
          25          24  0.979163136059007     
          26          13  1.112518514699867E-002
          26          14  2.357795319606365E-003
          26          17  2.383909036439990E-003
          26          23  9.186854338354823E-003
          26          24  1.197876122486347E-002
          26          25   1.37122043832017     
          27          19  3.118790454630245E-003
          27          21  2.969401712187977E-003
          27          22  3.362123523563161E-003
          27          23  3.026899007063234E-003
          27          24  1.897362086014824E-002
          27          25  6.840242261912217E-003
          27          26   1.44942932789606     
          28          25  1.196349782397908E-002
          28          26  4.172724408742004E-003
          28          27  0.958997840722658     
          29          26  8.055760883464299E-003
          29          28  0.960391815704201     
          30          27  4.249200472520310E-003
          30          28  4.065014458570960E-003
          30          29   1.35101258957003     
          31          28  1.066033026870421E-002
          31          29  4.299822576078785E-003
          31          30   1.49603579262395     
          32          29  7.872756652544280E-002
          32          30  3.482615287089602E-003
          32          31   1.32243265876973     
          33          28  1.192844299568061E-002
          33          29  6.801052634984165E-003
          33          30  8.893737821074624E-002
          33          31  7.314774592945087E-003
          33          32   1.31427307445079     
          34          27  8.001956974796503E-003
          34          28  4.059203731362157E-003
          34          29   1.44903984310980     
          34          30  3.716397360380892E-003
          34          31  0.107789297377941     
          34          32  4.125008663349319E-003
          34          33   1.37168710401533     
          35          29  1.897945666182168E-002
          35          30  6.257982055041319E-003
          35          31  1.102144883663704E-002
          35          32  1.546006334941493E-002
          35          33  0.979710814076094     
          35          34  1.199838732168659E-002
          36          32  6.112124338312317E-003
          36          33  2.825484161911887E-003
          36          34  2.412675516043058E-003
          36          35  0.981826907894730     
          37          33  2.265912110037256E-003
          37          34  9.869785727725188E-003
          37          35  1.265746466240196E-002
          37          36   1.36936463872992     
          38          35  2.032341520772248E-002
          38          36  8.758897595474074E-003
          38          37   1.48258095875633     
          39          35  5.844635366218224E-003
          39          36  8.471275307578058E-002
          39          37  3.531574746769426E-003
          39          38   1.34341410619884     
          40          37  1.011245999119696E-002
          40          38  9.297923218997403E-003
          40          39  0.955774077279005     
          41          38  8.154771206618004E-003
          41          39  8.712949561753780E-003
          41          40   1.07389522250981     
          42          38  2.314641641472411E-003
          42          40  3.855307900287289E-002
          42          41   1.34441353748830     
          43          40  1.133218417720548E-002
          43          41  3.082375234806261E-003
          43          42   1.46293682924586     
          44          40  2.530844812552843E-002
          44          41  8.898238134145499E-002
          44          42  6.798494506452716E-003
          44          43   1.42105169853128     
          45          40  1.247517835706785E-002
          45          41  4.260835315659594E-003
          45          42  9.946363875197674E-002
          45          43  2.235664635578971E-003
          45          44   1.42843480846012     
          46          39  9.172214397331648E-003
          46          40  3.451282259822139E-002
          46          41   1.32719997787967     
          46          42  8.577230471533595E-003
          46          43  0.101248300007303     
          46          44  6.133271008370981E-003
          46          45   1.43238038387165     
          47          40  4.076198248868505E-003
          47          41  4.625709688344613E-003
          47          42  1.074673581566707E-002
          47          44  1.147395149841948E-002
          47          45  3.593209793901111E-003
          47          46  0.988167533954884     
          48          40  3.487997133037840E-003
          48          41  7.116896348447134E-003
          48          43  3.128400029673256E-003
          48          45  1.148009375587720E-002
          48          46  2.099562254456214E-003
          48          47  0.983441692871228     
          49          40  3.483493848146251E-003
          49          41  7.288603851781323E-003
          49          43  3.058343796186786E-003
          49          45  1.149735545903761E-002
          49          46  2.139136440687465E-003
          49          47  0.983745821441092     
          49          48  2.639859593289219E-003
          50          39  9.211601252705794E-003
          50          40  3.455431993161225E-002
          50          41  7.568132791588930E-003
          50          42  4.856308378830445E-003
          50          44  4.398001163138248E-003
          50          45  6.788040368030519E-003
          50          46  4.866512417764501E-003
          50          47  0.988155132790671     
          50          48  2.159119778074335E-003
          50          49  2.079113008229670E-003
          51          40  1.247018819021926E-002
          51          46  6.786171406626898E-003
          51          47  3.591631710106283E-003
          51          48  1.144535452931047E-002
          51          49  1.154614215063048E-002
          51          50   1.43266269900746     
          52          40  2.537500389925805E-002
          52          42  4.244282773125415E-003
          52          44  3.747662099225089E-003
          52          46  4.402812944643559E-003
          52          47  1.147755555945752E-002
          52          50  6.150801663072193E-003
          52          51   1.42818536741981     
          53          40  1.133297480676698E-002
          53          48  3.112803575094040E-003
          53          49  3.072286328057251E-003
          53          50  0.101233252177063     
          53          51  2.233336761134826E-003
          53          52   1.42119887869713     
          54          38  2.843618362731786E-003
          54          40  3.867760939568822E-002
          54          41  1.196096618166405E-002
          54          42  5.599514956036390E-003
          54          44  4.247024024320702E-003
          54          46  4.864693242363836E-003
          54          47  1.073977274719040E-002
          54          50  8.596099184051862E-003
          54          51  9.941753526095964E-002
          54          52  6.820608319649920E-003
          54          53   1.46279579115414     
          55          38  7.018638229226688E-003
          55          39  8.697848272728627E-003
          55          40   1.07432935993010     
          55          41  8.152192141153369E-003
          55          42  1.194282168695695E-002
          55          46  7.572990764709474E-003
          55          47  4.628199580596979E-003
          55          48  7.298887359295557E-003
          55          49  7.096367165314584E-003
          55          50   1.32683522481632     
          55          51  4.256632852995896E-003
          55          52  8.894107403285487E-002
          55          53  3.080808419752737E-003
          55          54   1.34431846332865     
          56          35  1.079773778530837E-002
          56          36  6.693536323334564E-003
          56          37  0.106780840555991     
          56          38  5.060756080187227E-003
          56          39   1.45247038119480     
          56          40  9.527670874294493E-003
          56          41  8.624657201569569E-003
          56          42  3.320691908812303E-003
          56          54  2.783390642685932E-003
          56          55  9.910152435482678E-003
          57          33  5.991868008960954E-003
          57          35  1.488758845497131E-002
          57          36   1.31054600986836     
          57          37  3.861101525923581E-003
          57          38  7.837590533855336E-002
          57          39  5.043234948803870E-003
          57          40  1.086491119687132E-002
          57          56   1.32695801404724     
          58          34  2.384536737643916E-003
          58          35  4.238600563588768E-002
          58          36  4.952354356885243E-002
          58          37  1.118651079982832E-002
          58          38  1.758634983723053E-002
          58          39  1.942220247297571E-002
          58          56  3.035668656153568E-002
          58          57   1.12866724314363     
          59          33  6.088511087519713E-003
          59          35  1.347627951172238E-002
          59          36  1.040624706024388E-002
          59          38  3.489863448756224E-003
          59          39  2.239754302804708E-003
          59          56  1.682584585424620E-002
          59          57  6.186944351044404E-003
          59          58   1.13051441506667     
          60          29  3.109134751798641E-003
          60          31  2.884095086548602E-003
          60          33  4.963545637641696E-003
          60          35  1.026461262528585E-002
          60          36  3.536483913664788E-003
          60          38  3.055789955950374E-003
          60          56  4.365554698535091E-003
          60          57  1.522824808145507E-002
          60          58  3.806038553321890E-002
          60          59   1.34272349622924     
          61          32  2.380818470575981E-003
          61          35  6.082498145887183E-003
          61          57  2.297911140925496E-003
          61          58  1.929423271450702E-002
          61          59  4.058728011306104E-003
          61          60   1.43887652778867     
          62          29  2.965094133169746E-003
          62          31  4.218697049454016E-003
          62          32  1.521808856347176E-002
          62          33  3.532240562277441E-003
          62          35  1.015849594680135E-002
          62          36  4.906716869273688E-003
          62          38  3.134456915168641E-003
          62          56  2.987514618687787E-003
          62          58  2.335616527586780E-002
          62          59  8.015933463432033E-002
          62          60  1.825436402792518E-002
          62          61   1.44211860745841     
          63          29  3.349085266138667E-003
          63          30  2.476569738440513E-003
          63          31  1.683510968618402E-002
          63          32  6.325913323412099E-003
          63          33  1.028354277572304E-002
          63          35  1.343022653746269E-002
          63          36  6.153329854484754E-003
          63          58  1.154908614733649E-002
          63          59  4.577111766379132E-003
          63          60  7.984692596986966E-002
          63          61  4.025859705836948E-003
          63          62   1.33990742282279     
          64          29  3.011672289748740E-003
          64          30  3.529991464091799E-003
          64          32  1.230527391137427E-002
          64          33  9.351332411575930E-003
          64          34  9.174891612203381E-003
          64          35   1.02852939492352     
          64          36  8.922969673241332E-003
          64          37  8.949164316830164E-003
          64          38  2.777576545818919E-003
          64          39  3.631105769447010E-003
          64          57  1.247902127041424E-002
          64          58  4.116051784794687E-002
          64          59   1.29485896146482     
          64          60  4.552927367010723E-003
          64          61  7.374538814240723E-002
          64          62  4.538484550971012E-003
          64          63   1.29346906851953     
          65          29  1.749331939106949E-002
          65          30  1.921944444210587E-002
          65          31  2.894662126460283E-002
          65          32   1.12537543079076     
          65          33  4.972603285457769E-002
          65          34  1.131078218187001E-002
          65          35  4.314071106964885E-002
          65          37  2.468907908479584E-003
          65          58  3.902663208250356E-003
          65          59  1.147328481624583E-002
          65          60  2.370603914943213E-002
          65          61  1.946933873989508E-002
          65          62  3.819261870557437E-002
          65          63   1.13501525614947     
          65          64  4.181680827265728E-002
          66          26  3.530993790152825E-003
          66          27  3.259586103453642E-003
          66          28  0.966866958779228     
          66          29  8.919447535680565E-003
          66          30  8.466403960950804E-003
          66          32  3.471234811071187E-003
          66          34  1.153104424001280E-002
          67          27  6.947704793448239E-003
          67          28  5.554445891578661E-003
          67          29  6.131984542438387E-003
          67          66   1.43879099652769     
          68          28  1.283828468989293E-002
          68          66  2.242013288234132E-003
          68          67   1.42182899073372     
          69          27  3.181955276911908E-003
          69          29  2.918486055828555E-003
          69          66  0.103270997628829     
          69          67  2.429918420704659E-003
          69          68   1.43875976828832     
          70          28  9.134993953197706E-003
          70          66  2.739984898170921E-003
          70          67  0.103298706652792     
          70          68  2.299529907402033E-003
          70          69   1.44001813236401     
          71          27  8.728607226542213E-003
          71          28  5.661213765371788E-003
          71          29  8.473355423342779E-003
          71          66   1.32601944260247     
          71          67  2.772702060023260E-003
          71          68  9.957508152582929E-002
          71          69  2.159164256260325E-003
          71          70   1.39412030755293     
          72          27  8.541887113936194E-003
          72          28  5.689440309316897E-003
          72          29  8.609970685651584E-003
          72          66  4.999592475409237E-003
          72          67  9.180621800715496E-003
          72          69  1.307577302509404E-002
          72          70  4.689438264459245E-003
          72          71   1.07252484666247     
          73          28  9.139842356285293E-003
          73          66  2.384086042652096E-002
          73          68  1.123873823425390E-002
          73          70  1.895371597971828E-002
          73          71  4.681672716556824E-003
          73          72   1.39407154473120     
          74          27  3.039883288053017E-003
          74          29  3.041622627170116E-003
          74          71  1.308096579253424E-002
          74          72  2.159400874228997E-003
          74          73   1.44005356015673     
          75          28  1.284121002348720E-002
          75          66  1.025448889161778E-002
          75          68  8.494001945815765E-003
          75          70  1.124128385471142E-002
          75          72  9.952097828975412E-002
          75          73  2.296378569745970E-003
          75          74   1.43868999764195     
          76          27  6.384864461971467E-003
          76          28  5.597307777254237E-003
          76          29  6.622448140726764E-003
          76          66  6.776847512379445E-003
          76          71  9.177573667727538E-003
          76          72  2.784610874516397E-003
          76          73  0.103295418418142     
          76          74  2.432904054463785E-003
          76          75   1.42162885311280     
          77          26  1.178258454763764E-002
          77          27  9.437045697967845E-003
          77          28  0.965977122431279     
          77          29  3.199876506356775E-003
          77          30  7.565263773964337E-003
          77          34  3.706005520237761E-003
          77          66  1.482584705484191E-002
          77          67  6.802053996870762E-003
          77          68  1.026774174604224E-002
          77          70  2.385056440441662E-002
          77          71  5.026814680607449E-003
          77          72   1.32598459723991     
          77          73  2.740433913849086E-003
          77          74  0.103243730141419     
          77          75  2.260611372432022E-003
          77          76   1.43934934748061     
          78          22  2.473064279421579E-003
          78          23  3.551229321967810E-003
          78          24  6.241046189253841E-003
          78          25  8.894285678626508E-002
          78          26  3.695745593502859E-003
          78          27   1.35017393267677     
          78          28  3.986991650294033E-003
          78          29  4.427023202796263E-003
          78          66  7.547139170280367E-003
          78          77  8.055766312959527E-003
          79          19  2.876968381912231E-003
          79          21  4.203032616467080E-003
          79          22  1.684742233771089E-002
          79          24  1.101958883142132E-002
          79          25  7.322266460873079E-003
          79          26  0.107593677619959     
          79          27  4.313702285301165E-003
          79          28  1.060783811029575E-002
          79          78   1.49690614465628     
          80          14  6.116713710852314E-003
          80          20  2.380566068145276E-003
          80          21  1.521382033281726E-002
          80          22  6.314579375571568E-003
          80          23  1.229758127628524E-002
          80          24  1.530085500270080E-002
          80          25   1.31481720335564     
          80          26  4.134254092037775E-003
          80          27  7.872988543639096E-002
          80          77  3.402473569042240E-003
          80          78  3.476003052423844E-003
          80          79   1.32188326967485     
          81          13  2.467574050713715E-003
          81          17  3.918585512390409E-003
          81          18  1.146509110047989E-002
          81          19  2.372847218655697E-002
          81          20  1.949724860096036E-002
          81          21  3.817093657462366E-002
          81          22   1.13534309817599     
          81          23  4.184442230150651E-002
          81          24  4.312302492294627E-002
          81          25  4.975271730480159E-002
          81          26  1.128603973771247E-002
          81          27  1.749066030757585E-002
          81          78  1.923148421770997E-002
          81          79  2.882203839804719E-002
          81          80   1.12544710716400     
          82           1  7.380415627104896E-003
          82           2  4.644078251975541E-003
          82           3  7.118247834417058E-003
          82           4  7.485587412910825E-003
          82           8  1.187112810804729E-002
          82           9  8.169879397937918E-003
          82          10   1.07202708793128     
          82          11  8.723242557297261E-003
          82          12  8.468731099335504E-003
          82          16  8.418269996674872E-003
          83           2  1.073982548377620E-002
          83           4  4.746688601724078E-003
          83           6  4.136801995574494E-003
          83           8  5.477898634131517E-003
          83           9  1.187332319767339E-002
          83          10  3.798648532556353E-002
          83          11  2.211415587304006E-003
          83          12  2.148614955194165E-003
          83          16  3.421935322466963E-003
          83          82   1.34494907601797     
          84           1  3.045291547698254E-003
          84           3  3.150390401751479E-003
          84          10  1.133320820412587E-002
          84          82  3.118654893087458E-003
          84          83   1.46318543850358     
          85           2  1.145245267590906E-002
          85           4  4.319581821909000E-003
          85           6  3.660714524714727E-003
          85           8  4.145439804390374E-003
          85          10  2.491382418034056E-002
          85          82  8.922076165407011E-002
          85          83  6.678663702793530E-003
          85          84   1.42059020550150     
          86           1  1.152346714295176E-002
          86           2  3.565876518157374E-003
          86           3  1.148794646004615E-002
          86           4  6.790181624524031E-003
          86          10  1.241083600459411E-002
          86          82  4.270793099487933E-003
          86          83  9.962180115332560E-002
          86          84  2.232003111051698E-003
          86          85   1.42923882644437     
          87           1  2.152180841161295E-003
          87           2  0.988278598828445     
          87           3  2.094570822652431E-003
          87           4  4.795589652676433E-003
          87           5  6.790386216898234E-003
          87           6  4.328222804032349E-003
          87           8  4.767450025195597E-003
          87           9  7.510204517394202E-003
          87          10  3.415543073209944E-002
          87          11  9.245529775259716E-003
          87          82   1.32829693736091     
          87          83  8.489848108122052E-003
          87          84  0.101230127963402     
          87          85  6.053502596774112E-003
          87          86   1.43151685059161     
          88           1  0.979370590266118     
          88           3  9.612846868610959E-003
          89           1  0.977405537364513     
          89           4  8.618851509892285E-003
          90           1  0.977238409429213     
          90          87  8.582276220803785E-003
          91           3  0.977501330603700     
          91           4  8.582355488514982E-003
          92           3  0.977637965823735     
          92          87  8.619752272516913E-003
          93           1  9.635202970860022E-003
          93           3  0.979332870326685     
          94           5  0.966467337829350     
          94           7  1.057011589575532E-002
          94           9  9.616153942534567E-003
          95           4  1.049746167359496E-002
          95           6  0.972468275810878     
          95           8  1.062315669841107E-002
          96           5  1.063630165538222E-002
          96           7  0.972195507541486     
          96           9  1.075905362970219E-002
          97           4  9.007111666468068E-003
          97           6  1.073750545464183E-002
          97           8  0.964829279216065     
          97          11  3.296070165071540E-003
          97          12  2.200087986853008E-003
          98          12  0.969446602335840     
          98          14  1.108424202019520E-002
          98          16  9.095857617617890E-003
          99          11  1.064816580329726E-002
          99          13  0.959721415329607     
          99          15  9.890549863142171E-003
         100          12  9.866049904877617E-003
         100          14  9.109972647631389E-003
         100          16  0.964562006173883     
         100          17  5.110529630464276E-003
         101          17  3.299450100459930E-003
         101          19  0.967816160355222     
         101          21  1.058684964395236E-002
         101          23  9.661983756582553E-003
         102          18  1.037986681114712E-002
         102          20  0.971905549428046     
         102          22  1.042296801059308E-002
         103          19  1.062884557421015E-002
         103          21  0.967811826226659     
         103          23  9.635761626171482E-003
         103          81  3.294817537014209E-003
         104          26  0.952685586608530     
         104          66  2.663050400097568E-003
         104          78  9.967706503124269E-003
         104          80  9.955202886737572E-003
         104          99  7.761515644870037E-003
         105          30  0.968010678006852     
         105          32  1.092365508458170E-002
         105          34  9.297423718366298E-003
         106          29  1.088137339649651E-002
         106          31  0.966806662247749     
         106          33  9.111493691416155E-003
         106          65  4.711191610139743E-003
         107          30  9.981188108526742E-003
         107          32  9.962855342242123E-003
         107          34  0.954472077771968     
         107          77  2.212919331087507E-003
         108          37  0.960825580991798     
         108          39  1.064418268529147E-002
         108          57  9.917800187389159E-003
         108         107  6.289611259091850E-003
         109          36  1.106047608043689E-002
         109          38  0.969320292272430     
         109          56  9.123283608908822E-003
         110          39  4.008511278610086E-003
         110          42  0.965123887051359     
         110          44  1.075550172419346E-002
         110          46  9.003790412476252E-003
         111          41  1.076228929293201E-002
         111          43  0.972206979848015     
         111          45  1.063279579849842E-002
         112          42  1.061814729043194E-002
         112          44  0.972497060942725     
         112          46  1.048712327781168E-002
         113          41  9.623989512093738E-003
         113          43  1.056774289478171E-002
         113          45  0.966555289957256     
         114          46  8.618569505992766E-003
         114          48  0.977593270942124     
         115          48  0.979336074756953     
         115          49  9.633537465787956E-003
         116          48  0.977507110541907     
         116          50  8.595144435172567E-003
         117          49  0.977463055944314     
         117          50  8.616681356863921E-003
         118          46  8.592959819459197E-003
         118          49  0.977371856497149     
         119          48  9.617787706779513E-003
         119          49  0.979363925480201     
         120          51  0.966548942272346     
         120          53  1.056335020321348E-002
         120          55  9.626790146619735E-003
         121          50  1.048451587709036E-002
         121          52  0.972497501632379     
         121          54  1.061973499789950E-002
         122          51  1.063489214090631E-002
         122          53  0.972200860282676     
         122          55  1.076169176673536E-002
         123          39  3.704863795776070E-003
         123          50  9.012004560623092E-003
         123          52  1.074974490720376E-002
         123          54  0.965026339391314     
         124          36  9.120409116752068E-003
         124          38  9.830163385634472E-003
         124          56  0.964403244961010     
         124          58  5.014676988438358E-003
         125          58  3.260318745702346E-003
         125          60  0.967829632006936     
         125          62  1.058362381811623E-002
         125          64  9.671392826809191E-003
         126          59  1.037331157217403E-002
         126          61  0.971921347965898     
         126          63  1.041746551310684E-002
         127          60  1.062495176758272E-002
         127          62  0.967827057028025     
         127          64  9.641606868307470E-003
         127          65  3.251401610258701E-003
         128          67  0.968276159530123     
         128          69  1.048952857257850E-002
         128          71  1.102253069595326E-002
         129          66  1.006649119837930E-002
         129          68  0.972942287412252     
         129          70  1.058369536262710E-002
         130          67  1.061206118612923E-002
         130          69  0.972691332655523     
         130          71  1.029531347532525E-002
         131          66  1.087231776837953E-002
         131          68  1.057522484599066E-002
         131          70  0.968732136450632     
         132          73  0.968733070990679     
         132          75  1.057232837918956E-002
         132          77  1.087604637352568E-002
         133          72  1.029546098283034E-002
         133          74  0.972675906125667     
         133          76  1.061620938124102E-002
         134          73  1.058933192791855E-002
         134          75  0.972961439291893     
         134          77  1.005190184492791E-002
         135          72  1.102325789932646E-002
         135          74  1.046720458862464E-002
         135          76  0.968105609877983     
         136          26  9.290320252960386E-003
         136          78  0.968029069960810     
         136          80  1.093171546169864E-002
         137          25  9.102563131169451E-003
         137          27  1.088518791166198E-002
         137          79  0.966805721071104     
         137          81  4.766193522488823E-003
         138          11  3.554961398734847E-003
         138          16  2.286221031686083E-003
         138          83  0.965218855040829     
         138          85  1.075657014937263E-002
         138          87  8.990365294738668E-003
         139          82  1.076150210469378E-002
         139          84  0.972201504760741     
         139          86  1.062935765755647E-002
         140          83  1.061618144193129E-002
         140          85  0.972474961858167     
         140          87  1.050010822280734E-002
         141          82  9.614636774201735E-003
         141          84  1.057824883022571E-002
         141          86  0.966488476085949     
