# indices of neighbouring atoms (max seven)
2
1 3
2 4 64
3 5 65
4 6 66
5 7 63
6 8 12
7 9 67
8 10 68
9 11 28
10 12 13
7 11 69
11 14 26
13 15 70
14 16 24
15 17 23
16 18 71
17 19 72
18 20 22
19 21
20
19 23 73
16 22 74
15 25 75
24 26 76
13 25 27
26 28 56
10 27 29
28 30
29 31 56
30 32 55
31 33 77
32 34 78
33 35 54
34 36 53
35 37 79
36 38 80
37 39 52
38 40 46
39 41 45
40 42 81
41 43 82
42 44 83
43 45 84
40 44 85
39 47 51
46 48 86
47 49 87
48 50 88
49 51 89
46 50 90
38 53 91
35 52 92
34 55 93
31 54 94
27 30 57
56 58 62
57 59 95
58 60 96
59 61 97
60 62 98
57 61 99
6 64 100
3 63 101
4
5
8
9
12
14
17
18
22
23
24
25
32
33
36
37
41
42
43
44
45
47
48
49
50
51
52
53
54
55
58
59
60
61
62
63
64
