# indices of neighbouring atoms (max seven)
2 70 71 72
1 3 4 5
2 73 74 75
2 76 77 78
2 6 10
5 7 79
6 8 80
7 9 21
8 10 11
5 9 81
9 12 20
11 13 82
12 14 18
13 15 16 17
14 83 84 85
14 86 87 88
14 89 90 91
13 19 92
18 20 93
11 19 21
8 20 22
21 23 69
22 24 94
23 25 95
24 26 68
25 27 31
26 28 96
27 29 97
28 30 67
29 31 32
26 30 98
30 33 34 35
32 99 100 101
32 102 103 104
32 36 67
35 37 105
36 38 65
37 39 64
38 40 106
39 41 107
40 42 63
41 43 62
42 44 52
43 45 108
44 46 109
45 47 51
46 48 49 50
47 110 111 112
47 113 114 115
47 116 117 118
46 52 119
43 51 53
52 54 62
53 55 120
54 56 60
55 57 58 59
56 121 122 123
56 124 125 126
56 127 128 129
55 61 130
60 62 131
42 53 61
41 64 132
38 63 133
37 66 134
65 67 135
29 35 66
25 69 136
22 68 137
1
1
1
3
3
3
4
4
4
6
7
10
12
15
15
15
16
16
16
17
17
17
18
19
23
24
27
28
31
33
33
33
34
34
34
36
39
40
44
45
48
48
48
49
49
49
50
50
50
51
54
57
57
57
58
58
58
59
59
59
60
61
63
64
65
66
68
69
