$coord
          1.632735486984        -21.000865228803         -6.868412014860     c 
          1.880547397744        -19.841645028315         -4.241958476301     c 
          1.674880093683        -16.963096517521         -4.329280088488     c 
          2.112786612647        -15.693082632000         -1.770116207446     c 
          0.007176526165        -16.222808055246          0.132516935223     c 
          0.396523661289        -14.811441710958          2.625002016354     c 
          0.304827884538        -12.095835533700          2.294886319640     n 
          2.391492248109        -10.528458758799          2.381933844763     c 
          4.526548167219        -11.235072511931          2.792289093242     o 
          1.449806416302         -7.922151334563          1.869663192074     c 
          3.170709813937         -5.801520166359          1.620085795428     c 
          5.326225970961         -5.632169774249          3.134807819509     c 
          6.973256048133         -3.628464606201          2.873480615719     c 
          6.550934256602         -1.751919788365          1.071665606353     c 
          8.313608467120          0.372616743934          0.792944936353     c 
          8.982519986824          1.266054673324         -1.594290968355     c 
         10.637969918066          3.264140712132         -1.862245012150     c 
         11.669039600772          4.421246433824          0.264541906449     c 
         13.354205749274          6.449696201669          0.001136379701     n 
         13.168027887964          8.757039574546          1.206295705357     c 
         11.306657994656          9.652803113435          2.822892929122     c 
         11.553212022229         12.086136411846          3.738279067432     c 
         13.589927415608         13.611617465636          3.059552281897     c 
         15.424265642144         12.746843109161          1.417509604187     c 
         15.217524271273         10.306911048885          0.471200691993     c 
         16.713008012071          8.839714085704         -1.254917471321     c 
         18.941655262011          9.306075609094         -2.561568081489     c 
         19.927883729945          7.417050595326         -4.067493485960     c 
         18.733921486987          5.077441601851         -4.259570152467     c 
         16.515105080387          4.568790055930         -2.979676367571     c 
         15.491608605982          6.474660456230         -1.496184600451     c 
         11.012539689512          3.542824825385          2.656813489297     c 
          9.357715013849          1.542765365470          2.910731569769     c 
          4.414970520851         -1.945654667667         -0.465889484221     c 
          2.747007738904         -3.924741712574         -0.192505081069     c 
         -1.097768755968         -8.044468287852          1.564693996241     c 
         -2.947376876348         -6.050389368721          1.217452977677     c 
         -2.647386803809         -3.704108159839          2.397470419075     c 
         -4.440276997077         -1.839174195938          2.113627446836     c 
         -6.585071564329         -2.234465487819          0.627324547981     c 
         -8.487412920500         -0.238599918519          0.319332326757     c 
         -9.635084096972          0.183643549314         -2.015206957228     c 
        -11.423775369631          2.058886230254         -2.310399138269     c 
        -12.110523258497          3.566113864396         -0.265267935921     c 
        -13.922059783253          5.477532540158         -0.560502987738     n 
        -13.902504507080          7.327191588844         -2.402111196189     c 
        -12.130396779771          7.799689851378         -4.277490172986     c 
        -12.546303968808          9.830493811828         -5.865705984428     c 
        -14.661309839901         11.376503142498         -5.596891246217     c 
        -16.406130699581         10.944895011769         -3.705302293169     c 
        -16.029265286703          8.914317100003         -2.084634631127     c 
        -17.395457292281          7.953341932955          0.055242354000     c 
        -19.617802583216          8.675175940168          1.251820301945     c 
        -20.451432011005          7.277889963047          3.291807751512     c 
        -19.113638842895          5.167278163684          4.123406288781     c 
        -16.898280953134          4.412404527414          2.964843405458     c 
        -16.025796572148          5.836410099535          0.941993411680     c 
        -10.978120926380          3.157107181589          2.074862673246     c 
         -9.191198146394          1.278064620171          2.356527143134     c 
         -6.882345665082         -4.576437393012         -0.544792239479     c 
         -5.107483996687         -6.461675927741         -0.243963202496     c 
         -1.876999308371        -10.741440588888          1.826248638647     c 
         -3.972152453864        -11.650183901779          1.722583342767     o 
          1.774841288873        -23.049241974095         -6.770281559634     h 
          3.118256712203        -20.305923731683         -8.109150606959     h 
         -0.183776733958        -20.515398303909         -7.701290766525     h 
          0.402755943819        -20.611782246891         -3.027595597321     h 
          3.705185346066        -20.366986458911         -3.430955403543     h 
         -0.189862988424        -16.431970624560         -5.040463423931     h 
          3.077826594209        -16.243262800102         -5.663498753362     h 
          3.915758457980        -16.323784450527         -0.985853352140     h 
          2.252013250971        -13.651999715337         -2.067183089441     h 
         -0.066068332449        -18.235652588378          0.562138046665     h 
         -1.813756239382        -15.669207299411         -0.666230376589     h 
         -1.083802625055        -15.341216771296          3.967673346435     h 
          2.250637235462        -15.245047303004          3.424671969749     h 
          5.691047374240         -7.074665012106          4.529131391876     h 
          8.636124321315         -3.538043660608          4.052901556838     h 
          8.218682302941          0.365719737713         -3.258518952239     h 
         11.127591276835          3.954250914459         -3.719298900577     h 
          9.705284445504          8.498180859097          3.336920219408     h 
         10.131959057595         12.825062192741          5.004207131375     h 
         13.718011130707         15.501903366967          3.819761546191     h 
         16.986958238142         13.939150251115          0.868855888495     h 
         19.882743565026         11.108684348886         -2.389405537730     h 
         21.657864864091          7.742409545801         -5.101374603702     h 
         19.565986789032          3.626083067887         -5.429942864849     h 
         15.623295883587          2.739034081160         -3.117111431826     h 
         11.826638637701          4.421621760591          4.308919727292     h 
          8.843946073097          0.896136934967          4.776645507394     h 
          4.046151143447         -0.505896642152         -1.864105937322     h 
          1.109491493351         -4.056515424588         -1.401647111158     h 
         -1.006612030550         -3.375141987432          3.563696492319     h 
         -4.164916773117         -0.034716908624          3.025473147448     h 
         -9.099987232822         -0.952904130397         -3.623084656524     h 
        -12.316626673903          2.353621410461         -4.121533608863     h 
        -10.469386995809          6.633364024723         -4.483194155487     h 
        -11.198319816668         10.233060647975         -7.345394541881     h 
        -14.922635511571         12.941869098636         -6.880887556829     h 
        -18.028760811109         12.161411099690         -3.478291304845     h 
        -20.670611854966         10.292538310436          0.588279053369     h 
        -22.172722222288          7.810473754502          4.251532618560     h 
        -19.828084336096          4.092998239518          5.705860245910     h 
        -15.895137249913          2.755224854216          3.604903108521     h 
        -11.491028898067          4.335380691655          3.660072359856     h 
         -8.350602582475          0.960899861105          4.188535735624     h 
         -8.546904755162         -4.938897299988         -1.668100141561     h 
         -5.377030368506         -8.266442342982         -1.153850695187     h 
$end
