           2           1   1.00777770581679     
           3           1  3.388863826929959E-003
           3           2  0.993661885748289     
           4           1  3.378476024855026E-003
           4           2  0.993726836458041     
           4           3  2.580937917673765E-003
           5           2  0.993319710678580     
           5           3  3.454344260313096E-003
           5           4  3.383348522428374E-003
           6           1  7.850765856544276E-003
           6           2  3.721588760297899E-003
           6           3  9.408272327737228E-003
           6           4  9.394133832810802E-003
           6           5   1.37063621256941     
           7           2  1.127309184612075E-002
           7           5  4.494855637883289E-003
           7           6   1.47085628366474     
           8           3  2.281610095986248E-003
           8           4  2.292993476524161E-003
           8           5  7.132418885525560E-002
           8           6  4.086040099122739E-003
           8           7   1.33634137854105     
           9           2  1.155869393304756E-002
           9           5  3.880259152822089E-003
           9           6  8.303728111410535E-002
           9           7  4.868267923148838E-003
           9           8   1.24615827801686     
          10           1  6.485826837049593E-003
          10           2  4.369742731942864E-003
          10           3  1.008598550538781E-002
          10           4  1.013057988698293E-002
          10           5   1.40550705045689     
          10           6  2.698071165115510E-003
          10           7  8.781532816316676E-002
          10           8  3.919639431432637E-003
          10           9   1.39696750759381     
          11           5  1.635446622624542E-002
          11           7  8.318515512542332E-003
          11           8  7.626562806337083E-003
          11           9   1.11073349614876     
          11          10  5.148787705274762E-003
          12           6  9.847144324898572E-003
          12           8  1.821181697778985E-002
          12           9  5.122749678459663E-003
          12          10  2.302012221732306E-002
          12          11   1.39662846280384     
          13           5  2.358318416597269E-003
          13           7  2.176761369798849E-003
          13           8  5.293261591844659E-003
          13           9  1.633091377279613E-002
          13          11  3.842284584654897E-003
          13          12   1.40569930927113     
          14          11  1.157348256786942E-002
          14          12  4.365133329466208E-003
          14          13  0.993130219798785     
          15          12  1.017440286748521E-002
          15          13  3.416511892837249E-003
          15          14  0.993600056274692     
          16          12  1.001771653215088E-002
          16          13  3.372506981059958E-003
          16          14  0.993938479082683     
          16          15  2.584982287158733E-003
          17          12  6.495801426397364E-003
          17          14   1.00781595576361     
          17          15  3.365002528665161E-003
          17          16  3.407950079720098E-003
          18           6  7.945212908205842E-003
          18           8  9.978791159824252E-003
          18          10  9.900468347413115E-003
          18          11  8.329683771498721E-002
          18          12  2.690456862659356E-003
          18          13   1.37171340490744     
          18          14  3.731189423923627E-003
          18          15  9.397871512110037E-003
          18          16  9.410939858278280E-003
          18          17  7.839242660181411E-003
          19           5  2.198939688200478E-003
          19           7  2.691778699771492E-003
          19           8  1.907445587316497E-002
          19           9  8.343591472221971E-003
          19          11  4.864961771593325E-003
          19          12  8.798870437499495E-002
          19          13  4.476742940345029E-003
          19          14  1.129794142663025E-002
          19          18   1.46963901821551     
          20           5  5.250383383143845E-003
          20           6  1.000598905864868E-002
          20           7  1.900495948370690E-002
          20           8  2.058978344533388E-002
          20           9  7.611898100570252E-003
          20          10  1.828687656061618E-002
          20          11   1.24709243623478     
          20          12  3.921122231577400E-003
          20          13  7.160870135636944E-002
          20          15  2.324993434403752E-003
          20          16  2.267600281009324E-003
          20          18  4.116639900792693E-003
          20          19   1.33786269237179     
          21           5  1.001125043129639E-002
          21           6  1.868929898052436E-002
          21           7  1.683754436825979E-002
          21           8   1.13367512976087     
          21           9  2.423504700167120E-002
          21          10  1.005463257485339E-002
          21          11  2.422880258313865E-002
          21          12  1.005581126962892E-002
          21          13  9.939454010531194E-003
          21          18  1.857798013377496E-002
          21          19  1.688004596542359E-002
          21          20   1.13033407469011     
          22           7  3.508796444401268E-003
          22           8  9.753299852782948E-003
          22           9  1.031027319675829E-002
          22          11  1.027659504458542E-002
          22          19  3.472962385612286E-003
          22          20  9.797224048782780E-003
          22          21   1.01695565121217     
          23           7  2.803860976407856E-003
          23           8  9.790576881731980E-003
          23          11  2.078782011438489E-003
          23          20  1.490729497448556E-002
          23          21  1.039507055550834E-002
          23          22   1.39692944629973     
          24          21  1.159367288525779E-002
          24          22  3.465129472392371E-003
          24          23   1.31237233794169     
          25          22  1.490574802785122E-002
          25          23  2.247447796640662E-002
          25          24   1.14227202996336     
          26          21  2.100335594278990E-003
          26          22  4.413333691086759E-003
          26          23  2.811738094119396E-002
          26          24  5.840323331336340E-002
          26          25   1.39446651582006     
          27          23  1.269173220081119E-002
          27          24  1.069001957731430E-002
          27          25   1.13210652813925     
          27          26  5.833791605375000E-002
          28          23  8.500153912327956E-003
          28          24  1.902403666748738E-002
          28          25  2.898926595284126E-002
          28          26  2.330539624979047E-002
          28          27   1.29965769425444     
          29          25  1.409011905176563E-002
          29          26  2.124568831013309E-003
          29          27  2.659903348257532E-003
          29          28   1.48134944765134     
          30          23  9.868865464882293E-003
          30          24  1.005896881531917E-002
          30          25  3.340421529602996E-002
          30          26  2.194759949576311E-002
          30          27  7.524300858629401E-002
          30          28  1.121423502475200E-002
          30          29   1.40376777556254     
          31          23  2.637392400450699E-003
          31          25  1.995431180643107E-002
          31          26  8.344758826813530E-003
          31          27  2.317467641671397E-002
          31          28  8.028530975594309E-002
          31          29  1.923609256786910E-002
          31          30   1.34030407195208     
          32           7  3.023098379333730E-003
          32          23  4.773543596669674E-003
          32          24  9.636521733156347E-003
          32          25  1.464443010392364E-002
          32          26  2.602758211502453E-002
          32          27   1.31882162562143     
          32          28  2.145830062829605E-002
          32          29  9.339345681435945E-002
          32          30  2.998623956010987E-002
          32          31   1.44094318716256     
          33           8  2.691405559490836E-003
          33          20  2.906176492389046E-003
          33          21  4.268733645504685E-003
          33          22  7.034779689807563E-002
          33          23  5.190801341472093E-003
          33          24   1.30580970397247     
          33          25  2.193026304901500E-002
          33          26  2.330943417372042E-002
          33          27  1.817543361401764E-002
          33          28  8.371507854914216E-003
          33          30  9.914286387198885E-003
          33          32  3.638279800708130E-003
          34          21  1.179747386227085E-002
          34          22  4.186747415058268E-003
          34          23  7.039871349103673E-002
          34          24  3.466297692317021E-003
          34          25  1.441613108030557E-002
          34          26  2.571888846709044E-003
          34          33   1.40422732973369     
          35          21  5.294849314309646E-003
          35          22  1.198479231265186E-002
          35          23  4.528880339555095E-003
          35          24  1.180060591955681E-002
          35          33  1.064840709412289E-002
          35          34   1.01833793201664     
          36          23  2.673279374559083E-003
          36          33  9.819851648562007E-003
          36          34  9.663451760745430E-003
          36          35   1.13218092779167     
          37          33  3.480392495557486E-003
          37          34  3.644152636965461E-003
          37          35  1.681172621034103E-002
          37          36   1.33683109280198     
          38          35  1.857447060460965E-002
          38          36  4.100819234912764E-003
          38          37   1.47041445931999     
          39          35  9.970730138230017E-003
          39          36  7.145963499438379E-002
          39          37  4.520779945115061E-003
          39          38   1.37110705598635     
          40          37  1.129224371290609E-002
          40          38  3.726821927626980E-003
          40          39  0.993213518195656     
          41          38  7.844897376513820E-003
          41          40   1.00776719935440     
          42          36  2.277769452865096E-003
          42          38  9.445365081588124E-003
          42          39  3.399295071950155E-003
          42          40  0.993895189531363     
          42          41  3.397726030740972E-003
          43          36  2.306882014281409E-003
          43          38  9.438625715427054E-003
          43          39  3.429980810727545E-003
          43          40  0.993594557004310     
          43          41  3.370418524840965E-003
          43          42  2.582429121803134E-003
          44          35  1.016237845619885E-002
          44          36  3.921521691649867E-003
          44          37  8.781469584076107E-002
          44          38  2.691939100802697E-003
          44          39   1.40557534550266     
          44          40  4.370218194596718E-003
          44          41  6.473836900209506E-003
          44          42  1.003694138842156E-002
          44          43  1.014740847360912E-002
          45          34  1.035202869136778E-002
          45          35  2.407152383037207E-002
          45          36   1.24706522437796     
          45          37  4.864578409243503E-003
          45          38  8.318182307896479E-002
          45          39  3.863847364132707E-003
          45          40  1.157406397005312E-002
          45          44   1.39685975526641     
          46          33  2.096626109081018E-003
          46          34  1.038071748842646E-002
          46          35  2.402330253258074E-002
          46          36  7.666850923138572E-003
          46          37  8.375550854323550E-003
          46          39  1.630374402129561E-002
          46          44  5.135803692615073E-003
          46          45   1.11044868581144     
          47          35  1.013642918138293E-002
          47          36  1.826300281456008E-002
          47          38  9.877145376972167E-003
          47          44  2.304291727053935E-002
          47          45  5.128037237449278E-003
          47          46   1.39718662274283     
          48          35  9.976264561985269E-003
          48          36  5.296580084635683E-003
          48          37  2.232764217352175E-003
          48          39  2.384047186029607E-003
          48          45  1.630809250998375E-002
          48          46  3.869322262015555E-003
          48          47   1.40524392334280     
          49          46  1.157661786403067E-002
          49          47  4.369021282777248E-003
          49          48  0.993213413449345     
          50          47  1.002535797215151E-002
          50          48  3.403129953090686E-003
          50          49  0.993823168781449     
          51          47  1.014701362645179E-002
          51          48  3.433344017534421E-003
          51          49  0.993619048230769     
          51          50  2.580218562394706E-003
          52          47  6.479900745263274E-003
          52          49   1.00781518272715     
          52          50  3.398236696490760E-003
          52          51  3.376034651155151E-003
          53          35  1.858144378810231E-002
          53          36  1.001446592512737E-002
          53          38  7.945261780808543E-003
          53          44  9.863475790034918E-003
          53          46  8.320195911853175E-002
          53          47  2.690092624151125E-003
          53          48   1.37134694931107     
          53          49  3.726687022239469E-003
          53          50  9.405131075530320E-003
          53          51  9.438520443407764E-003
          53          52  7.841159730497722E-003
          54          34  3.520176312159525E-003
          54          35  1.685211673687376E-002
          54          36  1.910512713341611E-002
          54          37  2.723433868901444E-003
          54          39  2.232771646834910E-003
          54          45  8.365287594894390E-003
          54          46  4.867398668751782E-003
          54          47  8.777945283983540E-002
          54          48  4.531323233570275E-003
          54          49  1.129636799190245E-002
          54          53   1.47023279275629     
          55          23  3.009679371200437E-003
          55          33  1.498364374796985E-002
          55          34  9.839166933399436E-003
          55          35   1.13242066169824     
          55          36  2.066115301545633E-002
          55          37  1.903170229299323E-002
          55          38  9.990232041906246E-003
          55          39  5.276275522374148E-003
          55          44  1.823229229744504E-002
          55          45  7.622233989365688E-003
          55          46   1.24661459058594     
          55          47  3.918318369370458E-003
          55          48  7.138037283686126E-002
          55          50  2.270074346848994E-003
          55          51  2.306262727173867E-003
          55          53  4.088773943783682E-003
          55          54   1.33673196101631     
          56           8  1.284001402823062E-002
          56          19  2.501183292914111E-003
          56          20  8.431315539694074E-003
          56          21  9.549060870539864E-003
          56          22   1.35159885581945     
          56          23  1.097831227905819E-002
          56          24  6.830913874512459E-002
          56          25  2.425773982394413E-002
          56          26  1.749025065085335E-002
          56          27  8.998997654043354E-003
          56          28  9.963653760658704E-003
          56          30  1.233358323587506E-002
          56          32  4.091408746689579E-003
          56          33  1.078254601953330E-002
          56          34   1.34542307970412     
          56          35  9.184603865914517E-003
          56          36  1.313275618106515E-002
          56          54  2.512202348736004E-003
          56          55  8.102793399224506E-003
          57           1  0.978645247391432     
          57           5  9.087210121632069E-003
          58           1  0.980298494186273     
          58           4  9.590442577420253E-003
          59           1  0.980247173326559     
          59           3  9.605705547442240E-003
          60           1  9.501256551395830E-003
          60           3  0.978204201802358     
          61           3  0.980112555356533     
          61           4  9.688744854790409E-003
          62           3  0.980229094743317     
          62           5  8.622053048852467E-003
          63           4  0.980234854822674     
          63           5  8.634934911107176E-003
          64           1  9.503227836116254E-003
          64           4  0.978254260181844     
          65           3  9.682630642349954E-003
          65           4  0.980180944963249     
          66           6  0.967800198949317     
          66           8  1.046779976615885E-002
          66          10  9.367624588658915E-003
          67           5  1.069774222681040E-002
          67           7  0.965452129202656     
          67           9  1.083266896730837E-002
          68           6  9.919099008185944E-003
          68           8  1.101251996648700E-002
          68          10  0.964473026355893     
          69          12  0.964459891412214     
          69          18  9.929634293191346E-003
          69          20  1.100260640331438E-002
          70          15  0.978296996395175     
          70          17  9.507505085326367E-003
          71          15  0.980146432279731     
          71          16  9.682428968386628E-003
          72          13  8.630591596843136E-003
          72          15  0.980252202765991     
          73          15  9.685197443794431E-003
          73          16  0.980184655228971     
          74          16  0.978214706614572     
          74          17  9.498007547380156E-003
          75          13  8.631616068698410E-003
          75          16  0.980232624142478     
          76          13  9.088866736919211E-003
          76          17  0.978637274734173     
          77          15  9.599839245826252E-003
          77          17  0.980348139672473     
          78          16  9.608129312505686E-003
          78          17  0.980176318220972     
          79          12  9.365620235583422E-003
          79          18  0.967832992690862     
          79          20  1.048105095266821E-002
          80          11  1.084315268046984E-002
          80          13  1.068583804758193E-002
          80          19  0.966827922446025     
          81          23  0.964813216679879     
          81          33  9.618643594398917E-003
          81          56  9.377997108898315E-003
          82          26  1.052412476657779E-002
          82          28  0.968121628007830     
          82          30  1.084030682891859E-002
          82          32  8.885338072061821E-003
          83          27  1.126624304975872E-002
          83          29  0.971092210188707     
          83          31  1.109760917112244E-002
          84          28  1.018871251091085E-002
          84          30  0.968583160306840     
          84          31  8.898535006933019E-003
          84          32  1.117714366616309E-002
          85          28  9.492598641441540E-003
          85          30  1.238604528726163E-002
          85          31  9.599803538378771E-003
          85          32  0.961196966153384     
          86          23  9.121764580649980E-003
          86          26  1.335018189808208E-002
          86          33  0.964536211939919     
          86          56  9.777206829053640E-003
          87          37  0.966904289106135     
          87          39  1.069959286439589E-002
          87          45  1.085263309524222E-002
          88          36  1.048482867578279E-002
          88          38  0.967764357113062     
          88          44  9.362308508590151E-003
          89          39  9.090616660370121E-003
          89          41  0.978677805624583     
          90          41  0.980325139251581     
          90          43  9.591203646321579E-003
          91          41  0.980238406668104     
          91          42  9.592115943880982E-003
          92          42  0.980118651207526     
          92          43  9.697906097946966E-003
          93          41  9.515104834783768E-003
          93          42  0.978126452704051     
          94          39  8.636520001486420E-003
          94          42  0.980225811019553     
          95          39  8.626547341882743E-003
          95          43  0.980255333021140     
          96          42  9.679305404741111E-003
          96          43  0.980171795169426     
          97          41  9.506626304744180E-003
          97          43  0.978246515530251     
          98          36  1.100992076138811E-002
          98          38  9.930503543866346E-003
          98          44  0.964469773065043     
          99          47  0.964473832217198     
          99          53  9.931017864962109E-003
          99          55  1.100923255002774E-002
         100          50  0.978255040699390     
         100          52  9.498928500296634E-003
         101          50  0.980190738614351     
         101          51  9.679876908316731E-003
         102          48  8.623599704456657E-003
         102          50  0.980219474536949     
         103          48  8.639182488860307E-003
         103          51  0.980249790290772     
         104          51  0.978225179961598     
         104          52  9.508207909227068E-003
         105          50  9.689964444068527E-003
         105          51  0.980133228296016     
         106          51  9.598871327536077E-003
         106          52  0.980335557822877     
         107          48  9.092099358707410E-003
         107          52  0.978650587826121     
         108          50  9.603578313438705E-003
         108          52  0.980187005659110     
         109          47  9.359015506046366E-003
         109          53  0.967791743876152     
         109          55  1.049145672670600E-002
         110          46  1.084456918809665E-002
         110          48  1.069210529005246E-002
         110          54  0.967051713121979     
         111          23  8.826433042432207E-003
         111          33  8.762116435587350E-003
         111          56  0.966711046402983     
