 NM
 UV
 MMASS
   593.701199999999     
 LFAKTOR
  0.5
 RFAKTOR
  1.0
 WIDTH
  0.20
 SHIFT
  0.00
 DATXY
   1    3.7113     0.123717     0.051063   -80.429547   -92.692084
   2    3.8126     0.234123     0.158316    64.351162    49.937268
   3    4.0276     0.011513     0.015493   -11.500023    10.676429
   4    4.1996     0.030941     0.192277    46.658516   137.207561
   5    4.3252     0.081798     0.045956   -13.014416   -38.060774
   6    4.4390     0.255195     0.113711  -107.302994   -84.427719
   7    4.5110     0.036131     0.017543   -14.567541   -11.906902
   8    4.5773     0.034644     0.015487    27.198369    20.078610
   9    4.6952     0.086633     0.050243    42.011956    35.553572
  10    4.7007     0.019465     0.014128   -40.990466   -30.380944
  11    4.7159     0.160908     0.077952   -60.965653   -44.555804
  12    4.8298     0.312487     0.132600   -27.363458   -36.093542
  13    4.8586     0.008491     0.003306    12.432957    13.094679
  14    4.8656     0.053245     0.027374   -28.965972   -27.075262
  15    4.9685     0.464679     0.224696    56.938227    35.689662
  16    5.1166     0.236834     0.128302  -110.617133   -81.279482
  17    5.1380     0.029841     0.014556    12.305436     8.067142
  18    5.2074     0.242840     0.117644   262.603402   202.167897
  19    5.2279     0.015817     0.018306     9.509919     9.665543
  20    5.3856     0.667231     0.334383    65.795324    43.742594
  21    5.3924     0.259896     0.161575    12.290298     3.678636
  22    5.4246     0.529240     0.270713  -245.453453  -158.985840
  23    5.5588     0.264869     0.140637   -23.904837   -17.083246
  24    5.6478     0.089157     0.046448    -0.149204    -8.292155
  25    5.6992     0.017780     0.008543    28.805596    11.424215
  26    5.7268     0.032426     0.014014   -34.956359     9.600432
  27    5.7653     0.027321     0.017575    18.557427    16.794875
  28    5.8090     0.066622     0.029459   -75.201772   -42.862164
  29    5.8202     0.122514     0.065352    45.548664    30.657059
  30    5.8389     0.050012     0.033229     0.604882    -5.377396
  31    5.8640     0.002654     0.006643     9.740999   -21.020728
  32    5.9066     0.002881     0.004040     0.515824    -0.200818
  33    5.9420     0.011125     0.004335    10.552404     4.266511
  34    5.9562     0.051010     0.021397   -22.147047   -10.805213
  35    5.9675     0.006447     0.003443    26.008796    18.799015
  36    5.9971     0.023199     0.007924    50.561210    21.284320
  37    6.0032     0.003757     0.002013   -11.461262    -8.062714
  38    6.0369     0.027785     0.015974    46.458506    32.502309
  39    6.0728     0.025799     0.016850    -6.779178   -12.523473
  40    6.1061     0.023537     0.014203     6.027861     3.565473
  41    6.1519     0.011286     0.004772     2.683384     1.183254
  42    6.2050     0.017526     0.012876   -55.490932   -49.966952
  43    6.2198     0.011699     0.034914    34.733302    61.059403
  44    6.2853     0.049527     0.026159    42.139442    37.895616
  45    6.3041     0.038764     0.025141    30.779186    32.752253
  46    6.3233     0.011968     0.012681    -3.963187    20.983446
  47    6.3554     0.042612     0.027842   -21.534659   -19.142151
  48    6.3681     0.009137     0.023701    -2.391543    -1.567014
  49    6.3760     0.007251     0.013992    -0.401148    -1.683880
  50    6.3881     0.003712     0.003691   -14.839260    -3.413273
  51    6.3960     0.028348     0.018559   -53.264449   -27.353543
  52    6.4306     0.167969     0.098447   157.852532   144.022446
  53    6.4428     0.036610     0.029404   -33.549671   -31.263401
  54    6.4552     0.020349     0.010799    -8.179159     1.419304
  55    6.4768     0.019642     0.039175     1.559062   -26.912356
  56    6.4783     0.063127     0.031341    28.031909    12.641499
  57    6.5027     0.028133     0.022573   -12.688685   -11.670123
  58    6.5049     0.074033     0.042412   -44.060439   -46.824697
  59    6.5153     0.005781     0.008257    12.281541   -35.519192
  60    6.5235     0.043993     0.026136     6.627113     4.118038
  61    6.5681     0.176836     0.138673    53.040776    53.731617
  62    6.5771     0.050776     0.015050    42.922507    17.464003
  63    6.5780     0.076037     0.055892   -76.800440   -65.496917
  64    6.6024     0.143464     0.086263   105.598489    29.009182
  65    6.6442     0.073346     0.037840   130.315872    44.295891
  66    6.6658     0.085599     0.052733    59.169315    45.442662
  67    6.6838     0.032459     0.021499    42.379856     0.649894
  68    6.7081     0.027094     0.020401   -49.079698   -71.396242
  69    6.7155     0.251348     0.141160    68.739288    72.825588
  70    6.7415     0.015116     0.034461    23.285724    79.908422
  71    6.7584     0.079281     0.044396   -59.953320   -23.495674
  72    6.7761     0.072004     0.036649   -63.861281   -46.629214
  73    6.7955     0.016965     0.023602    46.354784    82.927561
  74    6.8272     0.078725     0.034656    18.952330     0.711132
  75    6.8595     0.159378     0.087524   -19.467837   -23.930373
  76    6.8645     0.046032     0.028039    -8.643327     1.961338
  77    6.8756     0.065615     0.044015   -19.259818   -49.633679
  78    6.9148     0.040978     0.028912     0.707191    22.563533
  79    6.9241     0.101256     0.062130    51.194444    46.034967
  80    6.9279     0.042861     0.038615    27.553771    35.252350
  81    6.9325     0.055110     0.031219   -38.032830   -13.209848
  82    6.9401     0.010894     0.022541    16.086320    14.342732
  83    6.9791     0.041569     0.020305     3.215111   -30.546371
  84    7.0019     0.099103     0.052834  -158.423613  -110.560457
  85    7.0056     0.008444     0.003359   -13.802667    -7.367231
  86    7.0210     0.112863     0.088041    80.946581    87.728078
  87    7.0389     0.179466     0.142384   100.122465   120.558184
  88    7.0650     0.024054     0.008943    30.456871    17.498261
  89    7.0685     0.018251     0.022975   -80.717165   -61.389150
  90    7.0826     0.009000     0.005672    13.042746   -12.913786
  91    7.0890     0.072018     0.067085    15.124512    25.276790
  92    7.1003     0.088273     0.050113   112.794565    44.310108
  93    7.1123     0.001746     0.003278   -13.342547    -4.348188
  94    7.1176     0.023273     0.021284   -14.980889   -18.493663
  95    7.1320     0.021588     0.017022    10.819740     8.315191
  96    7.1369     0.031419     0.021997   -18.894534   -17.995417
  97    7.1399     0.024172     0.010626   -43.363944   -29.999218
  98    7.1554     0.240445     0.142133  -102.829226   -95.012106
  99    7.1710     0.047890     0.054507    40.845152    38.286900
 100    7.1912     0.277646     0.167684  -112.333066   -68.409079
 101    7.1936     0.040479     0.027146    -7.384903    -9.096234
 102    7.2258     0.038346     0.048735    20.428557    37.110798
 103    7.2262     0.044110     0.025717   -16.404460    -4.640728
 104    7.2500     0.003084     0.005205     5.018357     1.230078
 105    7.2529     0.059909     0.047399    77.248318    70.283943
 106    7.2798     0.116712     0.110650    99.804386    50.322021
 107    7.2882     0.040655     0.029637  -125.080217   -99.303906
 108    7.3094     0.016101     0.007262   -38.519605   -25.130114
 109    7.3114     0.030722     0.006817     3.457668   -36.607182
 110    7.3299     0.054167     0.048565     5.962415     9.141816
 111    7.3455     0.171980     0.106558   -47.887620   -42.316187
 112    7.3562     0.011300     0.012713     4.175263    -3.402418
 113    7.3730     0.010571     0.001380   -25.626956    -6.209303
 114    7.3879     0.020250     0.025267   -10.532873    -0.825090
 115    7.3902     0.021056     0.018082    29.801888    23.426228
 116    7.4193     0.010192     0.014965   -12.680003   -25.700043
 117    7.4252     0.002038     0.010338     5.212075    16.872809
 118    7.4440     0.004617     0.003951   -25.970925   -12.955336
 119    7.4505     0.001005     0.006553    -0.015319     6.217266
 120    7.4569     0.006685     0.003906    21.584760   -41.959044
 121    7.4623     0.006436     0.007070   -18.441117   -22.284505
 122    7.4764     0.003176     0.005646     2.150947   -13.408052
 123    7.4913     0.040366     0.032325    43.271966    23.347111
 124    7.4939     0.010480     0.005591     6.463035     8.519669
 125    7.5072     0.005297     0.009841    16.795164    17.599333
 126    7.5144     0.018983     0.012593    38.185263    34.705763
 127    7.5281     0.068147     0.034252   -39.905805   -59.802512
 128    7.5525     0.017708     0.004447   -29.498690   -22.607667
 129    7.5612     0.001549     0.000774     3.526208     3.750242
 130    7.5859     0.009672     0.022763   -18.714044   -13.961863
 131    7.5894     0.019357     0.004621    29.859159     0.007074
 132    7.5930     0.070896     0.038073   -42.688023   -17.810027
 133    7.6047     0.025158     0.013744    26.736147    13.609478
 134    7.6240     0.014341     0.009896    13.070764    -6.937048
 135    7.6402     0.025633     0.015696   -26.422423   -12.716957
 136    7.6544     0.023513     0.015314    18.006360    13.962660
 137    7.6755     0.006337     0.010263     9.654879    11.991387
 138    7.6988     0.013269     0.007463    11.933044   -20.748445
 139    7.7123     0.001622     0.002419     3.293646     7.432081
 140    7.7269     0.006891     0.007946    23.696295    26.304542
 141    7.7360     0.009796     0.038556    -9.341804     4.952569
 142    7.7567     0.007734     0.009884    -3.388012     6.639510
 143    7.7644     0.040498     0.026560   -13.465340   -12.930070
 144    7.7739     0.005183     0.003756     3.758189    -0.260289
 145    7.7969     0.005773     0.001668     1.816999    -9.715407
 146    7.8043     0.001234     0.002638     9.774604     5.234831
 147    7.8222     0.004870     0.006637    -5.237161     0.177874
 148    7.8353     0.068157     0.048732    61.164518    58.551966
 149    7.8409     0.040694     0.026614  -121.980056   -77.113469
 150    7.8935     0.003484     0.011046    -5.380542    11.927008
 151    7.9000     0.053764     0.044187    25.065659    20.473668
 152    7.9078     0.044439     0.020322     4.198416    -8.132383
 153    7.9359     0.032945     0.045380   -49.325067   -69.950675
 154    7.9410     0.000630     0.019436    -6.103223   -17.140406
 155    7.9504     0.051936     0.026392     7.384022    30.956693
 156    7.9561     0.028356     0.022777    10.958133    21.074153
 157    7.9632     0.025759     0.007151    -0.426104    19.220680
 158    7.9786     0.004565     0.021039   -44.493068    76.447763
 159    7.9853     0.036821     0.023138   -12.805262     2.685044
 160    7.9969     0.008971     0.012433    -5.746526   -22.082354
 161    8.0052     0.006950     0.018650     0.417246   -24.300687
 162    8.0132     0.014850     0.014249    92.569041    92.007076
 163    8.0162     0.000477     0.016688     5.665753   -45.972461
 164    8.0304     0.016636     0.036888    40.336248    27.579877
 165    8.0396     0.026858     0.035774   -21.111688   -49.416068
 166    8.0525     0.002764     0.068470    21.085652    21.393566
 167    8.0696     0.005820     0.037846    13.247169    21.735007
 168    8.0762     0.017896     0.023261    36.763483     3.815158
 169    8.0808     0.003903     0.001411    15.071317    18.245763
 170    8.0846     0.025119     0.029234   -74.602618   -72.691965
 171    8.0927     0.005908     0.021948    31.305270    61.078614
 172    8.1048     0.012785     0.011866   -17.011299    -6.918647
 173    8.1156     0.006977     0.071614   -15.939886    19.196248
 174    8.1250     0.006302     0.006891    23.095085    21.253651
 175    8.1342     0.009423     0.013159    22.282275    36.842610
 176    8.1381     0.039527     0.028026   -28.951959   -54.272061
 177    8.1416     0.003436     0.017652   -10.554813   -31.625366
 178    8.1488     0.018500     0.009404   -32.585020     8.598981
 179    8.1637     0.031543     0.018559    70.867518    70.077520
 180    8.1841     0.032805     0.027508   -18.936001    -3.542327
 181    8.1923     0.002355     0.011905    -9.265141   -23.925127
 182    8.2021     0.032624     0.022815    -5.404792    -1.658455
 183    8.2089     0.020303     0.017291    -3.780768    -6.603778
 184    8.2156     0.005499     0.003082    -9.764493    -7.673908
 185    8.2239     0.008675     0.016124    21.692304    26.843441
 186    8.2304     0.009127     0.007144    24.343992    22.038576
 187    8.2393     0.022956     0.018724     7.988225     5.415018
 188    8.2474     0.005422     0.005676     0.857066    -4.530802
 189    8.2555     0.024824     0.027551    22.897318    28.617214
 190    8.2619     0.093596     0.088508   -19.408525   -36.722959
 191    8.2699     0.010548     0.019453    22.756082    42.023039
 192    8.2735     0.015059     0.007056   -38.425019   -25.234560
 193    8.2796     0.006994     0.003338    -3.596318     6.849506
 194    8.2909     0.057503     0.035365   -38.109610   -28.589142
 195    8.3027     0.016683     0.024372    12.963604    19.236036
 196    8.3122     0.012859     0.007030     8.868215   -11.096149
 197    8.3152     0.006950     0.006098    -3.688531    -5.360479
 198    8.3316     0.003990     0.003756    15.494590    17.595982
 199    8.3353     0.071767     0.027125  -168.543920   -97.161219
 200    8.3461     0.036862     0.026429   -10.525402     5.338234
 201    8.3566     0.011585     0.010028    -0.072144    -0.682934
 202    8.3704     0.014603     0.018293   -10.381414    -6.561826
 203    8.3724     0.016398     0.015840     6.276808     2.195979
 204    8.3758     0.037971     0.028079    10.618261    -8.486987
 205    8.3848     0.008255     0.011549    14.369640    24.800139
 206    8.3927     0.012373     0.013618    -8.834909   -15.021908
 207    8.3983     0.025317     0.032734    19.460649     1.070958
 208    8.4005     0.020571     0.015644    -9.096518    -7.682807
 209    8.4048     0.009991     0.010545    -4.424788    -8.465228
 210    8.4154     0.034883     0.030395    24.336456    37.834168
 211    8.4206     0.005219     0.011709    -7.312820    -2.733553
 212    8.4296     0.042290     0.026617   -66.966767   -53.451141
 213    8.4361     0.023858     0.009578     1.578077    -6.923933
 214    8.4418     0.025979     0.016060    -0.732662     0.407814
 215    8.4516     0.002479     0.003605    -0.141483    -0.715785
 216    8.4548     0.029943     0.019360     9.602736    13.816204
 217    8.4692     0.007928     0.023017    10.827766    10.869967
 218    8.4752     0.014080     0.017072   -13.584667   -28.608326
 219    8.4771     0.007828     0.007137    12.671363    11.770567
 220    8.4875     0.012784     0.011726     7.517414    10.232632
 221    8.4984     0.017250     0.021249    16.391925   -18.831196
 222    8.5189     0.001164     0.012193    -4.043877   -33.004663
 223    8.5237     0.010700     0.007693   -54.547144   -33.379983
 224    8.5298     0.015811     0.006010    -0.778933     2.880353
 225    8.5469     0.019025     0.007585    -1.846109     6.422403
 226    8.5600     0.028190     0.019274   -19.507849   -30.680362
 227    8.5650     0.008856     0.001737   -33.580311   -17.453324
 228    8.5867     0.005863     0.008707     4.921779     2.615205
 229    8.5953     0.002964     0.015778     5.291286    -0.952764
 230    8.6022     0.001173     0.002511     1.904427     1.918738
 231    8.6050     0.051402     0.032304    -9.129263    -6.734548
 232    8.6146     0.018590     0.023053   -26.290898    -9.559979
 233    8.6267     0.031894     0.024221    28.797401     7.157402
 234    8.6318     0.003739     0.001447     4.459619    -1.355028
 235    8.6389     0.003887     0.002930     1.038960    -6.895814
 236    8.6436     0.001542     0.001341     2.319544    -3.387632
 237    8.6472     0.002646     0.002926     4.274685     5.274237
 238    8.6574     0.002811     0.000505    -5.932655    -2.664291
 239    8.6618     0.005828     0.004459    12.335911    14.750166
 240    8.6748     0.038114     0.027818    28.027215    26.420035
 241    8.6862     0.011388     0.008967     4.812860     7.816593
 242    8.6920     0.005387     0.007723    24.053961    27.278374
 243    8.6994     0.044118     0.025488   -15.214888   -14.172181
 244    8.7098     0.026225     0.015907   -23.236794    -4.702222
 245    8.7194     0.006089     0.000865     8.349911     0.099902
 246    8.7250     0.008145     0.011442    15.708081    -7.342220
 247    8.7437     0.003490     0.006810     9.897317    14.926207
 248    8.7487     0.010632     0.006204    21.178353    15.612837
 249    8.7597     0.031913     0.026019   -11.499026    -9.536190
 250    8.7664     0.011038     0.012061    12.682121    13.319600
 251    8.7681     0.015431     0.009341     4.057025     5.066888
 252    8.7729     0.040566     0.018159     5.344312     0.635480
 253    8.7882     0.026710     0.010477   -15.726354    -8.004509
 254    8.7916     0.007227     0.006250    -0.720187    -7.332693
 255    8.7945     0.011528     0.008142     8.473624     1.652222
 256    8.8044     0.000762     0.005827     0.287143     3.296416
 257    8.8117     0.006413     0.006571     7.881191     8.376241
 258    8.8200     0.008585     0.005151     0.869481     4.232186
 259    8.8295     0.002381     0.007652    -7.065625   -33.570996
 260    8.8418     0.071106     0.035392    21.944849    19.062838
 261    8.8469     0.041963     0.032197    -2.586935    -0.795579
 262    8.8511     0.000928     0.001578    -1.141527    -3.183045
 263    8.8606     0.009669     0.014388    12.862608    30.662384
 264    8.8626     0.013896     0.016374     5.483055     6.305538
 265    8.8657     0.006723     0.006369     2.251186     0.780628
 266    8.8772     0.014985     0.008510   -18.555618    -9.853853
 267    8.8790     0.008870     0.015363    -1.044578   -10.567596
 268    8.8879     0.000261     0.000758     0.106424     3.032102
 269    8.8979     0.041151     0.034129   -21.967522   -18.608146
 270    8.9000     0.004841     0.001429    -3.855823    -2.918744
 271    8.9072     0.003408     0.000592     6.576916     1.350415
 272    8.9107     0.021420     0.020607    14.967368    20.575431
 273    8.9148     0.027206     0.011481    15.549084    11.735488
 274    8.9181     0.023755     0.021508    28.122664    27.948482
 275    8.9236     0.006370     0.012372    17.044567     8.617580
 276    8.9279     0.002293     0.004060    -4.052681    -0.911266
 277    8.9368     0.004779     0.002736     8.488148     9.201673
 278    8.9493     0.003701     0.002946    10.443568    10.653706
 279    8.9561     0.003210     0.004573    -4.396817     0.454321
 280    8.9704     0.014592     0.003229   -22.966231    -8.975626
 281    8.9769     0.010727     0.006312   -12.652068   -13.877536
 282    8.9785     0.020492     0.013166    -1.949704    -1.587510
 283    8.9868     0.009476     0.007724    -5.827931    -3.123659
 284    8.9944     0.006527     0.006435    -6.379474    -5.571852
 285    9.0011     0.006876     0.003199    20.675446     6.512230
 286    9.0035     0.018505     0.010809   -19.725725   -15.298293
 287    9.0085     0.001551     0.001237    -5.388372    -1.530477
 288    9.0158     0.019982     0.009639    -3.729837    -1.624122
 289    9.0176     0.005475     0.005099    -0.094871     5.141106
 290    9.0263     0.022314     0.009483    18.293768    11.078815
 291    9.0324     0.005672     0.004584   -12.484987    -8.721595
 292    9.0335     0.004141     0.004419     2.033353     1.750501
 293    9.0462     0.006995     0.004939   -17.275022   -24.134669
 294    9.0514     0.014171     0.014363    -2.038734     1.103008
 295    9.0532     0.009159     0.006814     7.458920    14.361552
 296    9.0585     0.081757     0.052688    16.872510    13.891831
 297    9.0699     0.016738     0.014116    -4.830349    -6.023553
 298    9.0770     0.002860     0.003041     9.199529     3.862348
 299    9.0881     0.004877     0.002992    10.424510     1.409919
 300    9.0905     0.004684     0.008860     5.374377   -10.903834
 301    9.0930     0.026062     0.022474    17.344134    19.030790
 302    9.1017     0.002526     0.001733     1.197480     1.031210
 303    9.1127     0.006963     0.007874    11.582329    22.474421
 304    9.1225     0.001683     0.002760    10.758923     9.621648
 305    9.1273     0.052408     0.028472   -52.605041   -30.829873
 306    9.1321     0.009067     0.007208     4.495640    -2.681216
 307    9.1389     0.044663     0.045455    39.142914    53.726656
 308    9.1447     0.000833     0.002576     2.404959     2.706693
 309    9.1577     0.003918     0.005370    14.195000    -2.433230
 310    9.1627     0.005263     0.001966    -9.650281    -5.251970
 311    9.1649     0.003232     0.003602     4.537180     2.045846
 312    9.1729     0.006393     0.005909    -6.069491    -6.783178
 313    9.1785     0.035116     0.026287   -44.811396   -38.432826
 314    9.1813     0.002515     0.003189     5.171033     3.052274
 315    9.1868     0.032443     0.020509   -36.786053   -35.832589
 316    9.1974     0.006781     0.004701     4.622811     1.508878
 317    9.2065     0.004300     0.002886     6.963090     4.813944
 318    9.2124     0.001140     0.000175     0.827273     0.196593
 319    9.2188     0.012450     0.002278    20.216041    -0.360133
 320    9.2265     0.004005     0.004076     7.081391     5.601758
 321    9.2337     0.003005     0.008485     3.451665    -3.299195
 322    9.2411     0.008704     0.004264   -13.699789    -3.010433
 323    9.2460     0.021378     0.015142   -15.560766   -10.069658
 324    9.2542     0.010140     0.012274    15.556899    18.370739
 325    9.2576     0.003908     0.002599    13.133774    13.589691
 326    9.2631     0.004226     0.001809    -3.675627    -1.257743
 327    9.2660     0.002369     0.001272     7.524476    -0.040126
 328    9.2796     0.007149     0.004748     0.549498     3.738325
 329    9.2891     0.015557     0.008338   -12.114058   -10.825120
 330    9.2921     0.002826     0.012786     1.243070     3.867611
 331    9.2995     0.005471     0.002341    -3.076688    -3.767014
 332    9.3010     0.002257     0.002321    -3.541655     1.674264
 333    9.3182     0.002865     0.003163    -5.743616     0.306977
 334    9.3209     0.001666     0.001557    -2.805623    -1.753498
 335    9.3313     0.008606     0.008589     9.117987    10.850104
 336    9.3340     0.008405     0.007836    11.438263    11.457733
 337    9.3413     0.003049     0.003301    -1.937254    -1.870030
 338    9.3513     0.002690     0.001134     6.738842     3.853390
 339    9.3529     0.003499     0.001052     7.895758     4.709251
 340    9.3606     0.003225     0.003409     4.948852     2.351764
 341    9.3728     0.001875     0.001925    -5.184979    -5.373469
 342    9.3776     0.003806     0.004913     7.006882     6.793120
 343    9.3824     0.001439     0.000471     6.993453     3.328992
 344    9.3871     0.002370     0.002123     3.108893     3.075126
 345    9.3918     0.003488     0.006246     0.158250    -3.064100
 346    9.3988     0.007647     0.007324    13.758061    -2.613972
 347    9.4035     0.004516     0.013227     2.419882    10.680529
 348    9.4089     0.005640     0.009099    -1.541200    -4.826394
 349    9.4108     0.001089     0.002313    -0.948236    -0.124001
 350    9.4192     0.000281     0.001825    -0.645324    -0.408182
 351    9.4235     0.013761     0.003120    -9.862249    -2.180604
 352    9.4277     0.002195     0.003896    -6.461343     1.857438
 353    9.4334     0.007675     0.002787    -5.813943    -0.403731
 354    9.4391     0.001632     0.000250    -1.166100     0.337261
 355    9.4461     0.002966     0.001681     0.355797     0.302819
 356    9.4498     0.002223     0.000499     4.551642     2.445774
 357    9.4550     0.005964     0.002046     6.587547     2.378220
 358    9.4689     0.003180     0.008839    -4.562860     3.161716
 359    9.4738     0.025250     0.020268    13.395422    11.300765
 360    9.4768     0.011950     0.007565     7.385917     2.217170
 361    9.4850     0.003813     0.001688     2.343188    -6.213894
 362    9.4909     0.005836     0.003947    -9.312897    -9.319185
 363    9.4971     0.002358     0.001442    -2.776828    -1.288787
 364    9.4993     0.010820     0.003622   -16.192434   -10.869012
 365    9.5062     0.002780     0.001366     3.882899    -2.605491
 366    9.5140     0.004525     0.003059    -7.972283    -0.297306
 367    9.5184     0.013567     0.007223     3.672615    -3.419141
 368    9.5295     0.002714     0.000420    -4.326362    -1.943212
 369    9.5304     0.009244     0.012085    -1.620988   -11.883445
 370    9.5357     0.003245     0.008503    -7.003717    -2.204117
 371    9.5441     0.003267     0.001891    -4.311672    -1.155648
 372    9.5451     0.002189     0.005273     0.012246     6.446479
 373    9.5494     0.004814     0.005284     4.153298     6.897645
 374    9.5531     0.002438     0.000604    -2.633099    -1.696387
 375    9.5599     0.002818     0.001853    -2.641339    -2.319067
 376    9.5629     0.002134     0.000827     4.586497     4.680106
 377    9.5656     0.011547     0.005066    -2.223185    -0.924746
 378    9.5795     0.008744     0.013055    -6.860145    -4.535973
 379    9.5814     0.004117     0.003613    -4.800585    -4.371919
 380    9.5866     0.008636     0.001433     1.774649     0.299003
 381    9.5883     0.004435     0.001532     0.513061     0.882079
 382    9.5959     0.002528     0.002521    11.024825    -6.196626
 383    9.6002     0.001519     0.002486     7.772273     9.924509
 384    9.6036     0.001887     0.003537    -0.191712     1.502908
 385    9.6119     0.001529     0.002764     2.800757     2.679944
 386    9.6166     0.002028     0.001825     5.977517     3.635645
 387    9.6230     0.009181     0.005073    14.448092    11.232352
 388    9.6261     0.013516     0.012806   -11.297604   -17.282364
 389    9.6293     0.004408     0.009010    18.887326    14.711077
 390    9.6385     0.002067     0.003123     4.996984     1.272331
 391    9.6433     0.003973     0.002508    -9.063066    -6.125366
 392    9.6519     0.006113     0.009395     9.476628     4.617758
 393    9.6587     0.002658     0.003029     3.115633     4.896708
 394    9.6671     0.002788     0.002652    -3.430499    -3.280266
 395    9.6731     0.009194     0.003958   -21.971242   -12.455238
 396    9.6763     0.017044     0.011415     3.872185     1.131145
 397    9.6802     0.002561     0.008368     7.779150     1.257753
 398    9.6822     0.002375     0.000747    -3.185527    -3.447318
 399    9.6874     0.005716     0.016796    -0.138485     6.572303
 400    9.6900     0.003076     0.001274     9.947464     5.603163
 401    9.6921     0.001586     0.002262     3.321683    13.629186
 402    9.6966     0.003080     0.001902     9.204642     7.079565
 403    9.7088     0.014795     0.005590    -5.919618    -1.603951
 404    9.7167     0.003350     0.004141     3.823407    -3.201191
 405    9.7251     0.009208     0.005901     8.439556     7.518294
 406    9.7258     0.002810     0.003144    -3.884660     3.512261
 407    9.7277     0.007412     0.001193    14.674654     5.273876
 408    9.7386     0.003873     0.004431   -12.455212   -11.456421
 409    9.7419     0.015374     0.016041    -7.191855    -8.251127
 410    9.7461     0.007739     0.006461   -24.236004   -17.770093
 411    9.7565     0.002550     0.001647     5.932119     3.974986
 412    9.7592     0.002545     0.000210     2.855785    -1.014204
 413    9.7641     0.001973     0.005247    -1.539250    -0.684534
 414    9.7678     0.008387     0.008283     3.582948     8.489735
 415    9.7756     0.001613     0.001679    -7.726300     0.278678
 416    9.7893     0.009402     0.010323   -23.935207   -26.662064
 417    9.7953     0.004049     0.006700   -13.687017   -16.575013
 418    9.7974     0.000804     0.006589     2.633183     4.090440
 419    9.8036     0.002454     0.008654     4.792510     1.395697
 420    9.8095     0.000881     0.002345    -1.010096     6.528767
 421    9.8163     0.002502     0.012847     4.281245    10.842557
 422    9.8166     0.002406     0.011816     2.425892     6.946096
 423    9.8235     0.000224     0.002875     1.598471     3.486577
 424    9.8256     0.004639     0.003553    -7.727163    -3.944875
 425    9.8373     0.011130     0.004405    -1.578362    -1.616476
 426    9.8392     0.000796     0.000164     5.269330     0.818345
 427    9.8437     0.003136     0.003218    -6.494207    -5.116109
 428    9.8494     0.000539     0.003510    -1.428752    -7.071661
 429    9.8519     0.005439     0.002741     8.684720     8.139092
 430    9.8566     0.003534     0.009156    -9.687548     3.698277
 431    9.8596     0.005266     0.005611    -7.958463    -8.823593
 432    9.8649     0.000836     0.004829    -1.048388    -7.150562
 433    9.8725     0.003657     0.001076    11.695747    -3.049114
 434    9.8732     0.009830     0.008456   -13.050287    -4.224831
 435    9.8801     0.001854     0.008737     4.708449     8.833857
 436    9.8859     0.000614     0.003008    -1.425028    -2.572128
 437    9.8895     0.001130     0.002295    -1.981433    -1.066177
 438    9.8963     0.003997     0.013676    -4.716793   -13.683873
 439    9.8979     0.015780     0.011754    35.264419    20.718347
 440    9.9065     0.003735     0.003797     4.564757     3.522327
 441    9.9072     0.000403     0.001559     0.180895     0.484636
 442    9.9139     0.004869     0.007346    -2.171176     4.388587
 443    9.9246     0.001059     0.002269     1.574662     1.891666
 444    9.9279     0.002425     0.004471     2.684208     4.013887
 445    9.9330     0.004171     0.005233    -3.469952    -7.699394
 446    9.9451     0.000760     0.003694    -3.288086    -3.277623
 447    9.9478     0.003657     0.004346    -1.785300     0.219033
 448    9.9581     0.000612     0.001940    -5.784795     1.827782
 449    9.9624     0.000945     0.000956     5.096539     2.095829
 450    9.9666     0.001864     0.010464     6.088334    14.773248
 451    9.9698     0.000570     0.004966    -5.904448    -4.575289
 452    9.9785     0.020675     0.013689   -33.768734   -19.534157
 453    9.9825     0.004281     0.005209    13.298706    -1.628018
 454    9.9829     0.015639     0.009590   -18.524519   -12.681374
 455    9.9897     0.012908     0.015755    -5.845269   -16.896167
 456    9.9967     0.010297     0.001816   -22.429749    -9.111116
