$coord
          8.092631056375          6.359710519309          1.139174599126     c 
          9.066836375800          4.076161142333          2.630649060143     c 
          7.983639335688          4.091482827530          5.317520569876     c 
         11.924106232106          4.018551937192          2.672559504089     c 
         13.578318209809          5.767463738280          3.667942121910     c 
         16.158169623566          5.317592897952          3.489769057825     c 
         17.063240728719          3.150048471627          2.328974380096     c 
         15.413330409803          1.382115811305          1.324322700543     c 
         12.838478967217          1.824768312521          1.501415148068     c 
         10.698739046913          0.330114323646          0.641562177367     c 
         10.637824381466         -1.990359417285         -0.556004698208     c 
          8.280342527319         -2.984087133218         -1.143060499212     c 
          7.496866930964         -5.324876109754         -2.283170035605     c 
          8.806684288874         -7.363409930458         -3.289928377329     c 
          7.445647507371         -9.345550381771         -4.307701914825     c 
          4.815370022085         -9.298763483692         -4.354498823574     c 
          3.470054748070         -7.288167964988         -3.363816382935     c 
          4.829406150416         -5.317899613670         -2.300055948040     c 
          3.971418806770         -3.068365635180         -1.260745817986     n 
          1.455052737323         -2.373516999279         -0.997777792571     c 
         -0.265168371665         -4.004362129629          0.159570165686     c 
         -2.760066763252         -3.320107984001          0.452341444497     c 
         -3.621064609187         -0.975962109783         -0.406226500959     c 
         -6.273847619307         -0.253876840045         -0.094999294897     c 
         -7.011760709280          1.946768784139         -1.054759810140     n 
         -9.448785872077          2.509737063833         -0.761199856714     c 
        -10.366416346924          4.895011770085         -1.809810705618     c 
         -8.724776461473          6.493199283143         -3.113023010566     c 
         -9.602105242539          8.741017553427         -4.109835968899     c 
        -12.117556874057          9.415290907811         -3.817312232403     c 
        -13.759146149193          7.835388591853         -2.521930033978     c 
        -12.893599720262          5.585493227279         -1.519945826326     c 
        -11.094970126347          1.024808307442          0.424785420652     n 
        -10.186466851783         -1.129528168204          1.348279375790     c 
        -11.923650981747         -2.811253052794          2.684510611355     c 
        -11.017213924248         -4.979569639726          3.877814221139     c 
        -12.663708170206         -6.565449278738          5.138664150925     c 
        -15.223081696329         -6.007635663758          5.218962670334     c 
        -16.136142213784         -3.854761414000          4.035807185052     c 
        -14.498923182234         -2.258572565309          2.775623778614     c 
         -7.783824631441         -1.849617055932          1.121929377506     n 
         -1.939470842026          0.657945553503         -1.586941562992     c 
          0.580893395752         -0.024079248761         -1.899058707432     c 
          2.184262827019          1.613183321384         -3.270775087893     c 
          3.403352382165          2.946710717150         -4.469651547446     n 
          6.050935808778         -1.638120946179         -0.550313383018     c 
          6.112616506160          0.664276274264          0.712435442497     c 
          8.460595592130          1.628692930028          1.283202799497     c 
          8.851149086984          6.339155920130         -0.771697121394     h 
          6.041289698350          6.317073863229          1.023973038487     h 
          8.666130931912          8.105994035022          2.057732681522     h 
          5.930730122409          4.012491581565          5.259875296101     h 
          8.547534147554          5.806180656541          6.298919714456     h 
          8.677432683829          2.470143782713          6.375519419275     h 
         12.895111144387          7.464512773431          4.574466751846     h 
         17.474855962892          6.673305935437          4.263237177956     h 
         19.077859095761          2.837089841791          2.208246813170     h 
         16.124187689434         -0.304629788317          0.421412647681     h 
         12.346241814130         -3.007609551968         -1.005723910028     h 
         10.846044304173         -7.384160992051         -3.285374906900     h 
          8.428670625011        -10.949739788971         -5.098023139761     h 
          3.800292655393        -10.859942666887         -5.189254952127     h 
          1.431768561867         -7.256368817483         -3.443544547496     h 
          0.401341375343         -5.798557305190          0.864055481923     h 
         -4.084269789417         -4.571999045382          1.364095125017     h 
         -6.774277509150          5.939729872023         -3.327333396869     h 
         -8.323654922717          9.970978725550         -5.118458460065     h 
        -12.799079600624         11.172434674968         -4.599798350211     h 
        -15.717411751924          8.361981456612         -2.294579495949     h 
        -14.142504224708          4.334709974650         -0.504278310508     h 
         -9.020218725424         -5.381685205434          3.801441492281     h 
        -11.953390577983         -8.240650989028          6.062568987128     h 
        -16.506627921646         -7.251138463210          6.204145060625     h 
        -18.129393271977         -3.422283363816          4.097348805772     h 
        -15.176269598523         -0.577249593215          1.842749116346     h 
         -2.608180161916          2.454430691689         -2.282311047760     h 
          4.402001206896          1.646256817545          1.235655565989     h 
$end
