           2           1   1.65685188111804     
           3           1  0.129231357527575     
           3           2   1.65413906026251     
           4           1  7.675323568742835E-002
           4           2  0.794418629781233     
           4           3  7.687764350734384E-002
           5           1  9.475268969973321E-003
           5           2  1.453596604056524E-002
           5           3  3.861757511873331E-003
           5           4   1.40652685576418     
           6           1  2.833061521178615E-003
           6           2  1.014861057628468E-002
           6           4  2.179279357282853E-003
           6           5   1.44113455532030     
           7           1  2.036353953262604E-003
           7           2  5.467879504265088E-003
           7           4  0.105589836841680     
           7           5  2.115620457981321E-003
           7           6   1.43800328751973     
           8           2  1.025371009509652E-002
           8           3  3.333638066586706E-003
           8           4  2.118664449371196E-003
           8           5  0.110818051709716     
           8           6  2.124799601744856E-003
           8           7   1.43394788340185     
           9           1  4.980919401438616E-003
           9           2  1.448526009720735E-002
           9           3  8.510368965731662E-003
           9           4   1.40367523079023     
           9           5  2.455762059519091E-003
           9           6  0.111678231653736     
           9           7  2.116471440987710E-003
           9           8   1.44556896631135     
          10           1  7.809847026404405E-002
          10           2  0.829068459902062     
          10           3  7.871339593301244E-002
          10           4  6.304840371771438E-002
          10           5  6.840985192818059E-003
          10           7  3.049717630894062E-003
          10           9  4.997469817866033E-003
          11           1  9.015881091059103E-003
          11           2  1.270904894744708E-002
          11           3  4.162582875207337E-003
          11           4  3.293037010778002E-003
          11          10   1.31331030836259     
          12           1  3.651451138816707E-003
          12           2  1.348261158483843E-002
          12           4  2.498393838772804E-003
          12          10  2.217618349321039E-002
          12          11   1.54915512625986     
          13          10  3.743439260837390E-002
          13          11  4.122544821008932E-003
          13          12   1.21968840442250     
          14           2  6.581574221911171E-003
          14           4  2.995050367741111E-003
          14          10  4.591487670465455E-002
          14          11  2.196573369287950E-002
          14          12  3.217296424496893E-002
          14          13   1.29130594110680     
          15          11  2.204048855609622E-003
          15          12  9.611003970551231E-003
          15          13  1.303730485656303E-002
          15          14   1.15289546418977     
          16          10  1.361009308812390E-002
          16          11  2.142361028586373E-003
          16          12  9.216279346639562E-003
          16          13  2.884182067251160E-002
          16          14  2.278042400098159E-002
          16          15   1.65502524288492     
          17           2  2.198130721491289E-003
          17          10  1.055488230556293E-002
          17          11  4.103130760339599E-003
          17          12  2.938363553913797E-003
          17          13  2.518667767973376E-002
          17          14  7.807536390612373E-003
          17          15  2.798368990944777E-002
          17          16   1.17987791588084     
          18          10  1.521663134519584E-002
          18          11  3.052401772715835E-003
          18          12  1.044472460945906E-002
          18          13  3.003879660359415E-002
          18          14  2.562294722210544E-002
          18          15  3.509009364065018E-002
          18          16  9.704785948295542E-003
          18          17   1.11934342099836     
          19          11  2.208311845512733E-003
          19          12  1.199769634416733E-002
          19          13  1.164447462426121E-002
          19          14   1.16586529571733     
          19          15  1.086752938522151E-002
          19          16  3.997700448979229E-002
          19          17  2.280507745030416E-002
          19          18   1.63272791019844     
          20          14  1.493151143964113E-002
          20          16  8.042584707050849E-003
          20          17  5.224914556227909E-003
          20          18  0.959539058772106     
          20          19  5.128217727287430E-003
          21          17  7.372843443266861E-003
          21          18  8.038476684808742E-003
          21          19  1.083677046403634E-002
          21          20  0.964415745206292     
          22          18  7.044721715545086E-003
          22          20  5.467615512264172E-003
          22          21   1.43911934732591     
          23          20  1.280397117189020E-002
          23          21  2.266888587744881E-003
          23          22   1.42317461636212     
          24          18  3.496651039140744E-003
          24          21  0.101873851261913     
          24          22  2.436795208062628E-003
          24          23   1.43624635114629     
          25          20  8.814429842886915E-003
          25          21  2.723083278161012E-003
          25          22  0.103563983395828     
          25          23  2.324596047290793E-003
          25          24   1.44127509929173     
          26          18  9.608861147771590E-003
          26          20  5.684980467502685E-003
          26          21   1.32040563928843     
          26          22  2.875498723450098E-003
          26          23  9.871660615798333E-002
          26          24  2.152305922049739E-003
          26          25   1.39286795105087     
          27          18  9.593027149001452E-003
          27          20  5.721041516874421E-003
          27          21  5.330601369136595E-003
          27          22  8.936503676580596E-003
          27          24  1.336777714885127E-002
          27          25  4.757469050610882E-003
          27          26   1.07542902766836     
          28          20  8.817923279428231E-003
          28          21  2.363413318798037E-002
          28          23  1.114061846066724E-002
          28          25  1.881559637825931E-002
          28          26  4.755097237310679E-003
          28          27   1.39249136611171     
          29          18  3.490955324177907E-003
          29          26  1.335853534123686E-002
          29          27  2.155967860497269E-003
          29          28   1.44147123246474     
          30          20  1.278106698802585E-002
          30          21  9.898210239862074E-003
          30          23  8.319029311627134E-003
          30          25  1.116076226286128E-002
          30          27  9.879056748025050E-002
          30          28  2.322729811976676E-003
          30          29   1.43638198116284     
          31          18  6.991375628375401E-003
          31          20  5.515184356918147E-003
          31          21  6.614929945973109E-003
          31          26  8.950731045494842E-003
          31          27  2.893854578761836E-003
          31          28  0.103610484991856     
          31          29  2.448077709390913E-003
          31          30   1.42293536364140     
          32          15  2.003238797724355E-003
          32          17  7.415468183681943E-003
          32          18  8.310993971312745E-003
          32          19  1.150965321840924E-002
          32          20  0.961012498838456     
          32          21  1.489207616030408E-002
          32          22  6.632109888400695E-003
          32          23  9.907092898756893E-003
          32          25  2.367287797452545E-002
          32          26  5.370760124093910E-003
          32          27   1.32095525205530     
          32          28  2.727445263740854E-003
          32          29  0.102021364251142     
          32          30  2.283137131383763E-003
          32          31   1.43956802045496     
          33          10  8.696238678455594E-003
          33          12  4.131915916800207E-003
          33          13  1.129458977517230E-002
          33          14  3.576691527553072E-003
          33          15  1.242140502161502E-002
          33          16  1.175340853057479E-002
          33          17  3.667243560826643E-002
          33          18  5.776031266730415E-003
          33          19  1.503982422661567E-002
          33          20  0.963828099325802     
          33          21  9.021452497356581E-003
          33          22  7.281241767928661E-003
          33          24  3.650866793097362E-003
          33          26  9.771041294048287E-003
          33          27  9.712350541831562E-003
          33          29  3.583118501108765E-003
          33          31  7.189569579713481E-003
          33          32  9.311983425912782E-003
          34          14  2.241757014717035E-003
          34          17  1.488040275281705E-002
          34          18  6.674705583738717E-003
          34          19  2.333443084839863E-003
          34          20  5.515091020304207E-003
          34          21  8.284529798304786E-003
          34          32  8.854455729112157E-003
          34          33   1.50145726020145     
          35           2  2.136226976233272E-003
          35          10  1.498493894177034E-002
          35          11  2.725767237048114E-003
          35          12  7.545771099236472E-003
          35          13  1.688131438917962E-002
          35          14  8.770070253885627E-003
          35          15  1.756268370575675E-002
          35          17  4.460951917232935E-002
          35          19  1.364514995744871E-002
          35          20  1.354206812210822E-002
          35          33  2.343560584035724E-002
          35          34   1.36584449741978     
          36          10  2.290129070552322E-003
          36          14  3.530980667339581E-003
          36          15  3.101595188742786E-003
          36          17  2.319025680069517E-002
          36          19  2.102150565903446E-003
          36          21  2.636993042469095E-003
          36          32  2.762998922143990E-003
          36          33  7.184863234399048E-002
          36          34  2.669046581868984E-003
          36          35   1.36037864088509     
          37          10  8.124027839868233E-003
          37          12  3.528637480685714E-003
          37          13  1.141863253448848E-002
          37          15  1.172467032270717E-002
          37          16  3.728439132622255E-003
          37          17  3.367115588099856E-002
          37          18  1.142111023599403E-002
          37          19  9.634449895665580E-003
          37          20  8.330052319985914E-003
          37          33  1.627459883967985E-002
          37          34  7.732907042783764E-002
          37          35  2.217848320029813E-002
          37          36   1.52328469677719     
          38          10  1.426727935698839E-002
          38          12  9.173812269785662E-003
          38          13  1.424568289813575E-002
          38          14  2.167986879444756E-002
          38          15  3.434291038631193E-002
          38          16  1.110266483098876E-002
          38          17   1.29517251944925     
          38          18  1.338845981577129E-002
          38          19  2.405264908585197E-002
          38          20  4.846810400949459E-003
          38          21  7.530386718429055E-003
          38          32  7.368882393705317E-003
          38          33   1.18098897356503     
          38          34  3.421361232395608E-003
          38          35  4.141218936210646E-002
          38          36  3.353667013924420E-003
          38          37   1.24209299240357     
          39           2  1.334249683932117E-002
          39           3  3.540302840734168E-003
          39           4  2.833447371700412E-003
          39          10  2.277780583664607E-002
          39          11  7.055825688777895E-002
          39          12  1.568952483040906E-002
          39          13   1.22024680531698     
          39          14  3.305645263759852E-002
          39          15  1.104579545628999E-002
          39          16  9.608772545224853E-003
          39          17  3.087702579241154E-003
          39          18  1.070877540707033E-002
          39          19  1.021068688931713E-002
          39          33  4.267726057315827E-003
          39          35  7.806150685903806E-003
          39          37  3.671484841118457E-003
          39          38  9.423585184781084E-003
          40           1  3.410447234106793E-003
          40           2  1.266852087394449E-002
          40           3  9.026029883597153E-003
          40           4  5.111543789317903E-003
          40          10   1.31714962408789     
          40          11  2.633701229465792E-003
          40          12  7.038612805698102E-002
          40          13  4.088440667282941E-003
          40          14  2.174292260428371E-002
          40          15  2.328119319744351E-003
          40          16  2.903935053401616E-003
          40          17  4.029835289581731E-003
          40          18  2.206252849247785E-003
          40          35  2.680552185183462E-003
          40          39   1.54522822623472     
          41           3  9.584408153455301E-003
          41           5  0.966974210588996     
          41           7  1.071707500303238E-002
          41           9  9.819403400377770E-003
          42           4  1.027540009900516E-002
          42           6  0.972100293812508     
          42           8  1.062498294543548E-002
          43           5  1.053090809663188E-002
          43           7  0.973068032206134     
          43           9  1.048904334099692E-002
          44           4  1.031470559261628E-002
          44           6  1.058092147504903E-002
          44           8  0.972216602778475     
          45           1  4.430989415226206E-003
          45           5  9.894150244192887E-003
          45           7  1.072268787301706E-002
          45           9  0.967749845686406     
          46           3  4.338215374276340E-003
          46          11  0.966529901813297     
          46          13  1.194044408317681E-002
          46          40  9.676243492939102E-003
          47          10  1.112084148633166E-002
          47          12  0.964957116355387     
          47          39  9.107675928503322E-003
          48          15  0.964733274747690     
          48          17  1.233226244396362E-002
          48          19  8.700346375036624E-003
          48          47  2.264296821255912E-003
          49          14  1.290113378123482E-002
          49          16  0.967285413010249     
          49          18  1.017100292855585E-002
          50          15  8.926525714557210E-003
          50          17  1.302802217334124E-002
          50          19  0.959756868021696     
          51          22  0.968198974721874     
          51          24  1.051542564044230E-002
          51          26  1.102676059857167E-002
          52          21  1.007629909845428E-002
          52          23  0.972911081204469     
          52          25  1.057067959533284E-002
          53          22  1.059708682322875E-002
          53          24  0.972740431886872     
          53          26  1.029283957189814E-002
          54          21  1.086996059193741E-002
          54          23  1.058252583310509E-002
          54          25  0.968729927552382     
          55          28  0.968717162539416     
          55          30  1.058259195386150E-002
          55          32  1.085703606481895E-002
          56          27  1.029154471027689E-002
          56          29  0.972739148792569     
          56          31  1.059441594027987E-002
          57          28  1.056969672178285E-002
          57          30  0.972914266739519     
          57          32  1.007285840859477E-002
          58          27  1.101765966309394E-002
          58          29  1.051501329839448E-002
          58          31  0.968161738800923     
          59          34  0.967395416566627     
          59          36  1.037517848167776E-002
          59          38  1.200972521519085E-002
          60          33  9.566086387383751E-003
          60          35  0.974306882396645     
          60          37  9.922734112846405E-003
          61          34  1.034494344219894E-002
          61          36  0.972060843403048     
          61          38  1.136897373241882E-002
          62          33  1.035076767097251E-002
          62          35  1.131016192486018E-002
          62          37  0.969142863578894     
          63          10  1.108327484869858E-002
          63          12  9.108322446859827E-003
          63          39  0.965067669207137     
          63          50  2.008838191325699E-003
          64           1  8.820925937826107E-003
          64          11  9.638944858513311E-003
          64          13  1.194250805598185E-002
          64          40  0.965898156517030     
