 NM
 UV
 MMASS
   491.547800000000     
 LFAKTOR
  0.5
 RFAKTOR
  1.0
 WIDTH
  0.20
 SHIFT
  0.00
 DATXY
   1    3.0021     0.069865     0.029930    34.050489    43.919888
   2    3.1016     0.017434     0.009843   -30.899852   -18.000877
   3    3.1924     0.211112     0.109965   -41.194000   -37.309743
   4    3.5237     0.312055     0.209823    -5.996281     0.328722
   5    3.8137     0.168569     0.102325  -149.026754  -137.155230
   6    3.8688     0.003840     0.005876     5.727089    13.940502
   7    3.9242     0.079221     0.043522   116.359319   103.719698
   8    4.0506     0.122638     0.069619    18.582661    -6.175694
   9    4.2236     0.024505     0.018534    20.112546     2.003186
  10    4.3829     0.123521     0.049504    -3.408691    18.222749
  11    4.5639     0.007776     0.073711    12.336460    42.844929
  12    4.6177     0.000821     0.002215     1.240047     4.602585
  13    4.6993     0.089910     0.047682    81.223895    59.311309
  14    4.7423     0.247851     0.172157   -21.488585   -26.194332
  15    4.9010     0.092894     0.043061    20.239285    -6.612804
  16    4.9318     0.035693     0.019626   -15.824193   -11.799862
  17    4.9491     0.012986     0.012831    -7.907373     0.927034
  18    4.9800     0.044176     0.014451    -0.224998    -1.768651
  19    5.0409     0.071446     0.037424   -19.370901    -1.927991
  20    5.0952     0.016448     0.013734   -15.323568   -18.950565
  21    5.3695     0.013705     0.011173    -4.854461    -1.077299
  22    5.3884     0.003130     0.000688    -9.909197    -3.851752
  23    5.4392     0.049320     0.028412    -7.960130     2.257324
  24    5.4877     0.059460     0.026814    11.792579    23.589083
  25    5.5323     0.138117     0.061864  -269.485407  -196.711506
  26    5.5742     0.161468     0.090405   -66.989855   -59.867960
  27    5.6036     0.088608     0.035745    -2.252058    -6.759161
  28    5.6726     0.021017     0.014727    12.466527     9.649407
  29    5.6854     0.178411     0.072705   136.650419    94.126759
  30    5.7332     0.056285     0.021703   -22.750576    -7.087588
  31    5.7504     0.261419     0.143661   -35.894509   -37.818456
  32    5.8631     0.005363     0.000832   -13.083219     3.636022
  33    5.8703     0.029112     0.019005   -27.836856   -22.980635
  34    5.8940     0.083402     0.056899   -40.877508   -32.015404
  35    5.9200     0.014710     0.010563    -6.017848    -5.496651
  36    5.9360     0.031856     0.004165    87.760072    27.294400
  37    6.0095     0.016981     0.039233   -11.234053     9.942157
  38    6.0621     0.012282     0.012371     2.240336     5.259536
  39    6.1037     0.065812     0.031328    -4.926564   -16.408941
  40    6.1549     0.091227     0.055120   -40.109544   -23.562437
  41    6.1589     0.165801     0.093553   -17.764504   -14.205062
  42    6.1926     0.054961     0.028869    14.288008    14.467326
  43    6.2090     0.044939     0.033265   -26.835075   -17.340808
  44    6.2512     0.402655     0.214122   347.396407   243.070339
  45    6.3410     0.108032     0.045944    58.081257    46.019309
  46    6.3818     0.197937     0.131645   -41.177452   -27.987477
  47    6.4035     0.447927     0.256254    70.732920    50.075412
  48    6.4573     0.109313     0.044277   -56.695825   -45.382818
  49    6.4777     0.002859     0.001423    25.436453    12.404046
  50    6.5000     0.035098     0.010389    -0.410633     7.857331
  51    6.5572     0.060400     0.023386    54.541434    31.241146
  52    6.5673     0.010438     0.003758   -30.426592   -13.305077
  53    6.5896     0.103480     0.053264    38.657145    39.449900
  54    6.6151     0.010553     0.001910    -1.362224     0.990197
  55    6.6284     0.025292     0.021208    -2.556905    25.931641
  56    6.6482     0.050449     0.022003    64.251119    18.980122
  57    6.6926     0.000342     0.003305    -0.339708     6.783356
  58    6.7006     0.028905     0.026089   -33.292763   -31.359718
  59    6.7138     0.015548     0.008559   -61.488379   -44.820270
  60    6.7350     0.070756     0.020080    -9.975107    -9.464762
  61    6.7590     0.178888     0.105892   -73.894190   -55.255675
  62    6.7761     0.057758     0.031750    22.764325    10.135221
  63    6.7928     0.024749     0.022849    -9.766033    14.249367
  64    6.7956     0.006248     0.028946     3.834212    13.244171
  65    6.8325     0.002835     0.005634    16.906748    24.125704
  66    6.8402     0.014447     0.011201   -54.524756   -29.772083
  67    6.8719     0.005847     0.009952    -9.594877   -11.490076
  68    6.8789     0.032234     0.030074    28.640057    40.410530
  69    6.8965     0.012028     0.026927    -8.931719   -22.221466
  70    6.9012     0.051208     0.038006    42.281545    49.516657
  71    6.9116     0.006886     0.010111    30.621329    35.513589
  72    6.9286     0.163631     0.114433    13.514378    -4.443864
  73    6.9394     0.040074     0.033708   -12.405288   -31.230614
  74    6.9636     0.101390     0.057734   -47.508734   -36.486314
  75    6.9906     0.028340     0.041083    64.704791    22.210436
  76    7.0107     0.050119     0.021638    11.855689    14.741207
  77    7.0268     0.298881     0.165012  -102.742228   -72.793719
  78    7.0578     0.001953     0.005019    -3.679033     8.548165
  79    7.0620     0.001662     0.036987    14.723967     5.172893
  80    7.0769     0.039073     0.016294    -6.907083    -2.780169
  81    7.0911     0.073525     0.042276   -71.281361   -71.929095
  82    7.1071     0.064325     0.043985    60.524009    52.995677
  83    7.1707     0.041090     0.025290    33.039678    22.606637
  84    7.1915     0.225101     0.127247    58.836615    56.050626
  85    7.2081     0.009099     0.022290     3.705394   -10.426924
  86    7.2375     0.032861     0.029127   -21.169299   -25.475627
  87    7.2516     0.111170     0.049329   -62.769443   -59.323358
  88    7.2649     0.019854     0.007065     1.218867     0.508618
  89    7.2811     0.094047     0.068476     1.972715     4.959046
  90    7.3042     0.031313     0.033307   -19.656092     1.463107
  91    7.3066     0.013236     0.014972   -15.515331   -15.960301
  92    7.3302     0.083683     0.045746   -24.181531   -14.382237
  93    7.3435     0.105496     0.056816   179.557944   149.408501
  94    7.3535     0.023661     0.034273     2.254897    16.694681
  95    7.3768     0.079154     0.045790    -3.739335    -7.837072
  96    7.3831     0.027271     0.018192   -15.683231     3.114116
  97    7.3907     0.052169     0.021572   -52.185700   -29.239948
  98    7.4044     0.004890     0.006408   -10.692762   -12.747669
  99    7.4158     0.094080     0.107292   -12.241191   -10.948053
 100    7.4236     0.030129     0.032190    -8.340467   -28.105574
 101    7.4332     0.009651     0.008122    19.925006    17.416062
 102    7.4488     0.019485     0.013628    26.437443    19.182522
 103    7.4613     0.005624     0.009387    13.319875    15.447500
 104    7.4691     0.034829     0.016824   -47.134817    -1.576953
 105    7.4845     0.036725     0.042829    58.152969    53.412237
 106    7.4887     0.076678     0.043292   -37.604950   -31.336669
 107    7.5052     0.171048     0.116692  -113.690328   -69.212501
 108    7.5118     0.065539     0.030270    51.169856    32.452885
 109    7.5254     0.122649     0.111289   -16.430196   -25.824245
 110    7.5343     0.081544     0.072607    75.570735    62.328717
 111    7.5462     0.042959     0.018231   -41.760214   -67.072293
 112    7.5773     0.048425     0.019658   -63.897981   -46.190649
 113    7.5909     0.018476     0.022127   -10.555743   -40.089959
 114    7.5937     0.091073     0.084589    75.688495    71.783539
 115    7.6046     0.134343     0.078317  -108.476917   -80.078740
 116    7.6201     0.014151     0.046747    31.827775   -37.551262
 117    7.6323     0.024707     0.051823    23.832200    57.531143
 118    7.6405     0.045178     0.037894    65.693388     7.228187
 119    7.6580     0.032791     0.040072    31.737405    31.424252
 120    7.6716     0.062580     0.055079     4.625757   -11.355105
 121    7.6835     0.019495     0.008783   104.166189    37.496597
 122    7.7110     0.069815     0.065116    38.072524    35.941276
 123    7.7162     0.036413     0.020419   -81.744040   -49.552299
 124    7.7264     0.022283     0.018755   -22.884662   -28.118357
 125    7.7444     0.017001     0.012773   -79.929523   -62.409191
 126    7.7631     0.002455     0.004662    -5.018526    -3.296192
 127    7.7675     0.015625     0.053229    22.481569    37.639243
 128    7.8135     0.018597     0.035148    50.470659    72.307478
 129    7.8259     0.014821     0.000352    32.809644     5.840800
 130    7.8294     0.003998     0.010132    25.044389    33.503682
 131    7.8413     0.022523     0.017206   -14.356917   -12.574477
 132    7.8612     0.038300     0.018024    56.452128    26.779589
 133    7.8919     0.002704     0.004407    12.183152     9.197500
 134    7.9067     0.001139     0.013378    -5.938266   -18.865760
 135    7.9243     0.014927     0.015448    -8.563699   -11.139227
 136    7.9283     0.010956     0.017706     6.492385    -3.871867
 137    7.9488     0.006798     0.007325     2.741572    -4.368289
 138    7.9628     0.001832     0.001064    -3.827538     3.414777
 139    7.9720     0.018829     0.052499    -3.097955    -7.401083
 140    7.9913     0.051215     0.074119   -40.567965   -63.741462
 141    8.0016     0.003732     0.005956   -17.853704    -8.327178
 142    8.0060     0.025855     0.026161   -14.787192   -24.044940
 143    8.0097     0.004351     0.010292    17.854430    18.292615
 144    8.0227     0.010451     0.006944    11.058444    -0.090712
 145    8.0313     0.018145     0.014105   -25.788898   -25.528647
 146    8.0495     0.004703     0.007440    24.443196    30.384000
 147    8.0686     0.008496     0.002653    -7.946369   -13.324384
 148    8.0854     0.001444     0.007587     1.078799    -3.935001
 149    8.1004     0.017301     0.008702   -21.242661    -6.477854
 150    8.1217     0.011247     0.032447   -47.593374   -91.395532
 151    8.1227     0.016060     0.023908    -8.895169   -32.482127
 152    8.1326     0.004758     0.007295     7.546931    11.795648
 153    8.1464     0.016681     0.010495    -2.048629     1.843263
 154    8.1480     0.003971     0.002875    -5.383885     0.830961
 155    8.1631     0.009055     0.024614     0.665848    35.998960
 156    8.1666     0.006903     0.008468    23.193772    17.450592
 157    8.1868     0.001773     0.013165     2.012584    -1.212235
 158    8.1952     0.006527     0.035467     2.547840    51.135186
 159    8.2019     0.006155     0.004568     8.482760     9.697994
 160    8.2084     0.006099     0.005612     9.608253    14.873342
 161    8.2291     0.025527     0.041848    -2.322852    -0.080890
 162    8.2362     0.007632     0.006818    12.662490   -15.299354
 163    8.2507     0.003796     0.005036   -15.300942     5.047814
 164    8.2600     0.016555     0.035339     2.993025    -6.091020
 165    8.2875     0.027984     0.019651   -41.288149   -28.831556
 166    8.2946     0.001536     0.003804     0.708430     2.697870
 167    8.3162     0.009032     0.005111    -2.494588    -2.716234
 168    8.3228     0.003626     0.015966     8.111900    11.654163
 169    8.3367     0.006851     0.006708     0.915779     3.925803
 170    8.3437     0.017374     0.022265    -0.103259    -1.145313
 171    8.3513     0.002915     0.004210    -2.470898    -3.386718
 172    8.3663     0.001562     0.010407    -1.905269    -6.567302
 173    8.3803     0.010350     0.014346     0.802416    -1.370621
 174    8.3840     0.014661     0.008529    16.836396    12.582872
 175    8.4031     0.024934     0.021874     8.647213    11.553382
 176    8.4163     0.003991     0.003920     4.692706     7.762314
 177    8.4227     0.007774     0.006735   -11.941546   -16.110538
 178    8.4464     0.004230     0.002596     4.738298     1.248693
 179    8.4670     0.022541     0.008174    -5.887444    -2.055782
 180    8.4810     0.008737     0.005969     7.262264     4.479104
 181    8.4818     0.003418     0.003602   -13.486759   -11.493650
 182    8.5150     0.006326     0.007855    -0.668238    -0.520917
 183    8.5214     0.005105     0.004952    -1.031459     4.213504
 184    8.5316     0.005358     0.005089     2.293290   -12.400172
 185    8.5444     0.009122     0.024226    22.065877    23.366963
 186    8.5501     0.006291     0.003439    -4.244452    -1.670732
 187    8.5590     0.023168     0.009771   -33.387901    -9.268714
 188    8.5620     0.012872     0.005345    -1.231043     2.341939
 189    8.5695     0.003090     0.006463    -0.945528     2.272170
 190    8.5827     0.002760     0.000869    -1.610940    -0.827551
 191    8.5972     0.012582     0.004924   -10.124018    -6.791464
 192    8.6074     0.006111     0.003210   -14.286322    -2.361571
 193    8.6245     0.008881     0.004731    -4.504465   -10.488602
 194    8.6380     0.002503     0.003008     2.686807     5.817900
 195    8.6463     0.028804     0.011965    -2.613847     4.244976
 196    8.6594     0.010540     0.007652    -0.222939    -1.249484
 197    8.6861     0.006600     0.019551    15.735883    12.029194
 198    8.6898     0.014936     0.006731    -4.466974    -2.439343
 199    8.6974     0.007710     0.007029     0.922093     6.933957
 200    8.7132     0.008321     0.006512    20.010760    19.313863
 201    8.7179     0.023231     0.021611    16.415784    11.225643
 202    8.7197     0.012543     0.015048    -8.999451   -16.397227
 203    8.7296     0.026639     0.029571   -20.579385   -29.233569
 204    8.7508     0.016498     0.012640   -10.169995    -1.446878
 205    8.7513     0.021909     0.013867   -38.543019   -25.668969
 206    8.7725     0.002018     0.014758    -4.289053    17.749683
 207    8.7786     0.011357     0.010388    11.645983    11.245293
 208    8.7816     0.009138     0.003345    -2.533870     0.572745
 209    8.8036     0.003604     0.003147    -0.429736     1.174622
 210    8.8181     0.002550     0.011328     8.453876    19.375839
 211    8.8285     0.030367     0.023485   -12.559453    -2.068875
 212    8.8377     0.021782     0.015746    54.172946    41.339537
 213    8.8518     0.009731     0.005812    -4.623371    12.697938
 214    8.8685     0.008279     0.013660     0.140349    12.491836
 215    8.8844     0.015263     0.009099    13.461110    -4.259410
 216    8.8882     0.002356     0.006394    -1.437588   -22.170236
 217    8.9026     0.015460     0.013269    11.091974     5.479979
 218    8.9075     0.002340     0.002591    10.029224     9.321459
 219    8.9179     0.006160     0.009244    -9.253721    -7.368400
 220    8.9219     0.020124     0.014858    12.077367    12.495398
 221    8.9325     0.001796     0.008354     2.162445    -3.866352
 222    8.9375     0.037401     0.017793   -24.902451   -13.327852
 223    8.9563     0.002299     0.007761     0.310141    -4.907082
 224    8.9608     0.019405     0.010161    18.924114    10.305675
 225    8.9808     0.004879     0.010580   -15.958008   -23.038603
 226    8.9906     0.000989     0.001323     5.776697     8.828421
 227    8.9992     0.037260     0.018290   -12.715686    -6.943204
 228    9.0101     0.008791     0.012200   -14.148872    -3.236725
 229    9.0154     0.039109     0.027029    34.518672    24.690614
 230    9.0244     0.019099     0.002795   -31.316883   -12.873208
 231    9.0307     0.004548     0.003772    11.933720    -5.802223
 232    9.0389     0.005173     0.006975     3.180825    -0.533043
 233    9.0414     0.009118     0.017980    -7.812902     0.499869
 234    9.0486     0.001910     0.005917     7.745839     9.593800
 235    9.0595     0.017043     0.016567   -25.908380   -23.434387
 236    9.0748     0.007493     0.017765    -8.910204    10.044306
 237    9.0830     0.002845     0.002381    -7.568379    -6.388302
 238    9.0849     0.015143     0.014761     8.892783     7.332793
 239    9.1008     0.006863     0.003915     4.537562     2.688018
 240    9.1050     0.002168     0.001772    -1.627016    -1.499106
 241    9.1099     0.007541     0.003101     9.823839     1.864611
 242    9.1185     0.000528     0.001338     1.567037    -3.807013
 243    9.1320     0.018828     0.014757   -16.350608   -14.149097
 244    9.1367     0.035566     0.018910    13.299241    14.000763
 245    9.1399     0.009953     0.010486   -11.142578    -9.508773
 246    9.1505     0.029533     0.024841    22.274906    17.070117
 247    9.1570     0.000130     0.006494    -4.328393    -8.375926
 248    9.1700     0.002970     0.001982    -6.771979    -2.095083
 249    9.1748     0.002879     0.001648     7.292117     5.895365
 250    9.1860     0.004113     0.004314    -3.803323    -4.206956
 251    9.2066     0.003947     0.000521    -6.713262    -5.060057
 252    9.2177     0.011334     0.007770   -16.246437   -14.362576
 253    9.2241     0.002877     0.002158    -0.136268     0.741728
 254    9.2248     0.005846     0.003230    10.279781    11.230655
 255    9.2317     0.001376     0.007037    -2.374569    -5.138039
 256    9.2512     0.001259     0.003123     2.363130     1.863845
 257    9.2559     0.002207     0.006353    -3.637676    -9.812774
 258    9.2711     0.004021     0.001778    -6.629521    -3.010761
 259    9.2833     0.003001     0.004166     1.926692     5.331243
 260    9.2914     0.015033     0.013286     0.981706     0.474972
 261    9.2993     0.002747     0.004174     7.461674     8.442929
 262    9.3047     0.001213     0.005041     1.261557     0.936897
 263    9.3091     0.001184     0.000984    -0.857594    -0.273756
 264    9.3189     0.001362     0.001939    -0.058840    -0.702253
 265    9.3384     0.003375     0.003996     7.846141     3.030872
 266    9.3445     0.000723     0.005399     2.281494     7.441068
 267    9.3491     0.002348     0.007239     1.270949     7.638789
 268    9.3643     0.001943     0.002221    -2.471218    -3.268020
 269    9.3765     0.001183     0.000754     1.382551    -2.083435
 270    9.3794     0.000652     0.007888    -4.783096    -8.724275
 271    9.3901     0.000877     0.000874    -4.061225    -1.186851
 272    9.4022     0.000989     0.009530    -1.076982    11.546961
 273    9.4071     0.004852     0.011529    -0.247089     5.909500
 274    9.4115     0.004251     0.000426    -6.095731    -4.340344
 275    9.4304     0.004118     0.004864    -4.713772    -7.655661
 276    9.4420     0.001569     0.000798     4.144645     1.761242
 277    9.4453     0.001196     0.001836    -5.878498    -3.927723
 278    9.4543     0.002939     0.001898     7.531781     7.066755
 279    9.4707     0.003144     0.001194     3.994112     2.839102
 280    9.4800     0.008424     0.005603     1.481016     6.176948
 281    9.4873     0.001500     0.001240    -0.649084    -0.492190
 282    9.4941     0.002590     0.002598    -4.431031    -4.199416
 283    9.4979     0.004513     0.000671    -2.780605    -1.659638
 284    9.5027     0.003785     0.003305   -12.451443    -4.082952
 285    9.5116     0.000874     0.002300    -0.708119     5.250242
 286    9.5162     0.005551     0.004159   -14.240245    -8.668465
 287    9.5263     0.002234     0.003110     8.657183     7.478112
 288    9.5310     0.005254     0.001503     5.185735    -0.970350
 289    9.5351     0.001750     0.001360     4.131771    -0.014615
 290    9.5463     0.001089     0.000072    -2.553189    -1.697652
 291    9.5553     0.001796     0.005562    -0.502356   -12.086797
 292    9.5678     0.000385     0.001610     4.190263     5.433033
 293    9.5956     0.005099     0.004096    -0.671101    -2.153803
 294    9.6048     0.008215     0.003476     2.220964     1.148263
 295    9.6125     0.010868     0.007450    12.062422    -6.283649
 296    9.6175     0.017901     0.011753   -24.235300   -19.274752
 297    9.6227     0.005023     0.002142    -7.735700    -3.593013
 298    9.6268     0.002302     0.004747    -4.456978    -2.198302
 299    9.6372     0.003134     0.006018    -0.874398     1.435188
 300    9.6406     0.000297     0.002565    -0.289813    -6.398489
 301    9.6562     0.001129     0.002974    -8.785678    -3.969622
 302    9.6585     0.000767     0.013536    -5.265216    -4.003409
 303    9.6650     0.001941     0.003195     8.725271    11.927223
 304    9.6678     0.003283     0.000369    -4.135297     1.876564
 305    9.6738     0.007264     0.006320    17.523986    15.256950
 306    9.6876     0.008480     0.013068   -25.277449   -18.063539
 307    9.6898     0.007774     0.003376    -8.342512    -8.668208
 308    9.6970     0.004760     0.013300    18.847866    27.386603
 309    9.7049     0.003764     0.002262   -12.279318    -3.402060
 310    9.7197     0.014136     0.003338    18.015415     2.877373
 311    9.7214     0.002509     0.000750    -7.725052    -4.322614
 312    9.7318     0.001412     0.003360    -4.741090    -5.369365
 313    9.7528     0.005541     0.003187    11.734755     8.041858
 314    9.7544     0.000165     0.003433     0.877556     3.926877
 315    9.7701     0.008159     0.006085     7.749265    12.815778
 316    9.7735     0.002750     0.012807    -6.776666    -1.705044
 317    9.7801     0.005058     0.012705   -12.428366   -18.124426
 318    9.7904     0.001906     0.000575     0.588448     2.385198
 319    9.7932     0.000277     0.002497    -0.614391    -0.741372
 320    9.8020     0.003708     0.005683   -11.428586    -9.443588
 321    9.8047     0.001155     0.018403    -1.376352    -8.517919
 322    9.8113     0.009710     0.006449     9.138579     7.999900
 323    9.8236     0.000631     0.002854    -1.476496     4.692540
 324    9.8254     0.003352     0.005024    17.247919    20.396019
 325    9.8366     0.003280     0.005203     8.097795    -1.349680
 326    9.8553     0.007666     0.004702    10.405964    10.609710
 327    9.8627     0.006333     0.005573     9.303963    -3.849188
 328    9.8661     0.001137     0.003496     5.773818    -1.628283
 329    9.8768     0.003032     0.001321     2.777731    -2.654827
 330    9.8845     0.011179     0.002043   -11.946866    -1.318667
 331    9.8857     0.004073     0.002877    -4.169614   -11.353389
 332    9.9015     0.009975     0.003776    -2.570653     5.376561
 333    9.9051     0.013318     0.039404    14.281489    28.141948
 334    9.9059     0.008845     0.004860    -8.939842    -9.851882
 335    9.9134     0.003368     0.022316    16.546215    -5.092081
 336    9.9198     0.016223     0.007351    33.323099    27.342977
 337    9.9218     0.008984     0.009837   -11.738310    -4.907211
 338    9.9274     0.008327     0.007846     0.448210     8.908255
 339    9.9382     0.004361     0.007407    -0.061225     0.030145
 340    9.9441     0.016718     0.011835     4.473472     6.792782
 341    9.9512     0.004215     0.004218    -4.532805    -6.901604
 342    9.9579     0.003113     0.001815     1.606846     0.708835
 343    9.9650     0.006047     0.004079    10.032689     1.457604
 344    9.9725     0.001602     0.005843     0.522814     3.951834
 345    9.9777     0.007985     0.004826     7.025227    -5.442701
 346    9.9875     0.003031     0.012125     3.397849     4.518377
 347    9.9957     0.002671     0.001020    -7.848898    -1.691121
