 NM
 VELO
 MMASS
   326.287300000000     
 LFAKTOR
  0.5
 RFAKTOR
  1.0
 WIDTH
  0.20
 SHIFT
  0.00
 DATXY
   1    4.0942     0.183890     0.038738   -51.492763   -29.550063
   2    4.2649     0.095215     0.025119   -80.778617   -82.505906
   3    4.3252     0.133920     0.031718    -1.076797     9.355077
   4    4.3802     0.029008     0.001421    21.769236    11.122100
   5    4.4218     0.034381     0.004338    -3.290797   -13.160941
   6    4.9196     0.147420     0.038011   -28.072211   -18.011579
   7    5.2217     0.009586     0.004252   -12.108691   -17.014377
   8    5.2533     0.018802     0.000675    13.046287     5.789986
   9    5.9536     0.069004     0.012685    26.791361    -5.778923
  10    5.9613     0.004044     0.001741    -7.600649    -5.463843
  11    5.9681     0.006778     0.004127     8.961026     6.253590
  12    6.3046     0.065323     0.028177    34.888822    23.598729
  13    6.3815     0.134978     0.071917    82.694439    64.137495
  14    6.4461     0.003106     0.066866     3.583370    -6.978136
  15    6.4909     0.000339     0.000167    -0.029562     0.125406
  16    6.5369     0.072231     0.026667    10.727423     5.643163
  17    6.6481     0.513780     0.162710  -173.220959  -139.292480
  18    6.7269     0.868315     0.264346    16.538806     4.874656
  19    6.7703     0.034993     0.047926    80.761909   -49.228606
  20    6.7879     0.021014     0.001146    -7.259756    -4.908849
  21    6.8128     0.022091     0.006518    18.001273     8.237851
  22    6.8210     0.000437     0.000321     4.926508     3.227621
  23    6.8265     0.075858     0.019501     9.134744    19.116689
  24    6.8574     0.053068     0.016300    36.398254    20.462252
  25    6.8634     0.015663     0.006879   -16.213710   -17.527060
  26    6.8766     0.225861     0.071837    57.833451    29.711101
  27    6.9230     0.007377     0.000963    -2.630890    -0.734303
  28    6.9448     0.338673     0.103500  -139.845453   -57.453884
  29    6.9577     0.018117     0.004500   -33.864949   -32.938961
  30    6.9960     0.006478     0.000860     4.558771     2.566241
  31    7.0337     0.533632     0.118165  -568.696504  -477.299192
  32    7.1081     0.056267     0.016579    47.249741    45.196414
  33    7.1131     0.035340     0.013609   -23.241311   -14.717220
  34    7.1154     0.061386     0.014745   -52.134924   -35.930687
  35    7.1757     0.082775     0.046774   139.295692   152.642042
  36    7.1879     1.231843     0.320776   439.958534   423.492822
  37    7.2666     0.001116     0.000173    -3.255326    -1.815181
  38    7.2708     0.040547     0.010903     0.208398     2.020678
  39    7.3317     0.097045     0.016629    93.447204    75.804622
  40    7.3747     0.296992     0.080938  -104.531409   -76.232798
  41    7.3872     0.189071     0.040691   124.729539    67.255963
  42    7.3947     0.030199     0.000545    -3.098349    -0.060992
  43    7.4928     0.263605     0.043643  -111.035705   -62.631062
  44    7.5262     0.000968     0.010405     7.990404    44.615883
  45    7.5358     0.011765     0.003380    -9.964254    -7.464960
  46    7.5541     0.326656     0.078300   -47.385523     6.329491
  47    7.5543     0.313338     0.073547   -48.815899     1.994344
  48    7.5972     0.047091     0.019643   -74.632066   -45.818564
  49    7.6245     0.004926     0.011460    15.053161    31.625843
  50    7.6589     0.003648     0.000074     3.255226     1.311030
  51    7.6663     0.002434     0.000188   -13.825696    -2.438118
  52    7.7081     0.039702     0.006907   101.804596    -3.787653
  53    7.7812     0.009086     0.000015     5.837634     0.782509
  54    7.8065     0.001976     0.000602    -2.127192    -1.861891
  55    7.8796     0.071266     0.015022   103.826202    51.553364
  56    7.9093     0.061117     0.015449    -9.096148    -6.678511
  57    7.9275     0.002519     0.153088    25.560089    -6.451765
  58    7.9928     0.021848     0.002526    22.342321    15.745086
  59    7.9953     0.004096     0.000321     2.445181    -0.848550
  60    8.0082     0.080834     0.010788   -35.398602   -21.632295
  61    8.0446     0.063123     0.008928    25.191481    17.053825
  62    8.0724     0.002571     0.001617    -0.324470    -0.519257
  63    8.0788     0.007168     0.002903    -3.570243    -2.963858
  64    8.0808     0.003221     0.000413     5.891920     2.482172
  65    8.1166     0.005072     0.000789    -6.018641    -7.069500
  66    8.1357     0.015174     0.003077    18.057423    13.683526
  67    8.2378     0.008063     0.053376    30.050560    48.149476
  68    8.2407     0.002881     0.001203     5.130892    -1.569730
  69    8.2709     0.002809     0.003583     6.157943     8.893246
  70    8.2769     0.000462     0.000867     0.540286     0.915959
  71    8.3060     0.001062     0.014475    -1.163659    22.240874
  72    8.3111     0.001701     0.001481     1.658448    -0.384885
  73    8.3255     0.030474     0.028754    18.270523    15.291000
  74    8.3514     0.017238     0.000797   -10.798131    -3.768258
  75    8.3648     0.000300     0.004276    -5.917510    25.301165
  76    8.3771     0.001292     0.021222   -13.317696   -34.758409
  77    8.3858     0.004415     0.000722     0.288052     0.982502
  78    8.3907     0.003391     0.002517    17.004769    -9.113365
  79    8.3986     0.003353     0.003433    -3.825090    -4.818295
  80    8.4042     0.019318     0.004194   -14.376516    -6.041059
  81    8.4096     0.001233     0.001431    -3.375002     4.031928
  82    8.4134     0.017897     0.014672   -25.422010   -21.929254
  83    8.4324     0.022099     0.002483    -9.872561    -5.997314
  84    8.4507     0.004269     0.009354    -0.817188    -1.467155
  85    8.4513     0.007026     0.016024    -8.298228   -13.611657
  86    8.4775     0.102333     0.041507    17.617248    21.102325
  87    8.4955     0.002109     0.001957     0.622041     0.988869
  88    8.5443     0.046584     0.023121     9.786435     8.367597
  89    8.5467     0.001697     0.016078     4.618123    -7.801016
  90    8.5531     0.018291     0.029017    21.815381   -27.534875
  91    8.5548     0.003577     0.033954     8.177899    20.287120
  92    8.6134     0.137152     0.040028    14.866303    20.932826
  93    8.6614     0.004589     0.005484    16.489226    23.079199
  94    8.6777     0.001358     0.000538     3.194185    -1.060017
  95    8.6886     0.013471     0.010769    -1.480950     6.270928
  96    8.6899     0.000184     0.001161     0.689280     4.534160
  97    8.7187     0.057945     0.037985    11.037819     3.059059
  98    8.7268     0.012425     0.004680    -4.196724    -5.265279
  99    8.7315     0.042596     0.027787   -31.691078   -23.218199
 100    8.7475     0.000018     0.000005     0.139135     0.245993
 101    8.7571     0.000598     0.005419    -2.854362    -4.436327
 102    8.8069     0.006042     0.000070     1.197460     0.635569
 103    8.8797     0.007575     0.001233     2.048758     1.306356
 104    8.9092     0.025799     0.006454   -26.238826   -16.420944
 105    8.9392     0.016949     0.006012    16.572776    14.080343
 106    8.9608     0.046442     0.032642    -0.523307     9.363133
 107    8.9829     0.026117     0.003253   -33.563488   -18.711168
 108    8.9914     0.063266     0.012778    25.657508    18.039511
 109    9.0434     0.013887     0.002991    12.581033     0.318777
 110    9.0444     0.005359     0.000277     3.996670     1.183636
 111    9.0534     0.018722     0.008755     9.352436     7.639887
 112    9.0871     0.066030     0.044884    -1.596636     3.211035
 113    9.0898     0.001485     0.001521    -0.783860    -1.628708
 114    9.1004     0.085313     0.045925     0.718913    -2.414620
 115    9.1084     0.002032     0.005163    -1.482382    -7.495737
 116    9.1150     0.001344     0.002966    -5.073257   -10.865583
 117    9.1574     0.055172     0.007968   -14.788021     8.038605
 118    9.1851     0.000129     0.000054    -1.711285     0.717243
 119    9.1892     0.005608     0.006877     9.746576    12.867623
 120    9.1987     0.001367     0.002002    -1.895688    -1.985504
 121    9.2025     0.001722     0.000273    -1.863695    -1.060861
 122    9.2308     0.001312     0.006963    -1.806905    -5.148925
 123    9.2730     0.002789     0.000605    -2.214250    -1.601637
 124    9.2775     0.000996     0.002731     1.439004     1.646310
 125    9.2790     0.009629     0.001803     4.926040     3.932655
 126    9.2972     0.000816     0.001060    -1.410077     1.916573
 127    9.3234     0.000327     0.000022    -3.920511     0.785443
 128    9.3436     0.006107     0.001029    -5.947580     0.475719
 129    9.3476     0.001335     0.000525    -4.832525     2.037086
 130    9.3785     0.004266     0.000194    -0.960013     1.735479
 131    9.3803     0.000727     0.001393    -1.453059    -1.820983
 132    9.3880     0.000305     0.004400    -0.341314    -0.595920
 133    9.4021     0.003725     0.005461     0.319341     0.952783
 134    9.4067     0.001979     0.007074    -7.217733     7.086411
 135    9.4083     0.002133     0.001070    -2.811675    -1.231619
 136    9.4089     0.004710     0.005404     5.539072     6.079995
 137    9.4227     0.006992     0.021585     4.106944     5.721159
 138    9.4308     0.000055     0.002652    -1.872214   -12.936193
 139    9.4663     0.000491     0.000750     0.216066     0.267991
 140    9.5040     0.000139     0.000636     0.184710     1.822120
 141    9.5069     0.006956     0.001220   -22.464989     2.645964
 142    9.5224     0.005955     0.006134    -4.755772    -9.023333
 143    9.5302     0.004813     0.000091    -0.393113     0.180999
 144    9.5386     0.001108     0.000154    -0.645706     0.871061
 145    9.5559     0.002699     0.007464   -12.891647   -24.917273
 146    9.5589     0.028909     0.011900    24.857008    26.918531
 147    9.5743     0.019372     0.012449    22.621332    17.654882
 148    9.5902     0.022616     0.024553    26.132108    13.376878
 149    9.6077     0.002799     0.005077     2.605715     2.396559
 150    9.6138     0.017613     0.009467    64.054213    50.379338
 151    9.6219     0.003443     0.000294   -14.468377    -4.065145
 152    9.6329     0.000312     0.005882     1.274576     4.444970
 153    9.6511     0.001034     0.000683     4.118348     3.400948
 154    9.6618     0.017966     0.018564    21.751306    30.051749
 155    9.6984     0.000338     0.004627    -0.473489    -2.253966
 156    9.7059     0.002528     0.005474    -4.312409    -2.131762
 157    9.7083     0.000054     0.000252     0.379881     2.254385
 158    9.7244     0.095831     0.166373    60.933992   129.299261
 159    9.7389     0.000074     0.000086    -0.037504     0.453685
 160    9.7537     0.000172     0.006648    -0.741589    -7.503327
 161    9.7736     0.009136     0.028396   -58.997921  -105.142390
 162    9.7797     0.016714     0.049672    43.930294    61.326623
 163    9.8198     0.009199     0.003885   -26.398468   -16.826902
 164    9.8294     0.009904     0.002259    24.889195     3.948684
 165    9.8319     0.000086     0.001060     0.792311     5.056982
 166    9.8379     0.007023     0.003287   -35.657207   -14.340374
 167    9.8495     0.005144     0.004363     6.831844     4.086837
 168    9.8606     0.002848     0.008932    -0.199921    -0.447938
 169    9.8701     0.007422     0.004827   -16.758753   -16.804087
 170    9.8705     0.001565     0.003209    -9.077838   -12.614317
 171    9.8748     0.016800     0.005068    18.150447    -1.818685
 172    9.8781     0.024845     0.008478   -11.853896    -8.410164
 173    9.9215     0.001013     0.003720   -10.397578   -22.648758
 174    9.9341     0.022686     0.022605   -10.265928    30.350999
 175    9.9568     0.000438     0.002859     3.698877    23.076867
 176    9.9580     0.011757     0.004370   -28.189595   -10.335057
 177    9.9703     0.000183     0.000391     0.295398     0.529547
 178    9.9761     0.005297     0.009922   -22.470259   -30.897889
 179    9.9888     0.002265     0.001655     4.560709     4.102533
