           2           1   1.42234711805484     
           3           1  2.790122441462232E-003
           3           2   1.44425354327521     
           4           1  9.709247270976817E-002
           4           2  2.902398894743296E-003
           4           3   1.38764837553174     
           5           1  2.895929213663504E-003
           5           2  9.707341756127076E-002
           5           3  4.631481058843427E-003
           5           4   1.34518566496256     
           6           1   1.44428463790437     
           6           2  2.798333733229138E-003
           6           3  0.101265390933479     
           6           4  4.641414319463654E-003
           6           5   1.38765621691748     
           7           1  1.391368924328577E-002
           7           2  2.139271967387020E-002
           7           3  1.806394846928795E-002
           7           4  3.638736690127931E-002
           7           5   1.03029659741753     
           7           6  3.884459130882752E-002
           8           2  2.972776046191391E-003
           8           4  1.319952442679486E-002
           8           5  1.133709951981743E-002
           8           6  8.802495911215669E-003
           8           7   1.02915418194311     
           9           5  8.848237602281480E-003
           9           6  2.152443519048680E-003
           9           7  3.841060966214618E-002
           9           8   1.38568746968612     
          10           4  2.929198793097997E-003
          10           7  1.380415491135128E-002
          10           8  3.373773508524547E-003
          10           9   1.44724987653770     
          11           5  2.957146706152759E-003
          11           7  2.033807848342107E-002
          11           8  9.408016818396896E-002
          11           9  2.407135940033396E-003
          11          10   1.38255153174032     
          12           9  1.057217787312833E-002
          12          10  4.987402692594876E-003
          12          11   1.00317841030740     
          13           8  2.496949851621933E-003
          13          10  1.163892368001887E-002
          13          11  4.460957191191665E-003
          13          12   1.33390437673676     
          14          11  2.490668585052119E-003
          14          12  3.004929131751988E-003
          14          13   1.23774012439912     
          15          12  4.792795084195859E-002
          15          13  2.265397004316356E-003
          15          14   1.59752862304730     
          16          13  5.015010223183536E-002
          16          14  2.188318883730296E-003
          16          15   1.27828692199279     
          17          12  1.470608601531236E-002
          17          13  2.906731688489164E-003
          17          14  0.119982776034742     
          17          15  2.178655559169808E-003
          17          16   1.59918795069876     
          18          11  1.074669350532427E-002
          18          12  2.564441707603390E-003
          18          13   1.20079650402028     
          18          14  2.818388706507195E-003
          18          15  4.942310225904384E-002
          18          16  2.156808361200824E-003
          18          17   1.23507624616374     
          19          10  3.636733599088404E-003
          19          12  0.132502514192750     
          19          13  2.878312757160462E-003
          19          14  1.416200389738479E-002
          19          16  4.806237526201123E-002
          19          17  3.981819628624964E-003
          19          18   1.37063262207299     
          20          11  1.077506261832687E-002
          20          12  2.566876508491094E-003
          20          13  4.214625622662302E-002
          20          15  1.640221584676933E-002
          20          17  2.731637582705381E-002
          20          18  2.123932951490758E-003
          20          19   1.37097718627821     
          21          12  1.470059716448920E-002
          21          16  5.131582525930371E-003
          21          18  2.730646195860054E-002
          21          19  3.982060807228953E-003
          21          20   1.23499943888581     
          22          13  1.607308673950300E-002
          22          15  7.484140296353321E-003
          22          17  5.137141648350553E-003
          22          19  4.811641074019619E-002
          22          20  2.157565738509666E-003
          22          21   1.59929180217299     
          23          12  4.795171912600137E-002
          23          14  4.957069280990956E-003
          23          16  7.477591395886322E-003
          23          18  1.638887507963823E-002
          23          20  4.938534740966832E-002
          23          21  2.179074698773629E-003
          23          22   1.27816908873502     
          24          11  2.483909976738888E-003
          24          12  3.011038818663994E-003
          24          13  2.531237485802318E-002
          24          15  4.961114228756173E-003
          24          19  1.417087853209371E-002
          24          20  2.816282665758865E-003
          24          21  0.119969352664836     
          24          22  2.188049617990217E-003
          24          23   1.59763099380281     
          25           8  2.491067867787986E-003
          25          10  1.151291131091103E-002
          25          11  4.451916137030034E-003
          25          12   1.33458396582547     
          25          13  2.375505697985745E-003
          25          14  2.529293849708773E-002
          25          16  1.606218049005341E-002
          25          18  4.210812912360316E-002
          25          19  2.878643098488333E-003
          25          20   1.20052492038880     
          25          21  2.907717409827743E-003
          25          22  5.009276531844814E-002
          25          23  2.266482072094633E-003
          25          24   1.23759470144957     
          26           3  2.169546933342981E-003
          26           4  8.889063435338655E-003
          26           7  1.775341829734136E-002
          26           8  4.123748454827780E-003
          26           9  9.931880361453145E-002
          26          10  2.177092955377768E-003
          26          11   1.40344934169236     
          26          12  5.013873336116978E-003
          26          13  1.189872588024796E-002
          26          19  3.604579521303627E-003
          26          25  1.190809282353014E-002
          27           1  2.996981218976890E-003
          27           3  8.834560228335191E-003
          27           4  1.132743823945089E-002
          27           5  1.326505820007932E-002
          27           7  3.594503224118602E-002
          27           8   1.34393298677444     
          27           9  4.524845275486434E-003
          27          10  9.531314967616668E-002
          27          11  2.673496889456316E-003
          27          12  1.076211894554115E-002
          27          26   1.39046779225347     
          28           1  2.123916247906411E-002
          28           2  1.391039582105206E-002
          28           3  3.873326304109580E-002
          28           4   1.03023944340157     
          28           5  3.625851014348153E-002
          28           6  1.807252460292420E-002
          28           7  2.048792515112667E-002
          28           8  3.611447888438897E-002
          28           9  1.799788766204619E-002
          28          10  2.087514582282445E-002
          28          11  1.357405591421438E-002
          28          12  2.076113549985581E-003
          28          26  3.904200013743918E-002
          28          27   1.02832613658902     
          29           1  0.971915416350416     
          29           3  1.045901548286333E-002
          29           5  1.046153900665563E-002
          30           2  0.971914081418448     
          30           4  1.046261800113209E-002
          30           6  1.045849144300172E-002
          31           1  1.078228561144757E-002
          31           3  0.967964808544877     
          31           5  9.264052147216493E-003
          31           7  2.164808915217621E-003
          32           2  1.078235554703087E-002
          32           4  9.271106388272696E-003
          32           6  0.967963937218280     
          32          28  2.164411619715289E-003
          33           9  0.967134534698912     
          33          11  1.050588163625799E-002
          33          27  9.252983955183666E-003
          33          28  2.145175766315834E-003
          34           8  1.050523456379830E-002
          34          10  0.969100246775000     
          34          26  9.538910858498825E-003
          35          11  2.128461931004785E-003
          35          14  0.966039436111008     
          35          16  1.218824518009470E-002
          35          18  9.458661610248754E-003
          36          13  1.217468875841952E-002
          36          15  0.972497493916034     
          36          17  9.302077668884950E-003
          37          14  9.320030968997826E-003
          37          16  0.972490773243825     
          37          18  1.221068512129539E-002
          38          13  9.300828289401210E-003
          38          15  1.219912066235324E-002
          38          17  0.968892416571974     
          39          13  1.031830409337249E-002
          39          19  0.965518709235496     
          39          25  1.032280006608234E-002
          40          21  0.968891915017732     
          40          23  1.220083344870297E-002
          40          25  9.302518838644840E-003
          41          20  1.221234854726050E-002
          41          22  0.972489823327602     
          41          24  9.317394114173972E-003
          42          21  9.299966629596148E-003
          42          23  0.972487448957711     
          42          25  1.217903805221520E-002
          43          11  2.077169927965735E-003
          43          20  9.460353469139249E-003
          43          22  1.219484041149847E-002
          43          24  0.966086372548868     
          44           7  2.147873460869643E-003
          44           8  9.315273665090794E-003
          44          10  9.855700974522595E-003
          44          26  0.965121252884517     
