           2           1   1.43196866344979     
           3           1  2.104767349793992E-003
           3           2   1.45046312726161     
           4           1  0.107493282925998     
           4           2  2.034332846487784E-003
           4           3   1.38701445489162     
           5           1  1.035414184590265E-002
           5           2  1.333146550621307E-002
           5           3  3.059961289334216E-002
           5           4  0.994974131228000     
           6           1  5.461907317812068E-003
           6           3  8.649421703434404E-003
           6           4  9.767969891129755E-003
           6           5  0.989423522166141     
           7           4  4.618169381167037E-003
           7           5  3.274109332435109E-002
           7           6   1.38469954128080     
           8           5  1.429728940070065E-002
           8           6  2.023004155483713E-003
           8           7   1.45465428060522     
           9           5  1.211696322797129E-002
           9           6  0.107224820861487     
           9           7  2.073135351582570E-003
           9           8   1.42790592558440     
          10           5  1.554718231818068E-002
          10           6  2.055249846927270E-003
          10           7  0.110326343592072     
          10           8  2.064436545644287E-003
          10           9   1.44062769425167     
          11           4  2.747958866545422E-003
          11           5  3.268280745805490E-002
          11           6   1.40034233288791     
          11           7  2.247612738616261E-003
          11           8  0.108464311957941     
          11           9  2.138158863390557E-003
          11          10   1.44002986521910     
          12           3  4.044489566813502E-003
          12           4  9.212143325980577E-003
          12           5   1.00935387585730     
          12           6  9.806154641211359E-003
          12           7  7.065253837379523E-003
          12           9  4.722160095115442E-003
          12          11  8.975105010742576E-003
          13           4  1.257021148884613E-002
          13           5  3.846273257461255E-002
          13          12   1.53753936909243     
          14           4  4.984063191681921E-003
          14           5  4.413057658044665E-002
          14          12  9.151702709792435E-002
          14          13   1.26414241783256     
          15           5  1.296944450446453E-002
          15          12  2.140921679619925E-002
          15          13  9.290139664818040E-002
          15          14   1.25367687682508     
          16           4  5.290679766593879E-003
          16           5  2.319612716008154E-002
          16           6  5.066123924020990E-003
          16          12   1.19817621044130     
          16          13  2.228532459863340E-002
          16          14  8.922758202469529E-002
          16          15   1.54564128047046     
          17           4  2.180062473891956E-003
          17           5  9.077628187792026E-002
          17           6  8.024606726750825E-003
          17          12  2.386782773989183E-002
          17          13  1.285779173266390E-002
          17          14  4.316386108712478E-002
          17          15  3.953600057423869E-002
          17          16   1.00452143850403     
          18           5  2.099023968723665E-003
          18          12  4.971897343610010E-003
          18          14  5.361056156507990E-003
          18          15  1.367919755349632E-002
          18          16  8.603712180688360E-003
          18          17  0.986732455381592     
          19          16  3.549138369607630E-003
          19          17  2.926763091454622E-002
          19          18   1.39157387363737     
          20          17  1.645220125614735E-002
          20          19   1.45029704659158     
          21          17  7.566313099732594E-003
          21          18  0.108558077522649     
          21          19  2.231638172147179E-003
          21          20   1.43070430917338     
          22          17  1.260286006633596E-002
          22          18  2.009144346989370E-003
          22          19  0.110672569037956     
          22          20  2.072482583412291E-003
          22          21   1.44039511448815     
          23          16  5.686222372444759E-003
          23          17  2.595188999010907E-002
          23          18   1.40207239181706     
          23          19  2.549862141503833E-003
          23          20  0.109021389450116     
          23          21  2.197917971081198E-003
          23          22   1.44140751954284     
          24           5  8.020881221309438E-003
          24          12  5.083669090295670E-003
          24          16  9.628822093812224E-003
          24          17   1.00021404344894     
          24          18  9.272218720822624E-003
          24          19  5.619181954810378E-003
          24          21  3.314349757022050E-003
          24          23  7.282393505027410E-003
          25          16  8.481236361782324E-003
          25          17  3.471313252288477E-002
          25          18  3.123227654567439E-003
          25          24   1.39675490823740     
          26          17  1.521083137638416E-002
          26          24  2.050884529851768E-003
          26          25   1.44224937961353     
          27          16  4.278080263177018E-003
          27          17  1.349624677370967E-002
          27          24  0.106716356298190     
          27          25  2.128666883189679E-003
          27          26   1.43886451854853     
          28          17  1.449842442112857E-002
          28          24  2.069128548916100E-003
          28          25  0.108256906594213     
          28          26  2.070537118514384E-003
          28          27   1.42896951706594     
          29          16  6.720369482068637E-003
          29          17  3.367406637672671E-002
          29          18  5.011889357611319E-003
          29          24   1.38412982736434     
          29          25  2.178259413871258E-003
          29          26  0.109752246620012     
          29          27  2.079911453777394E-003
          29          28   1.45316387000615     
          30           1  2.146383530618652E-003
          30           2  0.109276023298893     
          30           3  2.293915523650779E-003
          30           4   1.39894741629264     
          30           5  3.236050001794982E-002
          30           6  9.109846311036007E-003
          30          12  2.399330155440815E-003
          30          13  2.431991278223234E-003
          31           1   1.43794708907924     
          31           2  2.064931835049631E-003
          31           3  0.109883332297447     
          31           5  1.622971554398225E-002
          31          30   1.44270489001438     
          32           1  0.972989398193469     
          32           3  1.049087024807600E-002
          32          30  1.059281646656048E-002
          33           2  0.971902772007385     
          33           4  1.062432134565319E-002
          33          31  1.060976307900433E-002
          34           1  1.081732191114381E-002
          34           3  0.967871319789749     
          34          30  1.013453966649113E-002
          35           7  0.967161707467934     
          35           9  1.084714801809336E-002
          35          11  1.006203427404051E-002
          36           6  1.062565454981055E-002
          36           8  0.971791608553552     
          36          10  1.056965501376770E-002
          37           7  1.043652974754423E-002
          37           9  0.972976244882788     
          37          11  1.061334950369761E-002
          38           6  1.028863585527559E-002
          38           8  1.072655869187029E-002
          38          10  0.971889114390480     
          39           7  1.027543667647876E-002
          39           9  1.061880979288688E-002
          39          11  0.965627941019839     
          40          13  0.965844915220899     
          40          15  8.926966579212934E-003
          40          16  1.156432235690562E-002
          41          12  1.156103225322673E-002
          41          13  8.892143173212593E-003
          41          15  0.965782990838571     
          42          19  0.967268995743564     
          42          21  1.081270278393208E-002
          42          23  1.022518638472562E-002
          43          17  2.113459424884794E-003
          43          18  1.040813183861759E-002
          43          20  0.971796694706200     
          43          22  1.060089469073272E-002
          44          19  1.047972527494066E-002
          44          21  0.973018233945785     
          44          23  1.060581475500835E-002
          45          18  1.050959922943975E-002
          45          20  1.071342150806621E-002
          45          22  0.971967900059048     
          46          19  1.018233847409514E-002
          46          21  1.071131864568675E-002
          46          23  0.967643697733581     
          47          25  0.966475193066735     
          47          27  1.066417666033849E-002
          47          29  1.025143143598613E-002
          48          24  1.036810565737709E-002
          48          26  0.971899349064070     
          48          28  1.071884742841657E-002
          49          25  1.060111106150607E-002
          49          27  0.972997849832209     
          49          29  1.045719978641039E-002
          50          24  1.060758989556377E-002
          50          26  1.059260988463940E-002
          50          28  0.971810523428930     
          51          25  1.014833305328734E-002
          51          27  1.083734454739896E-002
          51          29  0.968067816643433     
          52           1  1.066892325906810E-002
          52           3  1.033411968853007E-002
          52          12  2.199840741412841E-003
          52          30  0.965140248817748     
          53           2  1.071343034051364E-002
          53           4  1.030755116994369E-002
          53          31  0.971852430250756     
