   29
          5          1          5
          7          6         12
          5         13         17
          4         18         21
          6         22         27
          4         28         31
         16         32         47
          5         48         52
         15         53         67
          2         68         69
          3         70         72
          1         73         73
          4         74         77
          3         78         80
          7         81         87
          4         88         91
          8         92         99
          2        100        101
          5        102        106
          5        107        111
          4        112        115
          1        116        116
          4        117        120
          2        121        122
          3        123        125
          3        126        128
          1        129        129
          1        130        130
          1        131        131
