 NM
 UV
 MMASS
   938.280599999997     
 LFAKTOR
  0.5
 RFAKTOR
  1.0
 WIDTH
  0.20
 SHIFT
  0.00
 DATXY
   1    3.5684     0.205962     0.139000    -4.504400     2.990336
   2    3.8659     0.182032     0.112552     1.923895    -0.387356
   3    3.8877     0.288260     0.158257    -5.219118    -3.442462
   4    4.3377     0.342121     0.143024    10.847267     6.205025
   5    4.4108     0.614472     0.286017  -104.308751   -83.398781
   6    4.4373     0.185679     0.093859    22.900936    17.544462
   7    4.5311     0.003273     0.001539    -1.547773    -1.100900
   8    4.5382     0.014572     0.005288     3.302706     2.010448
   9    4.6522     0.014381     0.008755   -10.245128    15.342524
  10    4.8219     0.015376     0.028465     4.512822     5.522325
  11    4.9804     0.218446     0.123493    77.369142    57.707457
  12    4.9989     0.783284     0.407137  -121.342010   -86.218309
  13    5.0190     0.535922     0.310213   -18.004881    -7.363809
  14    5.0322     0.280615     0.131093    65.505278    41.959322
  15    5.1018     0.000055     0.000217     0.469638    -0.315489
  16    5.2363     0.268466     0.176425    -4.484727     0.367457
  17    5.3259     0.401980     0.283427    -3.142000    -3.999697
  18    5.3431     0.008702     0.003192    -0.690302     0.027584
  19    5.3964     0.003823     0.002318    19.218070     8.884332
  20    5.4989     0.019644     0.024802   -24.844561    -6.680946
  21    5.5211     0.032837     0.022424    19.143091    20.237531
  22    5.5506     0.005045     0.007200     4.666340    16.978151
  23    5.7023     0.112884     0.078689   -98.872595   -61.689992
  24    5.7207     0.203409     0.085828   414.921692   268.320758
  25    5.7548     0.173683     0.078444  -132.721546   -98.934429
  26    5.7712     0.036499     0.027266   -29.913912   -17.285264
  27    5.7809     0.934743     0.411963   221.572031   175.086924
  28    5.8069     0.414882     0.392984  -280.483530  -217.462102
  29    5.8895     0.081093     0.130348   -64.183059  -200.803151
  30    5.9040     0.281859     0.216865   -52.374118    57.629751
  31    5.9178     0.236148     0.136616    60.155512    11.953981
  32    5.9402     0.043760     0.034383    22.418240    57.868813
  33    6.0403     0.008578     0.006635    -3.647328    -3.743711
  34    6.0433     0.032316     0.044511   -82.680838   -30.347594
  35    6.0603     0.148081     0.066872   -36.019111   -14.575865
  36    6.0710     0.015201     0.006169    -1.752019     1.947395
  37    6.0880     0.022724     0.035279   -16.118353   -25.705701
  38    6.0982     0.045050     0.022654   -18.361944   -14.220052
  39    6.1179     0.032707     0.015068    -4.729463    -2.799051
  40    6.1227     0.000589     0.001483    -0.100122    -0.557612
  41    6.1386     0.016377     0.023229    36.422590    17.792394
  42    6.1562     0.047774     0.058657    20.928580    20.556003
  43    6.1828     0.005648     0.001639    15.205315    10.792348
  44    6.1925     0.055764     0.026368    -6.231885     0.541820
  45    6.2414     0.035074     0.013694    44.494368    32.925943
  46    6.2545     0.011892     0.005572    83.980652    64.407305
  47    6.2594     0.259694     0.164125    76.768091    38.777875
  48    6.2717     0.236806     0.082406  -150.761352  -109.857844
  49    6.3106     0.253898     0.099002    53.959378    81.843643
  50    6.3473     0.070897     0.164764   -69.155075  -103.471314
  51    6.3593     0.006508     0.012095   -10.564424   -14.855813
  52    6.3671     0.001423     0.002017    -0.879664     0.554339
  53    6.4038     0.071445     0.027629    37.085159    29.613771
  54    6.4508     0.025030     0.016386     0.250313     1.916567
  55    6.4599     0.074599     0.049373     0.990782    -3.515995
  56    6.4807     0.025881     0.023763     2.362699    14.244214
  57    6.4851     0.091194     0.044722    61.517786    47.285685
  58    6.5080     0.022123     0.011506    72.060653    43.626264
  59    6.5177     0.077744     0.032040   -94.472919   -66.386994
  60    6.5319     0.138746     0.057474   116.682081    79.420983
  61    6.5533     0.024548     0.031872    -9.169942    -9.220911
  62    6.5872     0.207470     0.130258   -74.071227   -55.823967
  63    6.5958     0.017421     0.031371   -12.564102   -83.310508
  64    6.5979     0.012040     0.027032    -4.506505   -32.234455
  65    6.6142     0.020538     0.010387    -7.678089    -2.688403
  66    6.6504     0.006337     0.012195    -2.998769    11.933092
  67    6.6866     0.002290     0.013582   -28.286703    20.359977
  68    6.6971     0.071122     0.035831    35.058163   -16.697634
  69    6.7066     0.024629     0.011138    -5.461335   -19.300419
  70    6.7166     0.009180     0.000799    18.871789     9.344690
  71    6.7260     0.002302     0.000840    10.445253     4.811548
  72    6.7348     0.124262     0.049328  -123.528506   -19.912713
  73    6.7821     0.022363     0.016460    60.545610    47.109337
  74    6.7912     0.001826     0.000836     8.821548     7.476385
  75    6.8391     0.040494     0.028169    20.657506   -22.451548
  76    6.8435     0.037313     0.022431     4.108925     2.224546
  77    6.8447     0.053688     0.022156   -13.642083    24.374535
  78    6.8614     0.014309     0.012157    20.120257    25.505259
  79    6.8675     0.092839     0.085917   -57.290921   -40.725755
  80    6.8756     0.047351     0.028883   -38.760832   -29.189240
  81    6.8862     0.159039     0.116399    39.462143    25.490934
  82    6.8970     0.014260     0.011487     0.831673     4.736992
  83    6.9049     0.021902     0.011767   -17.416916   -14.574539
  84    6.9074     0.006368     0.004581     2.225976     7.558244
  85    6.9180     0.007143     0.012023     6.344203    51.489459
  86    6.9469     0.002585     0.004525     0.183049     0.083733
  87    6.9507     0.060823     0.058802    19.813568    88.624766
  88    6.9632     0.028786     0.015073    -0.421646   -18.689584
  89    6.9654     0.000125     0.000362    -1.721777    -2.653558
  90    6.9828     0.018088     0.050062    63.606903    71.661036
  91    6.9840     0.001343     0.003303    -6.549497   -10.035161
  92    6.9998     0.011588     0.043784    -6.164633   -80.397819
  93    7.0258     0.011788     0.009939   -12.110303    34.929890
  94    7.0375     0.012998     0.004982    42.940575    26.211868
  95    7.0510     0.005537     0.002353    -6.788874   -12.984670
  96    7.0557     0.084545     0.093869   -19.514484  -127.419982
  97    7.0639     0.026539     0.033642   -71.316008   -96.877727
  98    7.0806     0.156518     0.184820  -181.919641   -31.953918
  99    7.0825     0.042911     0.029297   118.480750    91.538418
 100    7.0904     0.090186     0.065303    83.976445    46.368138
 101    7.0983     0.081517     0.040297   -14.958520     4.330689
 102    7.1066     0.084933     0.100360  -176.515610  -268.964688
 103    7.1158     0.081289     0.042300   300.961668   213.298586
 104    7.1559     0.020195     0.011248     1.752896    -2.032191
 105    7.1600     0.006439     0.006676    13.201975     4.686070
 106    7.1811     0.082791     0.048861    -7.606275   -37.826711
 107    7.1999     0.082162     0.056661   125.124941   107.543789
 108    7.2065     0.056152     0.050440   112.545538   114.646356
 109    7.2129     0.083504     0.043250    78.339242    60.518515
 110    7.2216     0.064015     0.019017   -76.092505   -36.939396
 111    7.2382     0.016007     0.010139    46.293013    35.299027
 112    7.2494     0.053796     0.047683   -76.170140   -76.543674
 113    7.2550     0.021440     0.012614    50.771309    32.447273
 114    7.2562     0.226383     0.129389  -108.553207   -57.631974
 115    7.2652     0.138128     0.090331   105.644820    63.694450
 116    7.2789     0.060526     0.030591    44.545925    30.096468
 117    7.2859     0.012739     0.006708   -13.430167    -8.781395
 118    7.3044     0.026737     0.008902    -4.078298     8.447527
 119    7.3142     0.013972     0.008756   -59.754915   -31.958820
 120    7.3358     0.085456     0.051187   -27.304554   -20.656518
 121    7.3441     0.113188     0.050758    75.336979    63.341551
 122    7.3556     0.042152     0.027784   -29.529387   -16.269455
 123    7.3688     0.075776     0.033548    11.403170    15.061248
 124    7.3705     0.071279     0.021989   147.228903    82.119773
 125    7.3870     0.042009     0.014645   -33.979741    -7.220384
 126    7.4087     0.054790     0.035901  -134.055102   -81.847880
 127    7.4102     0.047718     0.026092   149.467747    88.417208
 128    7.4132     0.002950     0.001971     3.414692    -5.127268
 129    7.4435     0.128046     0.088148   122.442033    88.486958
 130    7.4490     0.057251     0.027003    88.912352    56.485211
 131    7.4649     0.080136     0.063710   -27.728894   -28.368788
 132    7.4829     0.152793     0.092742    35.909475    37.783547
 133    7.4965     0.018226     0.011343   -56.550030   -37.214338
 134    7.4994     0.058997     0.037076    -8.011351     3.000933
 135    7.5050     0.056672     0.053496    35.981759    31.592039
 136    7.5206     0.000415     0.000229     0.848328     0.365535
 137    7.5229     0.000040     0.000082     0.463792     0.555318
 138    7.5425     0.191892     0.093857  -415.021089  -291.404584
 139    7.5546     0.131670     0.076966   -21.919242   -16.144143
 140    7.5667     0.023705     0.010780    35.528334    15.943476
 141    7.5840     0.010611     0.005987    53.283538    39.779771
 142    7.6067     0.024805     0.013904   -49.687180   -37.614037
 143    7.6114     0.075348     0.035724   -32.412296   -14.683508
 144    7.6171     0.054183     0.037310    80.108003    69.565678
 145    7.6248     0.039599     0.024714   -55.565094   -47.204996
 146    7.6389     0.056305     0.028013    -2.278394    -4.378196
 147    7.6416     0.006667     0.007846     2.900827    -6.486390
 148    7.6458     0.005754     0.003438   -21.815498   -15.587160
 149    7.6500     0.007104     0.003743    -6.519892    -4.874148
 150    7.6613     0.017780     0.010960   -63.625945   -49.324463
 151    7.6715     0.019909     0.012891     6.181973     6.460911
 152    7.6818     0.003628     0.007467    -6.752587    -3.325751
 153    7.6887     0.006074     0.000709     9.191504     0.152671
 154    7.6892     0.003789     0.002085   -10.731158    -6.744146
 155    7.6974     0.000716     0.000569     3.183893     5.121004
 156    7.7033     0.011743     0.007910    -0.036841    -0.484663
 157    7.7288     0.021376     0.014237    20.182661    15.356344
 158    7.7326     0.031766     0.013929    -5.172862     4.487748
 159    7.7414     0.015260     0.012685   -33.347111   -13.359360
 160    7.7500     0.002431     0.002936    -4.338915   -15.136041
 161    7.7684     0.002310     0.000204    -7.833490    -0.984730
 162    7.7768     0.003289     0.011763    -9.679514   -26.281052
 163    7.7827     0.021076     0.026507    -5.761666    -8.073568
 164    7.7884     0.012665     0.010208    -3.420437     3.178791
 165    7.8029     0.011856     0.016864     3.122354     6.113072
 166    7.8181     0.003396     0.000648    -0.366222    -2.901741
 167    7.8216     0.003768     0.004200   -28.090141   -27.391420
 168    7.8229     0.064123     0.030449  -116.304732   -78.422126
 169    7.8384     0.043602     0.031225    22.177151    12.342667
 170    7.8421     0.013487     0.010424   -31.693153   -29.740095
 171    7.8465     0.001174     0.001332    -3.443581    -2.804616
 172    7.8629     0.008099     0.006105     3.341714    13.387230
 173    7.8638     0.017536     0.010429    24.048757    11.109885
 174    7.8727     0.002381     0.002498     3.221165     3.397933
 175    7.8757     0.007406     0.003799     2.562273     2.139036
 176    7.8879     0.009893     0.011396     4.020998   -11.590106
 177    7.8917     0.007931     0.002469   -12.219129    -6.181387
 178    7.8951     0.000050     0.000020     0.210738     0.014536
 179    7.9014     0.018755     0.029078    12.302629    45.845345
 180    7.9064     0.017574     0.012995   -12.138087   -11.966004
 181    7.9125     0.003941     0.007779    -1.218895    -8.329837
 182    7.9191     0.015662     0.012345    -3.338217    -2.134033
 183    7.9373     0.003910     0.001621    -9.772732    14.041254
 184    7.9404     0.036980     0.019333     7.731785     5.270735
 185    7.9484     0.051727     0.038517     3.892146     1.929246
 186    7.9546     0.004095     0.004267    -1.508108    -3.856930
 187    7.9578     0.001410     0.005870    -3.548702     2.193999
 188    7.9660     0.000631     0.000125     1.407799     0.108364
 189    7.9688     0.001654     0.002224    -2.286482    -3.072247
 190    7.9741     0.011335     0.005335    -1.294997     9.848520
 191    7.9804     0.001599     0.006757     3.378722     2.434325
 192    7.9828     0.015851     0.009277    12.699443     8.691388
 193    7.9944     0.053401     0.029343   -21.830758   -26.559578
 194    7.9999     0.020283     0.023309    -0.221584     3.308113
 195    8.0087     0.007048     0.029541    17.193139   -14.862717
 196    8.0097     0.004426     0.005041    28.800408    15.479761
 197    8.0234     0.018692     0.011997     8.869267     6.957782
 198    8.0316     0.004070     0.002280     1.020205     0.883313
 199    8.0329     0.000944     0.001211     0.212834     1.402854
 200    8.0419     0.005034     0.007832    -2.757988     2.885895
 201    8.0496     0.016972     0.014947    14.182070    10.586019
 202    8.0524     0.024357     0.023667     5.110010    -1.051485
 203    8.0552     0.004790     0.002609    -0.134286     0.195662
 204    8.0651     0.015995     0.005003    18.465310     5.299993
 205    8.0718     0.017131     0.006958    25.028570    16.424101
 206    8.0849     0.005534     0.006512    -1.720468     2.707096
 207    8.0852     0.014694     0.010337   -30.426977   -32.204405
 208    8.0910     0.000974     0.001181    -1.082204    -0.610753
 209    8.0949     0.010680     0.004210    30.310054    17.143830
 210    8.1078     0.003573     0.005443     0.648669    -0.884316
 211    8.1136     0.003124     0.001165   -25.923924   -16.305056
 212    8.1258     0.025284     0.002506    10.765717   -20.838049
 213    8.1282     0.048350     0.080061    -6.298950     3.009201
 214    8.1338     0.021133     0.007053   -65.179595    25.782704
 215    8.1414     0.039826     0.020186   -24.286757   -14.546628
 216    8.1504     0.011560     0.027654   -21.507665   -33.270252
 217    8.1545     0.001300     0.033714    24.005206     3.091707
 218    8.1580     0.004138     0.001273    -6.202224     1.741031
 219    8.1675     0.015245     0.017542     9.354139    34.967374
 220    8.1688     0.003485     0.008199    -0.967963     1.993539
 221    8.1926     0.000793     0.000659     2.801895    -0.395585
 222    8.1988     0.011155     0.014681   -34.499107   -25.326018
 223    8.2041     0.039171     0.026072   -20.960767    -9.089995
 224    8.2119     0.015953     0.012559    10.316757    10.904724
 225    8.2189     0.020315     0.014085     6.572924    -1.237304
 226    8.2278     0.002324     0.001546     6.794971     7.345016
 227    8.2334     0.000711     0.001403     1.980213    -5.132878
 228    8.2342     0.050650     0.023925    48.457383    28.144332
 229    8.2458     0.002397     0.003310    15.113987    17.718181
 230    8.2504     0.002357     0.000521    -4.252425     0.360663
 231    8.2539     0.062696     0.046749    24.742885    18.118929
 232    8.2592     0.062253     0.034165   -15.708173    -9.992889
 233    8.2678     0.017785     0.011039    15.481070     9.647547
 234    8.2727     0.002903     0.001777    -4.225152    -9.217386
 235    8.2767     0.002115     0.001011    -2.521601    -1.912925
 236    8.2801     0.037831     0.022862   -74.718198   -43.571988
 237    8.2821     0.002634     0.007003     3.224694    -0.126953
 238    8.2886     0.014706     0.009860   -25.446259   -21.799993
 239    8.2918     0.006316     0.004728   -19.248421   -14.824268
 240    8.2954     0.059479     0.033932    77.576163    60.757379
 241    8.3017     0.026101     0.014244    27.276090    22.622447
 242    8.3194     0.020420     0.013007    -1.774951    -1.061255
 243    8.3279     0.059647     0.041613   -30.964956   -37.583255
 244    8.3315     0.065459     0.044599   -11.161148    -9.048774
 245    8.3423     0.036556     0.030654   -22.068074   -15.163308
 246    8.3521     0.003642     0.054923    47.922264   111.595792
 247    8.3552     0.005008     0.030424   -25.474288   -74.333334
 248    8.3605     0.011433     0.008279    19.841829    13.142786
 249    8.3627     0.002878     0.006906    -2.869432     4.482257
 250    8.3656     0.005270     0.007064    -9.909369   -12.581422
 251    8.3688     0.025437     0.016425    38.256485    31.271275
 252    8.3728     0.006328     0.026727    -0.532979     5.452298
 253    8.3790     0.007868     0.009465   -11.408117     4.877012
 254    8.3976     0.060780     0.032365   -25.396035   -21.197694
 255    8.4051     0.000980     0.000936     5.277502     5.105696
 256    8.4095     0.005845     0.008496   -10.472730   -11.720447
 257    8.4136     0.041121     0.032438     8.928079   -24.993947
 258    8.4194     0.005095     0.003683     7.070384     4.678630
 259    8.4209     0.058562     0.040353    -5.235674    -4.508626
 260    8.4219     0.004077     0.009935    -4.899873    -3.456736
 261    8.4300     0.000328     0.001449     1.203996     5.037195
 262    8.4414     0.014633     0.009685     3.340850     2.474738
 263    8.4504     0.029460     0.015146    -9.937405   -19.588196
 264    8.4565     0.058515     0.033240    -1.460691     6.210231
 265    8.4600     0.001347     0.007722    -3.313541   -16.934093
 266    8.4700     0.016312     0.009985   -16.528317   -12.894436
 267    8.4710     0.081207     0.025735     5.443360    12.243891
 268    8.4765     0.017057     0.005357   -14.567285    -4.704730
 269    8.4789     0.043417     0.033056    39.904807    26.068906
 270    8.4815     0.002536     0.001857    -9.792304    -2.737792
 271    8.4843     0.019216     0.009425    10.489423     5.372220
 272    8.4925     0.046201     0.022325   -14.174998   -23.170995
 273    8.4944     0.004416     0.001584    -0.153289     3.862513
 274    8.4981     0.051897     0.037203     6.800065     7.620703
 275    8.5019     0.001760     0.003014     4.292285     0.423247
 276    8.5101     0.015070     0.025313    10.282558    12.662846
 277    8.5132     0.006056     0.004486     9.867082    13.109212
 278    8.5191     0.009620     0.004867     3.566566     1.305699
 279    8.5275     0.008067     0.005699    -5.124102    -5.707264
 280    8.5327     0.002744     0.004006     0.133142     1.798090
 281    8.5347     0.002552     0.002035     4.035774     0.695691
 282    8.5477     0.001023     0.001822    -3.123166     9.457037
 283    8.5555     0.005537     0.003082    -4.774192    -2.122653
 284    8.5659     0.000384     0.001462     0.422282    -0.970547
 285    8.5695     0.001291     0.002578    -6.500989    -2.987809
 286    8.5804     0.002664     0.002855    -3.898351    -0.835533
 287    8.5909     0.005957     0.003434    13.328017     1.989865
 288    8.5956     0.027648     0.010924   -31.721445   -31.562044
 289    8.6015     0.000597     0.007672    -3.118942    -8.893510
 290    8.6043     0.001563     0.006331     0.665739     2.416258
 291    8.6114     0.000856     0.001630    -5.401790    -6.804204
 292    8.6158     0.017097     0.009969    20.197116    26.826883
 293    8.6162     0.007185     0.002562    -3.215687    -0.160223
 294    8.6181     0.052529     0.026420   -23.288040   -25.415774
 295    8.6226     0.007481     0.012046    -7.150616    -6.471053
 296    8.6258     0.001801     0.001440    10.119418     2.053869
 297    8.6349     0.017559     0.017735    53.875058    64.227327
 298    8.6369     0.000228     0.011921     1.440397   -14.595042
 299    8.6480     0.005444     0.001523    26.436679     5.201566
 300    8.6499     0.008027     0.009528   -27.496881   -11.912708
 301    8.6600     0.001342     0.006412     7.410575   -19.964872
 302    8.6732     0.003661     0.004969     7.928435     6.983837
 303    8.6761     0.010497     0.009167   -10.889311    -3.887163
 304    8.6915     0.012064     0.005024    14.755467     7.818066
 305    8.6944     0.000427     0.004681     2.520276    -1.156427
 306    8.7026     0.000449     0.000885    -1.292576     3.512352
 307    8.7146     0.008531     0.012554    -0.429038     2.188511
 308    8.7186     0.000520     0.007550    -4.959100   -28.344055
 309    8.7196     0.003324     0.003563     1.408722     4.617092
 310    8.7247     0.000549     0.003202    -3.797010   -12.108940
 311    8.7263     0.012574     0.009913   -18.585772    -8.875317
 312    8.7277     0.004143     0.015751     2.398027    63.362592
 313    8.7404     0.011011     0.022670    10.835741     0.785245
 314    8.7461     0.006577     0.011782    29.700946    35.155471
 315    8.7476     0.013353     0.015713    18.444413     6.630199
 316    8.7538     0.007942     0.006434     6.408195     4.513810
 317    8.7603     0.016816     0.012296   -16.105486    -2.017390
 318    8.7748     0.037673     0.030712    25.444852    17.860971
 319    8.7843     0.026802     0.025062   -18.560044   -16.598727
 320    8.7896     0.003352     0.007776     1.710027     1.843000
 321    8.8000     0.023263     0.017147    22.838723    14.449924
 322    8.8073     0.013083     0.016055   -11.216379     9.466746
 323    8.8116     0.013303     0.008116    -5.350894   -21.658942
 324    8.8223     0.004436     0.003320    -4.249709    -5.820208
 325    8.8279     0.009848     0.009145    -3.573609    -5.097516
 326    8.8331     0.005678     0.003168     3.613345     3.234233
 327    8.8342     0.000953     0.001153     0.681970     3.021934
 328    8.8347     0.002181     0.004457     0.134696    -1.889281
 329    8.8401     0.001247     0.000876     1.057416     3.362684
 330    8.8417     0.009609     0.011894   -11.616598   -12.636270
 331    8.8492     0.005724     0.004281     4.529639     8.096439
 332    8.8548     0.007531     0.005142    13.311175     8.013361
 333    8.8602     0.001313     0.000689    -1.370919    -1.153390
 334    8.8616     0.000138     0.000648    -0.579675     0.839465
 335    8.8644     0.001565     0.002090    -4.962462    -4.086195
 336    8.8676     0.010020     0.006768   -16.128901   -15.161765
 337    8.8738     0.000902     0.005684    -6.137523   -11.380676
 338    8.8792     0.005266     0.007616    14.247073    12.103101
 339    8.8823     0.019906     0.015743    21.177048     6.428980
 340    8.8836     0.001587     0.000518    -0.316667    -1.567907
 341    8.8870     0.032941     0.032353   -25.443894   -29.412740
 342    8.8912     0.008789     0.003079    -0.398576    -0.742578
 343    8.8934     0.002109     0.000663    -3.173512    -1.364130
 344    8.9003     0.015395     0.001617    -7.423707    -1.987421
 345    8.9045     0.002663     0.000658    -2.893554    -0.893765
 346    8.9104     0.038922     0.027706    -8.531572    -8.051702
 347    8.9149     0.020497     0.022081    23.299786    24.676977
 348    8.9151     0.009673     0.004599    -6.672175    -5.285452
 349    8.9224     0.017667     0.007655    -5.787167    -4.004500
 350    8.9282     0.011581     0.007169     9.865408     9.900509
 351    8.9361     0.015734     0.009184   -20.152043   -11.257456
 352    8.9381     0.012748     0.006946    26.708766    18.483789
 353    8.9391     0.001152     0.002284     1.407472    11.510310
 354    8.9448     0.002899     0.004732   -14.585402   -10.591984
 355    8.9490     0.009442     0.003779     8.895254    19.391261
 356    8.9577     0.001641     0.001221     2.111367     3.507139
 357    8.9621     0.029392     0.023897    -8.031285    -3.526358
 358    8.9652     0.027565     0.015998    -8.638731    -7.824097
 359    8.9681     0.003902     0.001125   -18.155456   -14.237770
 360    8.9703     0.008789     0.005499    -3.257601    -2.696279
 361    8.9769     0.016104     0.006738    -7.999515    -7.734954
 362    8.9834     0.046763     0.036146   -18.491581    -7.954723
 363    8.9891     0.002230     0.000258     1.078319     1.733729
 364    8.9942     0.012024     0.002432    14.554429     6.297454
 365    9.0026     0.012104     0.004179    -0.864842    -2.429460
 366    9.0082     0.006429     0.012225   -12.972823   -11.542321
 367    9.0114     0.002097     0.000848     1.927992    -1.213211
 368    9.0157     0.006973     0.014508   -14.489255   -21.406823
 369    9.0190     0.002653     0.001430    -4.339306    -2.118130
 370    9.0213     0.003250     0.003782     4.289090    -4.637848
 371    9.0237     0.012542     0.017418   -20.093636   -24.980427
 372    9.0252     0.000905     0.000800    -3.059455    -3.663337
 373    9.0383     0.012397     0.001456   -41.521844    -7.565474
 374    9.0405     0.005397     0.004961    17.404462    15.338182
 375    9.0449     0.011336     0.012863     1.684611     3.911893
 376    9.0560     0.018416     0.018276    -3.860154    -0.905321
 377    9.0570     0.006542     0.007296    11.827143    12.380670
 378    9.0599     0.012000     0.012545    -4.918748    -5.566956
 379    9.0628     0.012026     0.009263    20.821557    19.034876
 380    9.0696     0.008941     0.008447    31.339001    30.774588
 381    9.0762     0.006576     0.005057   -17.956142   -13.943785
 382    9.0817     0.007403     0.005338    -1.264676    -2.327477
 383    9.0833     0.001597     0.001080    -6.009114    -4.043324
 384    9.0882     0.001875     0.005448    13.147984    19.421717
 385    9.0921     0.002588     0.001962    -3.937589    -3.652816
 386    9.0969     0.000786     0.000157     0.166950    -0.228062
 387    9.1000     0.009431     0.011498    12.908267    16.349335
 388    9.1013     0.007998     0.006158   -12.763250    -8.611830
 389    9.1020     0.003217     0.002105    -2.162982    -1.870925
 390    9.1071     0.001596     0.004916    -6.026591   -12.936160
 391    9.1103     0.001044     0.002540    -0.731432    -3.684410
 392    9.1139     0.005475     0.008505    -7.701530   -14.607459
 393    9.1169     0.003573     0.010356    -2.956885    -0.870053
 394    9.1256     0.002398     0.000742     7.065318     4.227710
 395    9.1334     0.000505     0.001685     1.667295     4.416800
 396    9.1418     0.003589     0.003080     4.220693     3.666833
 397    9.1426     0.004390     0.012923    -0.118135    -0.911932
 398    9.1490     0.006601     0.006370     3.542891     3.674915
 399    9.1554     0.003935     0.000644     1.884604     0.288829
 400    9.1651     0.000685     0.005016    -7.469012   -18.088563
 401    9.1656     0.024455     0.018672    -8.170131    -9.789137
 402    9.1730     0.000199     0.000073    -0.792620    -0.594506
 403    9.1767     0.001930     0.003255    11.543937    10.212096
 404    9.1848     0.001565     0.007682    -4.109621    15.753827
 405    9.1872     0.005139     0.005535    13.506329     7.960230
 406    9.1895     0.003707     0.006002     1.788009   -16.719720
 407    9.1968     0.004810     0.005119    -2.848140    -2.576319
 408    9.1986     0.001104     0.004210     2.429928    -5.291098
 409    9.2030     0.014539     0.016723    -4.706236    -2.618076
 410    9.2075     0.001457     0.003194    -3.054332    -8.875349
 411    9.2106     0.001561     0.000369    -0.136650    -0.156547
 412    9.2223     0.004480     0.005165     5.332329    -6.528994
 413    9.2260     0.004675     0.003879    -1.284498    -3.681976
 414    9.2280     0.000746     0.000918    -0.269123     3.620171
 415    9.2351     0.010474     0.004302     9.062693     9.050293
 416    9.2361     0.003121     0.001470    -2.507734    -2.052607
 417    9.2464     0.013529     0.010089    -6.024986    -2.931533
 418    9.2524     0.016376     0.007193     1.573603     4.987205
 419    9.2558     0.003500     0.004267     4.846798     5.967222
 420    9.2563     0.006429     0.009747   -17.031232   -21.321056
 421    9.2594     0.003480     0.001809    -3.124924     2.104151
 422    9.2651     0.000465     0.001751    -5.526252    -5.921188
 423    9.2679     0.002049     0.003225     0.435126   -11.193055
 424    9.2754     0.000114     0.000869    -0.014856    -0.404054
 425    9.2817     0.001189     0.005875     8.210740    10.675326
 426    9.2868     0.003567     0.001620    -4.166280    -5.735759
 427    9.2907     0.002032     0.001151    -1.909887    -3.152190
 428    9.2961     0.003360     0.006464     8.552531     5.052784
 429    9.2983     0.003086     0.003422     8.746253    14.001031
 430    9.3153     0.002860     0.002980    11.577737     9.301559
 431    9.3169     0.001442     0.000836    -0.738052    -1.330621
 432    9.3205     0.009285     0.024086     6.110862     8.321598
 433    9.3234     0.006674     0.005165    16.221084     8.913010
 434    9.3284     0.004029     0.006541     3.427498    -3.165309
 435    9.3306     0.002369     0.001577     4.798845     3.502092
 436    9.3313     0.001783     0.002453     3.227800     7.610345
 437    9.3348     0.001953     0.003936    -4.396922     8.743991
 438    9.3408     0.002053     0.000762     0.755710     0.557089
 439    9.3429     0.001752     0.000674     7.210038     3.350788
 440    9.3476     0.004963     0.004719   -12.874847   -14.549629
 441    9.3496     0.004528     0.007910   -13.928695    -7.806519
 442    9.3533     0.000456     0.004095     4.452747     9.415529
 443    9.3555     0.001166     0.000167     2.833121    -1.047044
 444    9.3581     0.000044     0.000112     0.656965     0.497781
 445    9.3668     0.007404     0.008685    20.946015    27.325482
 446    9.3746     0.008196     0.000546     3.128446    -6.499692
 447    9.3791     0.009934     0.006280    -0.712431    -0.981974
 448    9.3831     0.001077     0.002077    14.250612    13.800257
 449    9.3853     0.000431     0.000852     1.898664     0.841214
 450    9.3868     0.011446     0.003716   -36.424263   -21.358928
 451    9.3905     0.010558     0.011709    -2.774828    -5.714323
 452    9.3927     0.002885     0.001315     2.446350     1.884276
 453    9.3984     0.009657     0.010057    22.113390    19.565955
 454    9.4014     0.002803     0.002879     1.359824     3.470892
 455    9.4074     0.006330     0.006739   -12.960250    -9.853038
 456    9.4110     0.008637     0.003077    17.929439     5.990431
 457    9.4186     0.003008     0.004976    -5.935845   -11.506955
 458    9.4211     0.000654     0.001182     2.429247     1.674621
 459    9.4240     0.001876     0.001955    -2.849881    -5.631711
 460    9.4260     0.001606     0.001270     3.289290     3.980126
 461    9.4341     0.004532     0.004667     5.815214     5.832346
 462    9.4408     0.007858     0.006657    -5.480742    -2.344370
 463    9.4430     0.002310     0.006658    -4.759100    -9.205758
 464    9.4489     0.009672     0.009167   -12.809940   -10.727531
 465    9.4517     0.003401     0.000463     0.861559     3.845927
 466    9.4604     0.004306     0.002053    14.319877    10.270784
 467    9.4684     0.001158     0.000661    -4.743273    -2.022085
 468    9.4707     0.005672     0.003546     1.330484     1.721266
 469    9.4764     0.008174     0.006505   -23.161009   -18.374806
 470    9.4843     0.001841     0.000610   -18.560309     1.704090
 471    9.4873     0.002564     0.007250    -8.187968     3.214004
 472    9.4958     0.001505     0.002697    -0.177952     1.095397
 473    9.5004     0.006756     0.005240     2.393160     5.140168
 474    9.5006     0.009200     0.010865    15.502103    18.982192
 475    9.5086     0.006744     0.004481     6.959831     3.801619
 476    9.5102     0.015247     0.014706    -4.234820     1.483780
 477    9.5140     0.004151     0.010655    -1.774146   -15.943427
 478    9.5220     0.005921     0.002014    19.582170    12.732712
 479    9.5257     0.012067     0.010758   -17.381456   -12.983793
 480    9.5303     0.012778     0.007002     1.568138    -0.568158
 481    9.5345     0.013213     0.005931     1.768803    -5.302787
 482    9.5440     0.000071     0.000011     0.035586     0.028708
 483    9.5498     0.013410     0.015051    15.156364    14.388737
 484    9.5503     0.004152     0.000170    -2.406830    -3.244172
 485    9.5562     0.001680     0.003925    -4.992358    -6.358371
 486    9.5679     0.000246     0.002290     4.570865     9.950552
 487    9.5710     0.008753     0.014480     3.896762    12.569575
 488    9.5766     0.001228     0.002967    -2.526172    -3.030964
 489    9.5802     0.000257     0.001777    -0.602413    -4.395629
 490    9.5844     0.000551     0.000806    -1.053364    -1.846027
 491    9.5911     0.000731     0.000303     1.896719     0.993994
 492    9.5925     0.000317     0.001814    -2.574475     4.611010
 493    9.5937     0.003882     0.000284     2.591264     1.876809
 494    9.6040     0.001499     0.005030    -1.116553     8.109571
 495    9.6047     0.000732     0.005006     0.852552    -1.322730
 496    9.6223     0.001920     0.004151     0.404072     4.673017
 497    9.6245     0.000955     0.021111     7.207299    15.398020
 498    9.6317     0.003782     0.002485     0.288462     2.182926
 499    9.6336     0.002166     0.013953     6.197290    14.916987
 500    9.6413     0.002329     0.020239    -1.105827     0.012373
 501    9.6445     0.002305     0.021399    14.921188    24.599522
 502    9.6483     0.004869     0.028217     9.996341    21.934934
 503    9.6520     0.001041     0.009337    -4.204897    -3.272769
 504    9.6537     0.004162     0.001774     0.716114    -1.206883
 505    9.6581     0.002557     0.001738    -7.795793   -13.202126
 506    9.6620     0.001967     0.014850     7.468557     2.826582
 507    9.6670     0.005000     0.001197    11.707215    12.984261
 508    9.6715     0.008672     0.032316    11.412554    -2.788169
 509    9.6721     0.006070     0.004554   -11.382391     1.978326
 510    9.6744     0.002415     0.001093     4.006301    10.951811
 511    9.6784     0.004807     0.009082    14.648442    18.115744
 512    9.6803     0.003822     0.009422    -0.056525     2.924733
 513    9.6819     0.002540     0.001137    11.544333     3.369201
 514    9.6835     0.007272     0.002279   -21.612814   -16.479339
 515    9.6850     0.002051     0.001445    -7.305993     1.464793
 516    9.6870     0.001929     0.004568     2.824243     5.557124
 517    9.6968     0.009619     0.025974    15.532865    27.405055
 518    9.6996     0.007066     0.046567   -10.037452     0.906911
 519    9.7002     0.001532     0.009865    -7.630355    -7.084026
 520    9.7051     0.001649     0.016840     9.352056    15.105371
 521    9.7101     0.001591     0.000468     7.252629     0.013785
 522    9.7130     0.001625     0.008616     3.401131     2.900644
 523    9.7165     0.004558     0.007580    -0.584149     0.597141
 524    9.7179     0.000687     0.001320    -0.854906    -0.727957
 525    9.7202     0.003301     0.003778     7.436840     6.360163
 526    9.7296     0.002545     0.003035    -1.175684    -1.723400
 527    9.7405     0.001884     0.001232   -15.286505    -5.026410
 528    9.7431     0.003919     0.008902     6.089602     7.581358
 529    9.7457     0.001293     0.000217    -0.068845     0.221852
 530    9.7485     0.002545     0.003801    -6.493583     2.616193
 531    9.7504     0.000134     0.000099     0.663125     0.585798
 532    9.7522     0.002503     0.003982    -2.825006    -7.050495
 533    9.7546     0.000174     0.000484     1.109007     3.739846
 534    9.7569     0.000100     0.000792    -0.166988     2.194479
 535    9.7601     0.001825     0.003843   -19.456121   -17.715868
 536    9.7637     0.000967     0.007100     5.518993     7.421415
 537    9.7719     0.004455     0.002794     4.121481     3.460797
 538    9.7747     0.004161     0.014317   -14.853352   -31.029549
 539    9.7792     0.004842     0.015607    12.610466    13.558241
 540    9.7854     0.007870     0.013301     1.213216     0.141561
 541    9.7857     0.000455     0.002186     7.485935     1.347140
 542    9.7861     0.003953     0.002506     7.051506     2.934664
 543    9.7886     0.003472     0.003710     9.635519     8.873988
 544    9.7920     0.000469     0.004522    -3.808800    -3.742553
 545    9.7948     0.003360     0.001636    -6.131523    -4.062080
 546    9.8002     0.001204     0.000123     5.220117     2.241974
 547    9.8013     0.000849     0.003094     0.156162    -8.294677
 548    9.8050     0.000051     0.000139     0.205045     0.222474
 549    9.8083     0.001089     0.003524     1.002750    -5.459730
 550    9.8128     0.001570     0.000829     4.322148     1.469639
 551    9.8164     0.001626     0.013090    -0.002661    -1.442714
 552    9.8201     0.004574     0.003673    -9.932756   -11.769251
 553    9.8288     0.002823     0.000184    -4.679568    -1.575960
 554    9.8300     0.002130     0.003845     4.629509     3.115963
 555    9.8319     0.003387     0.000840    -0.773631    -1.724275
 556    9.8409     0.001725     0.002702     0.830146    -2.158562
 557    9.8426     0.012715     0.016612     0.322984     8.160522
 558    9.8490     0.000967     0.002502     4.472487    15.638039
 559    9.8522     0.000865     0.003606    -2.778846    -6.229842
 560    9.8581     0.002474     0.000559    -3.259790    -2.900498
 561    9.8602     0.007599     0.008030    -6.144282    -6.961339
 562    9.8655     0.004731     0.006769    25.397807    21.515398
 563    9.8739     0.002457     0.003414     0.326278     1.840082
 564    9.8796     0.003099     0.002507     1.828610     6.009173
 565    9.8829     0.001486     0.001717    -4.255662    -2.949577
 566    9.8875     0.001919     0.001707    -0.694036    -0.924181
 567    9.8921     0.000054     0.001172    -1.320549     4.776103
 568    9.8946     0.002102     0.000712    -1.128965    -1.857549
 569    9.8963     0.000821     0.001205     2.507626     3.529526
 570    9.8990     0.000638     0.001611     1.050993     1.874854
 571    9.9031     0.000996     0.001198     3.369786     3.466088
 572    9.9083     0.001058     0.000143     1.054422     0.983252
 573    9.9123     0.000457     0.000650     3.387618     4.075485
 574    9.9151     0.003045     0.001618     6.614368     7.890386
 575    9.9157     0.000826     0.000995    -8.806803    -0.182185
 576    9.9202     0.002038     0.001512    -0.387058    -2.027513
 577    9.9251     0.000688     0.000361    -3.121795     0.092352
 578    9.9301     0.001541     0.000231    -5.834064     3.185154
 579    9.9359     0.004165     0.000651    16.339236     0.761983
 580    9.9404     0.004379     0.001178    -0.800219    -0.164766
 581    9.9461     0.000487     0.001534     2.150445     3.926578
 582    9.9495     0.001139     0.003844     9.124053     6.655285
 583    9.9542     0.000939     0.000737     2.523603     2.677136
 584    9.9549     0.001096     0.001645    -4.124150    -4.599884
 585    9.9601     0.000355     0.000755     4.038891     3.066240
 586    9.9629     0.001044     0.001868     2.727290     1.253618
 587    9.9674     0.001358     0.000676     4.694573     3.863227
 588    9.9703     0.001940     0.008241    -3.124903   -11.552332
 589    9.9738     0.000261     0.001637     0.683978     9.921125
 590    9.9777     0.000715     0.000835     0.115132     1.819620
 591    9.9789     0.001593     0.001541    -3.476885    -4.346429
 592    9.9845     0.001277     0.001908     7.953049     2.230666
 593    9.9854     0.004986     0.004018     7.534235     2.815468
 594    9.9903     0.000642     0.003375     1.172022     0.249538
 595    9.9909     0.001190     0.002333    -4.425681     2.454693
 596    9.9942     0.000934     0.000474     3.868818     1.929428
 597    9.9982     0.000051     0.000087    -0.081691    -0.091893
