$coord
         23.752884071256          4.881518414665          4.445002765583     c 
         21.858345274315          3.265858482637          4.758846227693     c 
         20.785082881065          1.587541684464          2.853837160112     c 
         21.487520679823          1.656012432588          0.311449019985     c 
         20.411528722510          0.028839673487         -1.419558932957     c 
         18.608988176133         -1.728885046528         -0.668322691664     c 
         17.475501999249         -3.533611381305         -2.564443877594     c 
         15.039595539674         -4.415411973487         -1.917562039564     o 
         13.063129085246         -2.760671487558         -1.968420417587     c 
         13.218725595925         -0.219659284853         -2.588459024040     c 
         11.063559968796          1.292680893603         -2.638258203572     c 
          8.700281381804          0.364169564375         -2.052133878333     c 
          8.532768335173         -2.168802671114         -1.378208307640     c 
         10.682932120331         -3.744761050391         -1.354968045196     c 
          9.829042168462         -6.221808844709         -0.657964307460     c 
         11.046207271848         -8.518706104585         -0.289154616304     c 
          9.623482325295        -10.581981636067          0.437600484278     c 
          7.026560750035        -10.371733825065          0.821974679383     c 
          5.775349355360         -8.106740107075          0.467537627437     c 
          7.186810685958         -6.034723952361         -0.302258351511     c 
          6.432599984752         -3.576508210973         -0.743253587324     n 
          3.946495202305         -2.666146975917         -0.586030056192     c 
          1.999295833679         -3.896118967202         -1.859598012064     c 
         -0.446060670009         -3.007494733358         -1.703437171576     c 
         -1.003410756286         -0.861737931780         -0.275455200013     c 
         -3.485249772623          0.039580467926         -0.115972486288     n 
         -3.946980018071          2.641789475989         -0.127180156464     c 
         -5.876138335151          3.670643036902          1.348357004522     c 
         -6.354967547304          6.232630045670          1.305539609243     c 
         -4.892672399072          7.834998917836         -0.184028301704     c 
         -5.381840328380         10.442528515835         -0.230328396661     n 
         -5.569983336074         12.000535132308          1.852173824836     c 
         -5.239687840244         11.438644099516          4.393052285073     c 
         -5.485952759784         13.385825979814          6.115293004793     c 
         -6.036492924814         15.843165481802          5.343107892417     c 
         -6.330330322028         16.421373838678          2.815722394325     c 
         -6.088201493837         14.496369687548          1.046982732925     c 
         -6.225038109314         14.417803961762         -1.662604295705     c 
         -6.695944343875         16.229387589710         -3.503552088417     c 
         -6.723686862226         15.492527165564         -6.006513825801     c 
         -6.313379568198         12.980336424397         -6.683342808535     c 
         -5.841646455435         11.144218839651         -4.887769880634     c 
         -5.771051249071         11.880461572004         -2.370957656171     c 
         -2.944861445320          6.821506453636         -1.634253817249     c 
         -2.488653989511          4.255106040991         -1.619843717582     c 
         -5.497796103600         -1.667415689048          0.024311829050     c 
         -5.253068171048         -3.916521790531          1.380615282046     c 
         -7.233249703771         -5.606034525042          1.514784820383     c 
         -9.506753319976         -5.091458037771          0.293603612372     c 
        -11.519952378463         -6.814230475735          0.425577350231     n 
        -13.963893274953         -6.253687631990          1.142190258002     c 
        -14.987033852883         -3.977567048872          1.950598278274     c 
        -17.514144864190         -3.940273012807          2.606069494928     c 
        -18.999926031267         -6.111479131565          2.479586429926     c 
        -17.983757999309         -8.390103077297          1.715560610183     c 
        -15.446519772124         -8.476003727377          1.046316017528     c 
        -13.797356539709        -10.465875428430          0.217384662739     c 
        -14.147429402568        -13.022855336519         -0.264423185661     c 
        -12.115282636494        -14.428242382222         -1.103280400639     c 
         -9.761344139844        -13.310327064234         -1.486540221021     c 
         -9.365436444315        -10.772219207684         -1.018865720811     c 
        -11.391172875945         -9.357006966799         -0.138542462091     c 
         -9.760628296695         -2.849181324737         -1.059769514931     c 
         -7.781870624248         -1.157545654178         -1.192201893913     c 
          0.954062587318          0.369769002603          0.991412922219     c 
          3.397975965761         -0.525527999281          0.843026791588     c 
         17.902557350130         -1.818687167023          1.857050779762     c 
         18.964896646021         -0.176920484686          3.584599436140     c 
         24.721428650180          5.117021117085          2.671361672188     h 
         24.417761864724          6.039335676660          5.980788898545     h 
         20.986314548424          3.112774976756          6.605610181770     h 
         22.874560545520          3.007227418040         -0.326345915222     h 
         20.972596872252          0.119717125351         -3.382375486963     h 
         18.627018245990         -5.255818950850         -2.646024604135     h 
         17.460030320537         -2.680286667755         -4.457107709386     h 
         15.014727374028          0.631186793708         -3.035896229725     h 
         11.268819097283          3.256571987400         -3.155580101948     h 
          7.049767604914          1.556970116339         -2.129930246921     h 
         13.061422715642         -8.660210824647         -0.565527081098     h 
         10.531900410297        -12.386960025852          0.730189039743     h 
          5.968840823196        -12.014526006168          1.415043904222     h 
          3.767796209851         -7.956377375910          0.798256086715     h 
          2.420771533536         -5.531550009426         -3.003930988521     h 
         -1.942561465878         -3.961640721038         -2.710360489366     h 
         -7.008825383311          2.443953138967          2.521126081821     h 
         -7.873758886430          7.007313720619          2.426261726779     h 
         -4.787409974747          9.546199120600          5.006706038622     h 
         -5.241132169670         12.996931763298          8.104727606633     h 
         -6.220124737535         17.313028156895          6.747886363404     h 
         -6.731757791282         18.330742530015          2.217227153056     h 
         -7.039375398549         18.171618277779         -2.979243838625     h 
         -7.081846948231         16.873443522963         -7.466791389646     h 
         -6.371844591878         12.456525351947         -8.656006873078     h 
         -5.553836361408          9.198127356371         -5.428487795301     h 
         -1.791153800965          8.058496849440         -2.775151847705     h 
         -0.988953265911          3.482106619158         -2.767327273564     h 
         -3.503230717251         -4.321803193913          2.348687208707     h 
         -7.039474874784         -7.322780593932          2.600104903003     h 
        -13.845231651997         -2.291881285963          2.080430525122     h 
        -18.356423653648         -2.190545256256          3.236746407143     h 
        -20.970049219012         -6.003689342198          3.003760929165     h 
        -19.129834532104        -10.077253151073          1.643822780863     h 
        -15.977301716258        -13.885003829577          0.006793940497     h 
        -12.347675915493        -16.419976720482         -1.485985908979     h 
         -8.213725196214        -14.453951897731         -2.169223746139     h 
         -7.542054709119         -9.917641407083         -1.346237857694     h 
        -11.505935108583         -2.457647859520         -2.041141750227     h 
         -7.989136360541          0.566603976903         -2.263454744972     h 
          0.542094211327          2.023430922817          2.113642940466     h 
          4.893896161941          0.411158885933          1.866022284833     h 
         16.501570518950         -3.177339470314          2.459492752223     h 
         18.384051097146         -0.267620740689          5.541097810844     h 
$end
