 NM
 VELO
 MMASS
   537.622199999999     
 LFAKTOR
  0.5
 RFAKTOR
  1.0
 WIDTH
  0.20
 SHIFT
  0.00
 DATXY
   1    2.6198     0.612892     0.049401    -6.406991    -1.852132
   2    3.2235     0.005931     0.273830   -10.714644     4.319003
   3    3.3977     0.373499     0.077047    -0.007892    -8.127607
   4    3.7431     1.110842     0.213026    -4.711571    -8.030856
   5    3.7756     0.188956     0.045460     3.237147    -0.467398
   6    3.9548     0.104471     0.023651     3.595310     2.981608
   7    4.3457     0.116542     0.039519     3.246359    -5.059167
   8    4.4595     0.073211     0.006629    -9.881651    -3.385434
   9    4.5127     0.000387     0.000687     1.019690     0.378130
  10    4.5213     0.004184     0.019586     0.676027     2.123532
  11    4.5769     0.025225     0.003154     3.600468     4.150246
  12    4.6453     0.052040     0.009973    -3.971085     0.028912
  13    4.7838     0.049740     0.017681   -38.193032   -28.031834
  14    4.8689     0.496054     0.074613    16.448885    12.750844
  15    4.9068     0.709197     0.149655     6.105861    10.301429
  16    5.0442     0.072125     0.017300    -5.290969    -5.411428
  17    5.1268     0.023300     0.004345    -1.016059    -0.050358
  18    5.2235     0.183610     0.062484   -14.350685   -10.160202
  19    5.4220     0.055013     0.010067    26.236378    21.416724
  20    5.4569     0.028057     0.004728   -12.193903   -14.935485
  21    5.4785     0.000220     0.000629   -16.474517    -9.992476
  22    5.5048     0.036934     0.014195   -18.981188   -18.107775
  23    5.5472     0.334685     0.093729   -22.282953   -81.531458
  24    5.5707     0.539818     0.078988    71.177879    89.253584
  25    5.5778     0.110936     0.029200    38.268541    71.668632
  26    5.6513     0.081329     0.041023    10.855657    -2.284444
  27    5.6548     0.016660     0.022866   -24.811224     6.555454
  28    5.7465     1.135706     0.216434   -40.635317   -62.433881
  29    5.7856     0.052090     0.012194    11.709421     5.343258
  30    5.8231     0.009870     0.008642    -2.904215    -2.931439
  31    5.9190     0.039437     0.013086     9.992940    11.188244
  32    5.9332     0.029128     0.007482     8.220534     3.248514
  33    5.9533     0.031111     0.008592     4.330847     2.529350
  34    6.0285     0.021080     0.007252    -0.302947    -5.493630
  35    6.0754     0.010409     0.002075    23.949983    19.360699
  36    6.1874     0.039260     0.014205   -21.272704   -16.109133
  37    6.2429     0.059667     0.021960    38.410125    24.849227
  38    6.2974     0.007304     0.019730   -10.004166    -6.110982
  39    6.3143     0.002447     0.008728     6.326866    -1.778990
  40    6.3384     0.002006     0.002286    -2.208270    -4.957362
  41    6.3578     0.128154     0.034576    13.743028     9.290648
  42    6.3620     0.108641     0.029717    12.911071   -11.602806
  43    6.4629     0.270408     0.062303    18.042717    16.502293
  44    6.4991     0.078349     0.017670   -39.149762   -17.959665
  45    6.5447     0.141801     0.036938    61.003171    35.278553
  46    6.5525     0.188137     0.042904   -78.576321   -43.990398
  47    6.6250     0.054997     0.017459   -13.090628    -0.712708
  48    6.6778     0.048952     0.022979   -44.828408   -24.878279
  49    6.6949     0.019386     0.025984    17.338304    69.833111
  50    6.7001     0.084632     0.020019    58.813035    31.245127
  51    6.7636     0.008241     0.008498   -24.151619   -17.753804
  52    6.7752     0.040494     0.012520     6.837239     6.948220
  53    6.7877     0.028479     0.011190     8.181955    39.085234
  54    6.7922     0.019071     0.008794   -13.983957   -26.574885
  55    6.7956     0.024923     0.009464    20.926837    -0.061014
  56    6.8134     0.084267     0.025718    33.246863    25.589858
  57    6.8219     0.101459     0.010591   -44.349453    -5.125707
  58    6.8480     0.024192     0.016260    35.190119   -13.395830
  59    6.8765     0.139773     0.017184    44.435763    14.798792
  60    6.9061     0.371855     0.093856    23.845779    34.209348
  61    6.9183     0.213103     0.054924   -45.154699   -49.971202
  62    6.9227     0.025477     0.008100   -15.373345   -14.741481
  63    6.9534     0.005765     0.009380     0.366891     4.999459
  64    6.9562     0.028378     0.003826    52.138773    20.956475
  65    6.9590     0.010489     0.006516   -35.331580   -12.206689
  66    6.9812     0.020698     0.008192     1.029814     8.722322
  67    7.0271     0.005436     0.013737   -27.633955   -17.592875
  68    7.0553     0.002410     0.005637    -7.476575     0.835097
  69    7.0747     0.040054     0.023986    52.897211    32.332162
  70    7.0971     0.035153     0.010646   -42.192634   -30.842250
  71    7.1078     0.040229     0.005512   -14.400867    -6.538402
  72    7.1662     0.020375     0.012557   -65.425834   -82.353659
  73    7.1824     0.013697     0.035055    23.893973    23.161816
  74    7.2040     0.114603     0.041670    57.293209    53.810447
  75    7.2454     0.088505     0.050925     0.221862   -67.278336
  76    7.2574     0.216331     0.046568   -13.272272   -23.550410
  77    7.2666     0.011408     0.007009    -0.245543     5.255152
  78    7.2933     0.019456     0.003773    -4.607816    -4.119758
  79    7.3049     0.019351     0.009682     9.114657    13.375369
  80    7.3059     0.056946     0.016783     2.766280     1.675493
  81    7.3185     0.031979     0.007718     3.992044    -5.847259
  82    7.3430     0.181692     0.042952    11.458039     6.433090
  83    7.3562     0.009278     0.002801   -16.757191     8.198156
  84    7.4229     0.023159     0.013336    -8.925929   -16.010176
  85    7.4472     0.009037     0.001203   -19.250591   -22.875846
  86    7.4607     0.007651     0.006911     5.187173     6.799563
  87    7.4990     0.039480     0.010705    20.553277    11.828013
  88    7.5003     0.115598     0.040728  -188.038570  -164.442276
  89    7.5116     0.531038     0.139386   316.507437   253.233858
  90    7.5451     0.006720     0.003404   -45.018007   -33.365562
  91    7.5632     0.026577     0.018305   -32.005484   -50.966516
  92    7.5713     0.125545     0.043458   -60.210108   -11.199530
  93    7.5837     0.056826     0.033641   -88.933807   -31.713346
  94    7.5980     0.054160     0.021339    66.408416    62.467232
  95    7.6055     0.098318     0.035969    19.605029    -4.542813
  96    7.6090     0.070022     0.021600   -50.529941   -31.357273
  97    7.6221     0.061315     0.015875    21.182280    44.188822
  98    7.6331     0.001809     0.000323    -1.512335     0.028982
  99    7.6716     0.005706     0.035374   -72.583531   -71.856452
 100    7.6824     0.020715     0.007177    19.152919    16.958940
 101    7.7179     0.105556     0.037094    28.518372    26.710516
 102    7.7353     0.482025     0.139345    76.391627    98.907478
 103    7.7436     0.356091     0.111844   123.181899   107.126269
 104    7.7569     0.052307     0.037945   -18.348976   -10.193169
 105    7.7728     0.071867     0.020863   -31.486305   -26.669617
 106    7.7853     0.029175     0.010647   -39.359689   -33.850571
 107    7.7999     0.008840     0.008191     8.717436    -5.085222
 108    7.8196     0.254184     0.074863    83.768128    -9.432274
 109    7.8289     0.022298     0.017400   -13.628524   -55.467863
 110    7.8352     0.036477     0.017920   -56.458732   -41.837976
 111    7.8453     0.074424     0.059947  -154.571406    46.396245
 112    7.8617     0.083336     0.065824    19.357215   -16.416681
 113    7.8951     0.041204     0.062306   -35.827473   -20.576153
 114    7.9133     0.014970     0.024594    23.395823    63.360227
 115    7.9189     0.018107     0.088850    44.468940     0.962138
 116    7.9312     0.000606     0.024617    35.788851    19.620969
 117    7.9364     0.004905     0.028024   -20.775090   -47.051850
 118    7.9530     0.018839     0.002479   -27.147391   -14.962023
 119    7.9664     0.006066     0.001289   -24.393749   -16.034648
 120    7.9909     0.007292     0.001279    -1.872302     2.713624
 121    8.0050     0.003867     0.001550    -6.318277    -4.967526
 122    8.0135     0.001092     0.016113    10.951619    -3.871922
 123    8.0237     0.029636     0.013407   -13.835657    -9.634195
 124    8.0287     0.038282     0.026414     9.509159    -4.242371
 125    8.0441     0.016644     0.017559    23.192363    26.244591
 126    8.0703     0.023769     0.006774    17.916553    12.129926
 127    8.0782     0.003473     0.017784    14.794505   -13.893123
 128    8.0822     0.040625     0.030595    -3.571826     5.107805
 129    8.0878     0.014102     0.016923   -40.330998   -60.821506
 130    8.0968     0.026142     0.028895   -80.369301   -21.561134
 131    8.1148     0.144101     0.062761    74.797369    49.262759
 132    8.1213     0.007082     0.008389    26.854773    20.596837
 133    8.1451     0.098803     0.044655   -12.400342   -25.910550
 134    8.1602     0.052386     0.027137   111.523566   107.914582
 135    8.1826     0.087661     0.026421    13.111805    13.022872
 136    8.1970     0.163764     0.045455    39.728152    41.877551
 137    8.2055     0.108512     0.055266  -128.807310  -135.302222
 138    8.2192     0.016693     0.004035     6.202161    16.574352
 139    8.2460     0.057263     0.019183   -64.035826   -42.580808
 140    8.2531     0.000422     0.000294     0.427883     1.812431
 141    8.2584     0.007187     0.005200   -34.917397   -18.949634
 142    8.2733     0.006319     0.011491   -14.481302   -24.541733
 143    8.2799     0.003591     0.019777     3.462905     6.684314
 144    8.2935     0.007476     0.002730    -0.100427    10.330609
 145    8.3061     0.071846     0.026528    56.244231    34.711055
 146    8.3136     0.009428     0.000452    -9.866213    -4.033653
 147    8.3423     0.022830     0.011122    17.300640    15.001574
 148    8.3655     0.040602     0.009391    47.233751    20.566153
 149    8.3755     0.017401     0.010082    -4.132105    16.923433
 150    8.3829     0.006919     0.005860     6.318454    10.347785
 151    8.4027     0.073431     0.025327   -31.260939   -26.866994
 152    8.4325     0.045355     0.016684   -20.015992   -15.444305
 153    8.4546     0.065299     0.014284   -52.072674   -42.548672
 154    8.4756     0.002354     0.007177     0.595393     3.172595
 155    8.4826     0.014948     0.007286    -7.869545    -7.476493
 156    8.5069     0.010243     0.003980    -4.524876    -3.317496
 157    8.5168     0.003053     0.001252    -3.892298     1.684235
 158    8.5252     0.005491     0.001590   -13.572311    -8.033414
 159    8.5304     0.033767     0.020852    18.039411    14.587681
 160    8.5347     0.012540     0.003680     9.033011     6.331338
 161    8.5355     0.000277     0.001338     0.233511    -2.621656
 162    8.5496     0.010058     0.003614    18.524348     9.645959
 163    8.5662     0.005595     0.001271     6.848727    -1.392165
 164    8.5793     0.034979     0.008763    14.973940     7.400446
 165    8.5821     0.032049     0.005063     8.447128     6.168868
 166    8.5932     0.003887     0.004859    -7.228692    16.399571
 167    8.6037     0.011592     0.010256    -9.684227   -28.859991
 168    8.6158     0.001383     0.004906     2.217550    10.440642
 169    8.6246     0.017564     0.000775   -27.366163    -6.412336
 170    8.6341     0.021318     0.009904   -24.958686   -22.759094
 171    8.6431     0.044182     0.004290    12.702363     2.047061
 172    8.6554     0.026314     0.007377   -14.420113    -2.988960
 173    8.6711     0.046777     0.006940     4.426068     4.570386
 174    8.6767     0.029083     0.009359    -5.339617    -4.737882
 175    8.6874     0.088157     0.019246   -10.234836    -6.206463
 176    8.6941     0.014670     0.004706    13.653265    13.040394
 177    8.7079     0.014149     0.012421    20.123720     7.508933
 178    8.7270     0.024402     0.005846   -23.211339   -11.099767
 179    8.7394     0.026835     0.007929    25.281620    15.857893
 180    8.7440     0.007987     0.003080    -7.803139   -10.170494
 181    8.7527     0.040417     0.026852    11.750674    20.148580
 182    8.7644     0.006708     0.007052     8.306938    -3.047154
 183    8.7776     0.005547     0.020344    -0.116992     2.312469
 184    8.7864     0.009444     0.008987     7.875258    11.607583
 185    8.7959     0.015710     0.004421     6.802264     8.218149
 186    8.8061     0.001425     0.027834     2.468218   -29.012291
 187    8.8349     0.004332     0.001614   -18.008793    -9.026600
 188    8.8370     0.006800     0.008341    33.551432    41.954345
 189    8.8496     0.030581     0.006820     7.401988    -4.129821
 190    8.8569     0.020176     0.005503    -1.142554     0.573053
 191    8.8589     0.009708     0.004615     3.194511     2.627448
 192    8.8831     0.001019     0.001015     3.176622    -0.099869
 193    8.8875     0.002272     0.001292     3.672053     4.471969
 194    8.8965     0.019798     0.000715   -39.740613   -14.708965
 195    8.9077     0.033923     0.013140    -9.990674    -7.896265
 196    8.9200     0.001157     0.001140    -0.944556     4.894920
 197    8.9277     0.000918     0.000128     0.975634     0.045716
 198    8.9341     0.008578     0.008976     5.296838     1.371160
 199    8.9459     0.012503     0.006745    19.212861    -0.367379
 200    8.9493     0.022749     0.003144    44.517706    31.048869
 201    8.9556     0.011492     0.001477     4.493956    -1.545235
 202    8.9673     0.000835     0.006006     0.405136    -6.342319
 203    8.9693     0.004163     0.001356    -3.643727    -1.910716
 204    8.9746     0.005881     0.003941    28.314208    34.048412
 205    8.9797     0.012586     0.007135   -37.118904   -37.846540
 206    8.9802     0.001973     0.001864     8.179021    11.070463
 207    8.9918     0.001453     0.004726     4.377477    -2.704491
 208    9.0017     0.003067     0.003975   -12.211904    -4.409071
 209    9.0168     0.008357     0.002349    -1.708187     1.294882
 210    9.0197     0.005142     0.003307   -19.500682   -21.905150
 211    9.0422     0.020182     0.029064    11.229531    11.114726
 212    9.0513     0.017748     0.007441   -14.975381    -1.657352
 213    9.0612     0.001569     0.002002    -7.641951    -5.664253
 214    9.0668     0.009873     0.003259     5.483123     9.668129
 215    9.0748     0.023187     0.013085    18.872204     4.480041
 216    9.0843     0.002576     0.000875    11.887809     8.262131
 217    9.0923     0.015538     0.003417    10.105912     7.024598
 218    9.0964     0.019451     0.013289   -18.982561   -28.195904
 219    9.1037     0.013239     0.002913   -20.689691    -9.996721
 220    9.1179     0.001589     0.000243    12.472340     2.726507
 221    9.1220     0.028163     0.003941    43.222077    20.553139
 222    9.1266     0.013693     0.004217    12.580793    11.124245
 223    9.1365     0.004233     0.001466     3.614514     4.598535
 224    9.1446     0.020940     0.005609   -22.482817    -8.580971
 225    9.1609     0.013123     0.003332   -14.656277    -8.906365
 226    9.1689     0.008957     0.003157     2.683622     1.708899
 227    9.1733     0.021281     0.006851    -6.207271    -2.037366
 228    9.1841     0.001901     0.001801     0.556567    -3.235917
 229    9.1868     0.001101     0.002133    11.252732    15.123577
 230    9.1917     0.007324     0.001518    -9.181637   -11.384117
 231    9.1970     0.009699     0.005729     8.556779     4.533892
 232    9.2045     0.008268     0.002569    -3.745011    -5.429694
 233    9.2211     0.008453     0.003643    16.381071    15.022461
 234    9.2248     0.016490     0.005527    18.549427    15.056406
 235    9.2326     0.014472     0.004231    -8.156216   -12.023666
 236    9.2412     0.015279     0.008974   -23.848280   -16.718862
 237    9.2506     0.003959     0.002030    -4.018188     0.697046
 238    9.2638     0.018294     0.004439   -26.022985    -8.475621
 239    9.2683     0.075049     0.012320   -36.307792   -17.373662
 240    9.2791     0.014214     0.003922     7.538882     4.241992
 241    9.2886     0.021411     0.004287    -1.438151     0.734343
 242    9.3010     0.011677     0.003171     4.075873    -2.961151
 243    9.3098     0.004116     0.007398   -20.580158    -8.290041
 244    9.3199     0.014182     0.004549    13.426628    16.100331
 245    9.3217     0.010724     0.011541    10.222640    -1.681375
 246    9.3282     0.006043     0.004273   -14.299813   -16.285691
 247    9.3396     0.021493     0.007581    14.663587     0.001341
 248    9.3512     0.000419     0.004165     1.737059     9.328147
 249    9.3529     0.009580     0.002717   -11.253267    -3.978982
 250    9.3603     0.026795     0.006716    32.695816    22.916108
 251    9.3676     0.006089     0.005322    34.055181    26.189184
 252    9.3814     0.020059     0.010867    -1.935338     2.099447
 253    9.3935     0.004395     0.001058    -0.197310     2.768374
 254    9.4036     0.009070     0.001538     2.485417    -0.793324
 255    9.4098     0.013721     0.011407     8.585298     5.459819
 256    9.4317     0.006719     0.011076    -0.267405   -10.072778
 257    9.4342     0.002065     0.008295    -3.119442    -5.658716
 258    9.4497     0.011960     0.012648     7.156152    23.045415
 259    9.4555     0.024050     0.013266     5.702830     4.475848
 260    9.4604     0.005280     0.002612    -1.459907    -1.834517
 261    9.4655     0.003507     0.004554     4.835932    -3.976163
 262    9.4668     0.003836     0.000587   -16.738604     2.807962
 263    9.4757     0.004074     0.001789     0.474432    -1.935035
 264    9.4843     0.002064     0.000962    -2.525321     0.888435
 265    9.4903     0.001368     0.000615    10.524407    -0.223566
 266    9.4977     0.001247     0.000933     1.106461     0.517471
 267    9.5002     0.002585     0.000463     0.081366     3.534335
 268    9.5157     0.001183     0.000990    -0.497401     0.698410
 269    9.5179     0.002132     0.001027     1.112066    -0.349620
 270    9.5316     0.007113     0.001101    -9.601673    -9.492966
 271    9.5366     0.013932     0.005425    -7.429594    -6.410135
 272    9.5492     0.000984     0.000307    -3.779005    -2.078551
 273    9.5564     0.004585     0.002875     0.559124     0.797445
 274    9.5592     0.001754     0.002768     4.383454     3.190716
 275    9.5711     0.003448     0.000026    -5.650373    -0.918807
 276    9.5773     0.002012     0.000344    -6.677592    -5.776780
 277    9.5895     0.000591     0.000316    -1.940505     0.054893
 278    9.5918     0.005759     0.024351     1.356374     8.973086
 279    9.5929     0.001375     0.005372     0.960049     6.468571
 280    9.5978     0.002107     0.008041    -3.987286   -18.784668
 281    9.6125     0.004887     0.001817     9.760633     7.427574
 282    9.6159     0.010666     0.004267     1.403147     2.082614
 283    9.6227     0.008499     0.003015    -0.910270    -1.185257
 284    9.6353     0.007778     0.002891    10.758044     0.504213
 285    9.6455     0.005666     0.002589    -3.348663    -2.244922
 286    9.6508     0.018972     0.009152   -31.517668   -27.566473
 287    9.6587     0.007509     0.001913    -5.146232   -10.710892
 288    9.6612     0.002798     0.004009    -0.360137    -8.318783
 289    9.6772     0.005843     0.000750    -0.637541    -4.507867
 290    9.6788     0.005245     0.001322    23.524518    14.403541
 291    9.6870     0.006629     0.002125    -5.332540    -3.638689
 292    9.6925     0.005115     0.003474    -5.338822     2.902444
 293    9.7120     0.007584     0.004610     6.429043     8.480422
 294    9.7290     0.005342     0.000662    -5.800915    -0.116070
 295    9.7400     0.000923     0.003651     1.349703    -2.607108
 296    9.7445     0.010070     0.003537    -6.475909    -6.517889
 297    9.7478     0.005418     0.008214     0.450544    10.432813
 298    9.7521     0.006683     0.001180   -10.780408    -6.045385
 299    9.7629     0.004857     0.011553    -6.453378    -7.005237
 300    9.7708     0.009184     0.005169    -2.703494    -5.090419
 301    9.7778     0.009752     0.007247    -4.232130    -1.575479
 302    9.7883     0.003206     0.004815     7.687554     6.835576
 303    9.7968     0.014622     0.007853   -12.261905    -9.680917
 304    9.7992     0.009423     0.002261    10.634206    -4.077535
 305    9.8049     0.004301     0.001069     3.043701    -2.345324
 306    9.8099     0.015115     0.012666    10.369708    16.347552
 307    9.8186     0.006560     0.004842   -11.056421   -20.712839
 308    9.8239     0.000827     0.003504     0.360247    -0.595702
 309    9.8287     0.003996     0.004329    -6.888399    -1.826955
 310    9.8333     0.001750     0.002591    -1.039106     1.059999
 311    9.8346     0.010104     0.012840     8.141462     9.919934
 312    9.8392     0.001321     0.005727     7.508396     8.236218
 313    9.8446     0.002939     0.003834     1.431028    -0.045425
 314    9.8533     0.000624     0.003719    -0.611384    -3.097823
 315    9.8567     0.019619     0.004447    -9.350640   -35.339954
 316    9.8625     0.000352     0.000057     0.778317     0.453479
 317    9.8705     0.003458     0.003360     2.444323    12.426866
 318    9.8736     0.021034     0.008992    -4.637054    -3.593664
 319    9.8763     0.004087     0.012494     2.527672    37.486527
 320    9.8841     0.004333     0.002627    -5.191923    -2.209204
 321    9.8858     0.001614     0.001344     6.158094     8.501885
 322    9.8926     0.007749     0.001977    -5.682722     1.191445
 323    9.8952     0.005451     0.002576     2.663889    -1.470842
 324    9.9013     0.000124     0.013925    -0.649306    -4.257412
 325    9.9059     0.007198     0.002164     1.539859    -2.572119
 326    9.9163     0.001809     0.002511     5.596605    11.693615
 327    9.9219     0.007022     0.007893   -13.579106   -13.820359
 328    9.9259     0.002391     0.001979     0.344651     2.072513
 329    9.9272     0.001200     0.008487    -2.514361    -0.292339
 330    9.9378     0.003678     0.005332    -2.474686    -3.639840
 331    9.9397     0.000785     0.000396     5.807640     4.871524
 332    9.9499     0.001087     0.010070    -0.979307    -6.326946
 333    9.9595     0.001586     0.005143     1.455400    33.010244
 334    9.9639     0.017113     0.007238     5.458680     3.320618
 335    9.9677     0.024473     0.003817    22.835149    16.325282
 336    9.9745     0.004398     0.000730    -9.734272    -7.721513
 337    9.9753     0.001888     0.011464    -2.450189   -10.299917
 338    9.9898     0.003418     0.001936    10.087693     7.546590
 339    9.9917     0.000884     0.002898    -1.451445    -4.026150
