$coord
         16.887432032568          0.565867063585         -1.916252875709     o 
         15.012750172622          1.692723119262         -0.915643062980     c 
         15.315491534133          4.295001161602         -0.021093260892     c 
         17.710206896897          5.110293788904          0.770312118087     c 
         18.096636103017          7.565706751213          1.547152945558     c 
         16.118382839422          9.288621385304          1.522787037883     c 
         13.755960147452          8.526566771502          0.673861672566     c 
         13.351237035410          6.070235613752         -0.100308059868     c 
         12.620881635412          0.417547643654         -0.653522724990     c 
         10.749129778977          1.112214027843          1.122208060072     c 
          8.525717748679         -0.203074488540          1.301925526476     c 
          8.062791882981         -2.303117651231         -0.249433900616     c 
          5.767684209156         -3.603792307338         -0.084923032392     n 
          5.491208090899         -6.195971437205          0.148076335824     c 
          7.327462698602         -8.055058918472          0.357991462967     c 
          6.530379749826        -10.534274389742          0.609311605257     c 
          3.974048388467        -11.153507501101          0.669207868969     c 
          2.133754561572         -9.300877602725          0.514174738282     c 
          2.888761707240         -6.803672527541          0.267233057573     c 
          1.543692870410         -4.445554671722          0.103743734787     c 
         -0.986927449885         -3.823676754819          0.100984521210     c 
         -1.703345024077         -1.284700642082         -0.096199197037     c 
         -4.357714664830         -0.575328022252         -0.068284365581     c 
         -5.154095140961          1.723270641333          0.988175045795     c 
         -7.658074385557          2.404018244221          1.016327139311     c 
         -9.501825016987          0.814937058781         -0.033493233355     c 
        -12.026087568124          1.503457323549         -0.027531325386     n 
        -12.724260359476          4.054436829925         -0.172554690956     c 
        -14.760493395964          4.953685328800          1.242728776922     c 
        -15.455410914462          7.464916071719          1.085313931668     c 
        -14.137710332262          9.109425343627         -0.472025922755     c 
        -12.115047556614          8.223103517838         -1.882177632141     c 
        -11.407347160664          5.714156771460         -1.744473417664     c 
        -13.923135313490         -0.339226727746          0.125771155068     c 
        -16.136132188031         -0.082997858517         -1.286145446086     c 
        -18.014043940554         -1.887980290567         -1.113176612724     c 
        -17.715727593461         -3.964213581732          0.457294116292     c 
        -15.519022742354         -4.226386260549          1.861241791833     c 
        -13.630527911767         -2.430721327502          1.706507068563     c 
         -8.724216860672         -1.487649113962         -1.092073977559     c 
         -6.217989286706         -2.160935468256         -1.097031399826     c 
          0.186265871148          0.582186003676         -0.347929902155     c 
          2.716389183946         -0.002319151109         -0.380271954014     c 
          3.416548419505         -2.528277676038         -0.108297922593     c 
          9.945416957397         -3.084589130907         -1.946443258645     c 
         12.167602136094         -1.775733030646         -2.120679336176     c 
         19.239374590606          3.754904312142          0.768535976590     h 
         19.952548818770          8.148484499160          2.172751476751     h 
         16.422356148084         11.213638166446          2.129531290131     h 
         12.221510720429          9.873717367974          0.594226592636     h 
         11.528409486303          5.526383093787         -0.841646301817     h 
         11.110564454981          2.653504110983          2.409053864671     h 
          7.138473018597          0.320653102761          2.706545788563     h 
          9.312037153801         -7.585888819787          0.347892286367     h 
          7.924454160838        -12.015730776994          0.770937768478     h 
          3.426469862676        -13.109939848466          0.860628301594     h 
          0.154139001274         -9.785084651086          0.595427249149     h 
         -2.394468246200         -5.283131554242          0.311807326187     h 
         -3.784841894991          2.949231991663          1.871332631773     h 
         -8.228936702317          4.154103326087          1.896693344181     h 
        -15.771548483214          3.678540276262          2.474079718897     h 
        -17.025613667819          8.145891474552          2.196107343590     h 
        -14.685965667715         11.070604907774         -0.588432281517     h 
        -11.091490992365          9.490578907538         -3.110807447301     h 
         -9.854518455564          5.016733925850         -2.870192349074     h 
        -16.358482816150          1.522755462047         -2.525735017595     h 
        -19.715594195504         -1.678904203059         -2.219619185966     h 
        -19.188560716696         -5.369221342802          0.588025997450     h 
        -15.282153962406         -5.831103628430          3.099155046782     h 
        -11.934592985038         -2.615768142448          2.826400013223     h 
        -10.110529676890         -2.709955691528         -1.956614265803     h 
         -5.665037204067         -3.907192582817         -1.992800262133     h 
         -0.376066335567          2.525682061489         -0.601213052986     h 
          4.126511088113          1.448271266628         -0.637925795484     h 
          9.599573234968         -4.687451837674         -3.163020903601     h 
         13.625069318162         -2.348240613771         -3.431704651685     h 
$end
