$coord
         -6.091384239658        -10.595921209544          2.654945792418     c 
         -6.894527692326         -9.354107443535          0.155489225615     c 
         -5.594208418959        -10.695172364223         -2.068770873788     c 
         -9.754492195335         -9.686297774221         -0.140938372438     c 
         -6.095392017016         -6.597035475148          0.176681588075     c 
         -3.523072879034         -6.006061364635          0.413583700994     c 
         -2.627546723700         -3.556635327544          0.418594890193     c 
         -4.366999682505         -1.605846977599          0.154118557654     c 
         -6.979033360676         -2.150049273680         -0.013570969774     c 
         -7.828034298867         -4.622176583963         -0.012236800405     c 
         -8.253228938084          0.257436246621         -0.134067109539     c 
        -10.770451362167          0.937212358831         -0.306853873414     c 
        -11.429781584210          3.485352965401         -0.419295077545     c 
        -14.158895395477          4.362615557050         -0.566758527970     c 
        -16.041697097416          2.163943029980         -0.562699147175     c 
        -14.727962402022          6.045820789213          1.730971121289     c 
        -14.544680633306          5.878434024342         -3.013566030760     c 
         -9.494061240697          5.295509465792         -0.407109071987     c 
         -6.967837921687          4.667946774821         -0.241334050164     c 
         -6.338910455576          2.123809895370         -0.047583416692     c 
         -4.009672673600          0.975222191671          0.131201826894     n 
         -1.683280775513          2.198764588954          0.278352071891     c 
          0.350172621701          1.382707215670         -1.221662316390     c 
          2.662553243428          2.532914090228         -1.047335295668     c 
          3.080280254088          4.533422081589          0.672976758666     c 
          5.475001545537          5.822904010092          0.937507078061     c 
          5.516303929372          8.100246548160          1.712926038088     o 
          7.824494216396          4.534388365124          0.312468421572     c 
          9.964839543746          5.995485025020         -0.326165750158     c 
         12.258891890956          4.895821324291         -0.844399806654     c 
         12.466755895209          2.281206749783         -0.690777433407     c 
         15.201112930122          0.502233457704         -1.240600422266     s 
         13.588296631875         -2.299047600563         -0.505607735530     c 
         14.617054549166         -4.706274770723         -0.519440668918     c 
         13.076386622559         -6.721511916499          0.111180416352     c 
         10.554472679758         -6.334831667824          0.741099351340     c 
          9.533668446144         -3.930373169725          0.753062451889     c 
         11.045652576606         -1.873516348782          0.130036297712     c 
         10.389662180259          0.773248884399          0.018067450813     c 
          8.091320705802          1.907231595848          0.529968157766     c 
          0.971269687409          5.438496653185          2.049185926122     c 
         -1.333462359484          4.279008096402          1.892863093973     c 
         -6.963981857423         -9.627702559026          4.245616934929     h 
         -4.054640356106        -10.540250905136          2.905194955595     h 
         -6.687587281584        -12.562936961829          2.682820464388     h 
         -6.113869769527         -9.797106482115         -3.844361772938     h 
         -6.179825950751        -12.664334836315         -2.139022439030     h 
         -3.549697709286        -10.641007512904         -1.893227072957     h 
        -10.768561376206         -8.830587530287          1.428458002206     h 
        -10.416363178127         -8.868564063651         -1.906576871644     h 
        -10.207587753333        -11.691687905056         -0.164876606433     h 
         -2.166026474083         -7.513777658102          0.610500734612     h 
         -0.637371278064         -3.177012334318          0.644781612404     h 
         -9.826229497479         -4.977552414966         -0.149497711618     h 
        -12.184567904730         -0.524313336928         -0.355332113664     h 
        -15.881480845264          1.052978329965          1.158880123509     h 
        -15.759332788630          0.942753300106         -2.191407494501     h 
        -17.956043581026          2.908051850714         -0.657371033586     h 
        -16.690345390886          6.655811305769          1.684110821587     h 
        -13.537696888208          7.718287322325          1.754975594253     h 
        -14.411112209093          5.002568390243          3.474749365742     h 
        -16.504583364556          6.480246561624         -3.162010492647     h 
        -14.093428371278          4.717368479463         -4.649770345909     h 
        -13.356141278399          7.551427706629         -3.062442752795     h 
         -9.973496966029          7.271806301949         -0.543087599470     h 
         -5.532106116500          6.115006527925         -0.287221232406     h 
          0.046396793498         -0.100731872263         -2.590698498420     h 
          4.168438018855          1.950385887025         -2.294193193130     h 
          9.740308997415          8.022504067895         -0.414067631278     h 
         13.873138066557          6.032789390175         -1.358388403672     h 
         16.576156476668         -4.986404299727         -1.010364842764     h 
         13.844258995736         -8.611640918492          0.113859541613     h 
          9.382304347671         -7.932600032044          1.228142201917     h 
          7.576551489863         -3.633417983269          1.245736655371     h 
          6.525623890526          0.770377377864          1.172293819528     h 
          1.270803159143          7.027522188736          3.295191421312     h 
         -2.875483163993          4.898559025351          3.077251401576     h 
$end
