           2           1  0.983452033330689     
           3           1  2.643955567703909E-003
           3           2  0.983437187875391     
           4           1  2.164336587941485E-003
           4           2  0.988224685927904     
           4           3  2.074768445020496E-003
           5           1  1.148628299691596E-002
           5           2  3.589113595782499E-003
           5           3  1.152217759414136E-002
           5           4   1.43174128975115     
           6           2  1.146434285033130E-002
           6           4  6.050499690388240E-003
           6           5   1.42869979012643     
           7           1  3.085920343983253E-003
           7           3  3.115358306212751E-003
           7           4  0.101290180366784     
           7           5  2.245286257528149E-003
           7           6   1.42114751965194     
           8           2  1.074540141646763E-002
           8           4  8.464258583792735E-003
           8           5  9.968834701900935E-002
           8           6  6.670724442337231E-003
           8           7   1.46250701882832     
           9           1  7.365681228262784E-003
           9           2  4.656810936945152E-003
           9           3  7.119157957990539E-003
           9           4   1.32807812168206     
           9           5  4.264134634806667E-003
           9           6  8.911583767485945E-002
           9           7  3.118168811634534E-003
           9           8   1.34525873015435     
          10           1  3.477613985183747E-003
          10           2  4.096363169791620E-003
          10           3  3.450279148335083E-003
          10           4  3.442063398180938E-002
          10           5  1.246933597063710E-002
          10           6  2.505995834855620E-002
          10           7  1.138330052153359E-002
          10           8  3.834452229292734E-002
          10           9   1.07386600142459     
          11           4  9.162928820452243E-003
          11           8  2.124701014005376E-003
          11           9  8.173368974879792E-003
          11          10  0.962054307906183     
          12           8  2.935955975020357E-003
          12           9  7.635788837696506E-003
          12          10  1.006468057342385E-002
          12          11   1.39347610748237     
          13          10  1.045137445959161E-002
          13          11  3.076225488627990E-003
          13          12   1.45335819051658     
          14           9  2.312223570235433E-003
          14          11  0.101377708797622     
          14          12  2.179847573695187E-003
          14          13   1.38625654444327     
          15          12  1.112354802258963E-002
          15          13  4.661392855440371E-003
          15          14   1.03748801884127     
          16          11  5.803716835355112E-003
          16          13  1.504309253688971E-002
          16          14  4.540484579277496E-003
          16          15   1.38442454126941     
          17          14  1.244712736061173E-002
          17          15  1.849274029444518E-002
          17          16   1.39493898435159     
          18          11  3.220228612210305E-003
          18          13  5.847362404034495E-003
          18          15  0.100181179776900     
          18          16  1.897857884632962E-002
          18          17   1.39484290347459     
          19          14  9.370224882618154E-003
          19          16  0.100187554290940     
          19          17  1.848694574141579E-002
          19          18   1.38451789024534     
          20          15  9.366942229518742E-003
          20          17  1.244958381150046E-002
          20          18  4.546497499410128E-003
          20          19   1.03733415932171     
          21          16  5.825176883566939E-003
          21          18  1.501164614354154E-002
          21          19  4.666722372025481E-003
          21          20   1.38637414251942     
          22          19  1.112453328049690E-002
          22          20  2.182297103659403E-003
          22          21   1.45326724447818     
          23          16  3.196932418364897E-003
          23          18  5.779318256762574E-003
          23          20  0.101355100768497     
          23          21  3.075800109796473E-003
          23          22   1.39328971217709     
          24          21  1.045877831903248E-002
          24          22  1.017259444107819E-002
          24          23  0.962612546114230     
          25          20  2.316122877398504E-003
          25          22  7.627831345062044E-003
          25          23  8.180416704425335E-003
          25          24   1.07370038820805     
          26          22  2.942733570044603E-003
          26          23  2.143398624920753E-003
          26          24  3.831756395467817E-002
          26          25   1.34532881346873     
          27          24  1.138635535289697E-002
          27          25  3.122770220939476E-003
          27          26   1.46248578044770     
          28          24  2.503621501853549E-002
          28          25  8.913165666243758E-002
          28          26  6.664167686264204E-003
          28          27   1.42114063991540     
          29          24  1.246179161005462E-002
          29          25  4.264855195250454E-003
          29          26  9.969380239121477E-002
          29          27  2.244840487504848E-003
          29          28   1.42872913489759     
          30          23  9.171920821465018E-003
          30          24  3.439114909658487E-002
          30          25   1.32810983198651     
          30          26  8.459665453335655E-003
          30          27  0.101292430158027     
          30          28  6.046136235424517E-003
          30          29   1.43171289078191     
          31          24  4.097184110423422E-003
          31          25  4.660700149382851E-003
          31          26  1.074297500879929E-002
          31          28  1.146255997640233E-002
          31          29  3.585954510576881E-003
          31          30  0.988226769140838     
          32          24  3.437971997117744E-003
          32          25  7.113197476445491E-003
          32          27  3.100429346235293E-003
          32          29  1.153793618577681E-002
          32          30  2.067275853425853E-003
          32          31  0.983539074161133     
          33          24  3.482283987100477E-003
          33          25  7.377364497642630E-003
          33          27  3.100591100866234E-003
          33          29  1.147051270476697E-002
          33          30  2.174254252477657E-003
          33          31  0.983338551581378     
          33          32  2.643373604588347E-003
          34          23  9.151218252010304E-003
          34          24  3.428070333122685E-002
          34          25  7.446412919176502E-003
          34          26  4.769880018194622E-003
          34          28  4.328624705454486E-003
          34          29  6.785828167265385E-003
          34          30  4.817558168424279E-003
          34          31  0.988163292086371     
          34          32  2.166680229614979E-003
          34          33  2.079791336336250E-003
          35          24  1.246189170576561E-002
          35          30  6.782438133640188E-003
          35          31  3.579276967650119E-003
          35          32  1.146413811969407E-002
          35          33  1.153293961279321E-002
          35          34   1.43160193480231     
          36          24  2.495968253891360E-002
          36          26  4.148522018854508E-003
          36          28  3.661183930757120E-003
          36          30  4.330151522333362E-003
          36          31  1.145792610988239E-002
          36          34  6.008171546397728E-003
          36          35   1.42880025769537     
          37          24  1.140163274078689E-002
          37          32  3.092955657874844E-003
          37          33  3.105857908209692E-003
          37          34  0.101368517770937     
          37          35  2.241698795423718E-003
          37          36   1.42129216106600     
          38          22  2.580933816661070E-003
          38          23  2.138724277951220E-003
          38          24  3.826899547769730E-002
          38          25  1.182565654560873E-002
          38          26  5.501076382885163E-003
          38          28  4.152156810958828E-003
          38          30  4.774946604255543E-003
          38          31  1.073959738718792E-002
          38          34  8.419232271529783E-003
          38          35  9.974797538296469E-002
          38          36  6.641247678189005E-003
          38          37   1.46220714654251     
          39          20  2.319978689507710E-003
          39          22  9.253384602576232E-003
          39          23  8.186560536361909E-003
          39          24   1.07269460212214     
          39          25  7.903247415390712E-003
          39          26  1.185466110516883E-002
          39          30  7.452894453075559E-003
          39          31  4.669640383950916E-003
          39          32  7.380264624137219E-003
          39          33  7.109165703283212E-003
          39          34   1.32840663659721     
          39          35  4.267381138142020E-003
          39          36  8.916467773082137E-002
          39          37  3.134364969075464E-003
          39          38   1.34577660989660     
          40          19  1.123239879824198E-002
          40          20  2.172944406610986E-003
          40          21  0.106263252397602     
          40          22  3.795764380405674E-003
          40          23   1.39358245949877     
          40          24  1.022539405630280E-002
          40          25  9.221174183583650E-003
          40          26  2.628643901049714E-003
          40          38  2.946886508852613E-003
          40          39  7.646543626844460E-003
          41          16  5.865583835518166E-003
          41          18  1.812372681868817E-002
          41          19  4.856201017777169E-003
          41          20   1.38689885033446     
          41          21  2.311101285647630E-003
          41          22  0.106134141486984     
          41          23  3.076409416909617E-003
          41          24  1.047209594977108E-002
          41          40   1.45236163847734     
          42          11  5.767576750887606E-003
          42          13  1.759489730274963E-002
          42          14  4.321785960448071E-003
          42          15   1.31770977001646     
          42          16  9.430915197935904E-003
          42          17  8.659521728537586E-002
          42          18  9.436667458906367E-003
          42          19   1.31773243139515     
          42          20  4.322490156430171E-003
          42          21  1.756980467790399E-002
          42          23  5.748005037976792E-003
          42          41  1.387563818707932E-002
          43          14  2.684890618814258E-003
          43          15  1.732064263580405E-002
          43          16  8.783622356956304E-003
          43          17  3.251055114111860E-003
          43          18  8.781565977906901E-003
          43          19  1.732620178051010E-002
          43          20  2.687147893748544E-003
          43          42   1.08536697831915     
          44          13  2.063482567670580E-003
          44          15  5.265904932000362E-002
          44          16  3.153732475524239E-003
          44          17  1.707761922529503E-002
          44          18  3.156668381051932E-003
          44          19  5.267001866943403E-002
          44          21  2.054876912133004E-003
          44          41  2.880333364964347E-003
          44          42  4.393156967311785E-002
          44          43   2.67500906295695     
          45          10  1.046939048228802E-002
          45          11  3.077635357423118E-003
          45          12  0.106194708653437     
          45          13  2.313060844757701E-003
          45          14   1.38700402064644     
          45          15  4.850940572294214E-003
          45          16  1.815268603981259E-002
          45          18  5.886790531478575E-003
          45          42  1.388371385776298E-002
          45          44  2.900422253472637E-003
          46           8  2.644791149879844E-003
          46           9  9.187666924624993E-003
          46          10  1.015306895848374E-002
          46          11   1.39383873982034     
          46          12  3.790186154374104E-003
          46          13  0.106291674995578     
          46          14  2.168965129902839E-003
          46          15  1.123803480415342E-002
          46          45   1.45220521017094     
          47           1  7.107303955032306E-003
          47           2  4.670135773806246E-003
          47           3  7.374192473885877E-003
          47           4  7.458509291142395E-003
          47           8  1.185899654543963E-002
          47           9  7.902797807705916E-003
          47          10   1.07280786472742     
          47          11  8.195294449320021E-003
          47          12  9.236631365212408E-003
          47          14  2.327933614077370E-003
          47          46  7.674183637683224E-003
          48           2  1.073783309125080E-002
          48           4  4.783928050554728E-003
          48           6  4.160317244590785E-003
          48           8  5.510644022659746E-003
          48           9  1.183344522464968E-002
          48          10  3.833410768403062E-002
          48          11  2.119581316898983E-003
          48          12  2.565069058318156E-003
          48          46  2.943016854223190E-003
          48          47   1.34575810835852     
          49           1  3.091589999071654E-003
          49           3  3.105743366386527E-003
          49          10  1.140257160012302E-002
          49          47  3.133636030256506E-003
          49          48   1.46216968574554     
          50           2  1.145923247605924E-002
          50           4  4.336606982250211E-003
          50           6  3.667282104870684E-003
          50           8  4.155873452802591E-003
          50          10  2.499972214084495E-002
          50          47  8.914809739775316E-002
          50          48  6.652287572945324E-003
          50          49   1.42134189445680     
          51           1  1.154816868669707E-002
          51           2  3.580093319231139E-003
          51           3  1.144384405127468E-002
          51           4  6.781583967457434E-003
          51          10  1.246234054246077E-002
          51          47  4.266097533931400E-003
          51          48  9.973286952125994E-002
          51          49  2.240972356895414E-003
          51          50   1.42872996879419     
          52           1  2.076242888990343E-003
          52           2  0.988148607025761     
          52           3  2.169686842310605E-003
          52           4  4.823215091555496E-003
          52           5  6.785845654339053E-003
          52           6  4.333334625229721E-003
          52           8  4.776699511566476E-003
          52           9  7.451527589069312E-003
          52          10  3.431341116529635E-002
          52          11  9.154889832844956E-003
          52          47   1.32828434082984     
          52          48  8.427044432144709E-003
          52          49  0.101373566572622     
          52          50  6.015823291650106E-003
          52          51   1.43168914110279     
          53           1  0.977513132256197     
          53          52  8.597429301148100E-003
          54           1  0.977318883628127     
          54           4  8.544247055369929E-003
          55           1  0.979280151761305     
          55           3  9.600067437907246E-003
          56           3  0.977571095052634     
          56           4  8.599474721131300E-003
          57           1  9.611767330902849E-003
          57           3  0.979271602800349     
          58           3  0.977365498614543     
          58          52  8.555076113232108E-003
          59           5  0.966539333053041     
          59           7  1.055194538084765E-002
          59           9  9.595876264993641E-003
          60           4  1.048565901198182E-002
          60           6  0.972470345563943     
          60           8  1.062026895322691E-002
          61           5  1.063146710107171E-002
          61           7  0.972211129662949     
          61           9  1.073167152969963E-002
          62           4  9.000977892560949E-003
          62           6  1.072622528973012E-002
          62           8  0.965147862110314     
          62          11  3.877445122744209E-003
          63          12  0.969396841601535     
          63          14  1.056754561612833E-002
          63          46  9.415697462916473E-003
          64          11  1.048395083809669E-002
          64          13  0.969571384893269     
          64          45  9.559448628837244E-003
          65          16  0.963991232920523     
          65          17  8.865461906329412E-003
          65          18  1.180875254101177E-002
          65          42  9.253543119178921E-003
          66          16  1.180686212347361E-002
          66          17  8.864797713285587E-003
          66          18  0.963999509585312     
          66          42  9.255206877856479E-003
          67          21  0.969578490800554     
          67          23  1.048540573810311E-002
          67          41  9.561675563033840E-003
          68          20  1.056632402683778E-002
          68          22  0.969428190131896     
          68          40  9.418767096151722E-003
          69          23  3.815657695593562E-003
          69          26  0.965132044567309     
          69          28  1.072471983460844E-002
          69          30  9.002148134223375E-003
          70          25  1.073064022332048E-002
          70          27  0.972210483553925     
          70          29  1.063207948947967E-002
          71          26  1.062059738091140E-002
          71          28  0.972467766259713     
          71          30  1.048656057522833E-002
          72          25  9.595023795849093E-003
          72          27  1.055244888688777E-002
          72          29  0.966534736529543     
          73          32  0.977324106007842     
          73          34  8.556484609335450E-003
          74          30  8.601388049391470E-003
          74          32  0.977522300840102     
          75          32  0.979275849695597     
          75          33  9.611068234227952E-003
          76          32  9.601186369904530E-003
          76          33  0.979276649088620     
          77          30  8.542716177392483E-003
          77          33  0.977358271099114     
          78          33  0.977553285578887     
          78          34  8.594937635875616E-003
          79          35  0.966538251185460     
          79          37  1.055093088055938E-002
          79          39  9.587638244511717E-003
          80          34  1.048979079040288E-002
          80          36  0.972453229321952     
          80          38  1.062984598832219E-002
          81          35  1.063836170609670E-002
          81          37  0.972233041214234     
          81          39  1.070861273775179E-002
          82          23  3.734254206802348E-003
          82          34  9.022108283159901E-003
          82          36  1.070339096211380E-002
          82          38  0.965098661607869     
          83          20  1.053203347593291E-002
          83          22  9.446736973453617E-003
          83          40  0.969469075370985     
          84          21  9.607208479413954E-003
          84          23  1.044173082757436E-002
          84          41  0.967666263858446     
          85          11  1.043650630556892E-002
          85          13  9.610506191798552E-003
          85          45  0.967658865781112     
          86          12  9.450607263469687E-003
          86          14  1.052918902608042E-002
          86          46  0.969479196705686     
          87          11  3.735186702948246E-003
          87          48  0.965091156821285     
          87          50  1.070257935828160E-002
          87          52  9.024760298263323E-003
          88          47  1.070843123987023E-002
          88          49  0.972232666690395     
          88          51  1.063889202444908E-002
          89          48  1.063056847560434E-002
          89          50  0.972453285644451     
          89          52  1.048917751190755E-002
          90          47  9.587977920407649E-003
          90          49  1.054977033876550E-002
          90          51  0.966543228649387     
