 NM
 UV
 MMASS
   680.850199999998     
 LFAKTOR
  0.5
 RFAKTOR
  1.0
 WIDTH
  0.20
 SHIFT
  0.00
 DATXY
   1    3.8173     0.061158     0.030240   -69.576695   -51.631502
   2    3.9907     0.292536     0.186071    97.338790    84.270934
   3    4.0494     0.188057     0.120105    -5.661248     5.453330
   4    4.0746     0.007919     0.005963    27.060668     9.371900
   5    4.1756     0.687449     0.311887    93.324312    -3.804425
   6    4.2039     1.017670     0.473930  -364.208564  -251.027850
   7    4.2344     0.164043     0.088420   165.800807   155.540398
   8    4.2696     0.020750     0.004204   -68.054917   -40.264079
   9    4.3121     0.242798     0.099265     5.141574     4.253463
  10    4.3536     0.047633     0.026860    34.659372    38.277139
  11    4.4590     0.211321     0.096622    86.708760    46.032630
  12    4.6849     0.399263     0.199917   -56.300718   -14.311084
  13    4.8342     0.003371     0.002594     1.331437     0.302104
  14    4.9200     0.009658     0.004941     4.900203     1.765775
  15    5.0137     0.089713     0.045014    16.313965    -7.716871
  16    5.0370     0.130478     0.062558   -44.232588   -28.607323
  17    5.0785     0.019376     0.015669    11.450815    15.928894
  18    5.0893     0.013674     0.032154    -8.616798    10.609144
  19    5.2597     0.063350     0.033187     4.221510    11.498362
  20    5.2868     0.314098     0.146366    -2.422862     8.791782
  21    5.3671     0.073656     0.037073    15.432482    11.678418
  22    5.3868     0.045091     0.022973    -0.282398    -4.209373
  23    5.4522     0.004893     0.003330    -0.090829    -0.183576
  24    5.5034     0.002361     0.001218     0.595353     0.293895
  25    5.5093     0.002403     0.000967     4.817718     3.045016
  26    5.5457     0.006214     0.022761    40.638539    13.227528
  27    5.5927     0.005979     0.007361    -4.634438    -8.097975
  28    5.6233     0.003031     0.002314     7.647709     0.291748
  29    5.6454     0.003528     0.003729    15.381786    14.557317
  30    5.6947     0.006663     0.004962    -6.338201    -8.446402
  31    5.7251     0.052616     0.064027   -18.893079   -49.019346
  32    5.7521     0.001906     0.008885    -3.714060   -14.104743
  33    5.7654     0.017218     0.002748   -18.028363    -3.804654
  34    5.7670     0.007631     0.002045    19.044401     3.884447
  35    5.7818     0.009729     0.003401    15.363083     9.662801
  36    5.8135     0.011844     0.027741   -53.723884    22.232544
  37    5.8188     0.006538     0.003814    -8.296617    -2.335912
  38    5.9269     0.018438     0.005664    -0.748732    -6.083062
  39    5.9311     0.026402     0.020868     5.709159     1.831183
  40    5.9831     0.042129     0.027469    31.675492    20.841690
  41    5.9894     0.012012     0.006578   -32.326448   -23.017951
  42    6.0151     0.015598     0.008281    -9.796429    -9.039742
  43    6.0575     0.013166     0.013732     5.048690     8.180509
  44    6.0609     0.013597     0.015174    26.361881    22.476611
  45    6.1423     0.022913     0.028827   -22.952592   -12.960017
  46    6.1475     0.032992     0.024631   -10.011968     3.377775
  47    6.1795     0.005710     0.004940   -10.145307   -14.686149
  48    6.2053     0.024828     0.010065   -39.455359   -23.076509
  49    6.2327     0.024598     0.010939    32.031909    22.237122
  50    6.2923     0.004002     0.006927    -6.170648    -9.520458
  51    6.3246     0.028401     0.024322    44.840074   -21.553279
  52    6.3771     0.001435     0.007875    -6.970572   -26.517401
  53    6.3851     0.004653     0.008577   -13.174618   -17.354528
  54    6.3935     0.030686     0.023261    11.457821     4.950763
  55    6.4153     0.107527     0.087702    71.616706    76.656924
  56    6.4230     0.008150     0.011034   -26.876460   -28.090736
  57    6.4369     0.106716     0.068841   -38.899294   -24.779047
  58    6.4476     0.501658     0.279701   185.697036    90.060860
  59    6.4753     0.182060     0.103632   -53.413119   -65.109206
  60    6.4938     0.049915     0.030611     3.609775     3.316161
  61    6.5014     0.053877     0.042109    89.382109    31.679385
  62    6.5074     0.003972     0.003551   -13.596074   -15.776567
  63    6.5197     0.041555     0.038400    -4.545297    -6.005525
  64    6.5299     0.061795     0.037012   -38.341887   -29.240085
  65    6.5965     0.041687     0.055303   117.506609   133.260821
  66    6.6108     0.061857     0.026309   117.263380    77.788572
  67    6.6276     0.209817     0.135388  -138.089886  -124.658293
  68    6.6317     0.286091     0.219578  -204.537991  -148.765639
  69    6.6368     0.089599     0.062026   -78.500478   -14.594708
  70    6.6531     0.010725     0.001346   -22.642648     4.481948
  71    6.6682     0.044407     0.074092    95.433483    64.319254
  72    6.6909     0.012687     0.048618    -6.470620   -68.489108
  73    6.6982     0.198383     0.126205    17.735602   -12.816219
  74    6.7731     0.000209     0.001720     1.289193     3.587449
  75    6.7863     0.134332     0.093946    -1.600246     4.199990
  76    6.8078     0.219407     0.175672   118.845096   194.547992
  77    6.8329     0.198325     0.133504  -114.082329  -117.378962
  78    6.8570     0.048313     0.061950     8.886745    17.197119
  79    6.8702     0.020509     0.013482    13.090124     8.026962
  80    6.8986     0.058976     0.058496     8.050127    10.745534
  81    6.9074     0.103758     0.057030    42.153150    22.006489
  82    6.9169     0.001762     0.000304    -6.124405    -1.631820
  83    6.9206     0.002031     0.002405     6.700649     2.401453
  84    6.9455     0.085279     0.014877   -23.533319    -0.183164
  85    6.9532     0.011618     0.017528    -1.462447    -1.028937
  86    6.9607     0.008049     0.006594    -6.011442     8.818922
  87    6.9661     0.012293     0.005287    18.912320    18.472319
  88    6.9754     0.020785     0.015607   -74.025871   -62.667711
  89    6.9914     0.009933     0.011652    12.794718     1.256755
  90    7.0445     0.024350     0.011746     7.347951     0.641122
  91    7.0713     0.115745     0.068612   -84.151510    28.954514
  92    7.0864     0.193210     0.118270   -83.738899   -45.971674
  93    7.1345     0.052424     0.043770     8.094464    -8.739807
  94    7.1387     0.025458     0.018165  -108.770130   -83.409001
  95    7.1607     0.010774     0.004689    60.768642    45.676339
  96    7.1731     0.035495     0.016864   157.666955   125.583682
  97    7.1795     0.354927     0.211665  -155.871744  -119.189604
  98    7.2069     0.565378     0.295608   188.346270   210.495967
  99    7.2107     0.092375     0.161122  -223.922116    29.049001
 100    7.2298     0.120322     0.093975  -109.658524   -10.575577
 101    7.2343     0.078114     0.063191  -123.070111  -179.978664
 102    7.2512     0.194655     0.107657   156.787560   108.174766
 103    7.2697     0.084482     0.039825  -135.719099  -112.036287
 104    7.2739     0.110319     0.073599   -45.474196   -40.128789
 105    7.2780     0.148710     0.073729   244.078753   140.860724
 106    7.2915     0.016753     0.006630    21.867634    19.706604
 107    7.3022     0.010366     0.014349    74.733654   -17.524405
 108    7.3034     0.301036     0.224828   130.172203   101.161462
 109    7.3071     0.100938     0.059623   141.950722    53.118020
 110    7.3211     0.099091     0.078010  -188.655190  -110.547257
 111    7.3308     0.020844     0.011895   -18.388589     0.529440
 112    7.3417     0.043065     0.041408    -5.755136   -47.978826
 113    7.3484     0.106206     0.052747    16.777447     9.838106
 114    7.3590     0.007312     0.006131     0.772761     1.945275
 115    7.3715     0.041859     0.039707  -100.402558   -85.800303
 116    7.3786     0.051959     0.072850  -157.335748  -147.999350
 117    7.3827     0.026566     0.011511    19.151828    -2.642083
 118    7.3909     0.017889     0.008768   -32.125499   -24.959154
 119    7.3959     0.154099     0.070474    85.826820    58.337882
 120    7.3999     0.092989     0.050383    13.243254     9.878691
 121    7.4044     0.102804     0.060472    84.524861    66.579222
 122    7.4232     0.103152     0.056550  -231.552734  -181.408923
 123    7.4248     0.065006     0.035226   -96.593336   -77.382674
 124    7.4394     0.008297     0.010936    11.412071    -0.971628
 125    7.4487     0.072999     0.040003    47.556843    32.224595
 126    7.4609     0.331725     0.172365   261.656216   207.549935
 127    7.4714     0.042034     0.018658    52.933529    31.856011
 128    7.4855     0.031323     0.026385    82.802290    77.063007
 129    7.4972     0.083833     0.036660    -2.743705     0.791225
 130    7.5062     0.095749     0.023132   -79.795620   -48.677709
 131    7.5144     0.062616     0.026224  -118.055767   -59.252246
 132    7.5193     0.074087     0.086898  -160.615085   -79.967062
 133    7.5277     0.119214     0.073439   202.213394   163.611587
 134    7.5381     0.050601     0.033175    -1.185716    14.585733
 135    7.5482     0.030822     0.021876    22.813684     6.974971
 136    7.5530     0.220433     0.150715    67.502950    17.083184
 137    7.5572     0.143555     0.133675   -81.064669   -53.090016
 138    7.5655     0.092449     0.085923   175.972958   175.272923
 139    7.5749     0.008683     0.016980   -47.558620     5.474540
 140    7.5793     0.073197     0.083199   -67.855326   -82.611915
 141    7.5890     0.007214     0.010530    35.272019    29.242069
 142    7.5897     0.037957     0.031959    77.023421    95.247629
 143    7.6006     0.096625     0.041263   -67.739995   -15.785695
 144    7.6050     0.091956     0.026459  -142.220889   -76.838237
 145    7.6132     0.019952     0.000327    70.193196    -1.917372
 146    7.6176     0.022864     0.021709   -15.259488    21.092057
 147    7.6201     0.031345     0.041773    -7.617112   -15.903559
 148    7.6310     0.028698     0.052855   -38.690938   -39.163650
 149    7.6437     0.050703     0.063784  -144.607346  -138.663560
 150    7.6538     0.024671     0.031457    37.028285    27.604078
 151    7.6543     0.047006     0.024449    22.086657    18.463664
 152    7.6642     0.042155     0.031744   -75.915627   -87.507277
 153    7.6749     0.035212     0.027863    80.209699     5.594334
 154    7.6840     0.026544     0.027789    60.372734    68.638867
 155    7.6981     0.051939     0.047843    82.160097    63.945430
 156    7.7012     0.031677     0.011096    51.244598    35.917129
 157    7.7291     0.012006     0.013606   -66.742391   -48.555998
 158    7.7343     0.006080     0.005478   -19.669938    -2.087690
 159    7.7406     0.000524     0.005437     2.162508    -8.626998
 160    7.7451     0.006574     0.003747    -3.694773     0.984177
 161    7.7597     0.000496     0.003697    -3.737371    -4.647352
 162    7.7662     0.010173     0.006718   -23.081312   -18.352825
 163    7.7738     0.033459     0.022039    37.004511    29.916910
 164    7.7819     0.010264     0.006653    -6.832877    -1.641660
 165    7.7925     0.006402     0.003179    10.500107    -4.525605
 166    7.8050     0.003212     0.004515     7.085984    15.670602
 167    7.8106     0.020707     0.012316    92.761419    55.047800
 168    7.8310     0.000081     0.002998     1.201157    12.973617
 169    7.8393     0.028218     0.029696     1.240261    -5.256109
 170    7.8660     0.006912     0.004364    21.477799    15.094123
 171    7.8770     0.003211     0.050054    17.026472   -13.159210
 172    7.8931     0.029554     0.016063   -94.165907   -42.152057
 173    7.9077     0.002452     0.013096    -9.446352    -4.217056
 174    7.9183     0.002314     0.074636    -5.277297  -109.245829
 175    7.9330     0.038485     0.020882    56.174216    58.216073
 176    7.9418     0.002632     0.008871   -14.237861   -14.493325
 177    7.9473     0.030011     0.105905    -0.964391    60.444963
 178    7.9532     0.001975     0.029130    15.037763   -10.382045
 179    7.9761     0.002517     0.011533   -61.052675   -58.680959
 180    7.9790     0.004415     0.013280    -7.689737   -13.337365
 181    7.9963     0.002278     0.009566    -9.254073   -14.471452
 182    8.0019     0.015713     0.018935   -18.643576   -17.772237
 183    8.0055     0.005864     0.033942    -3.883105    -8.055789
 184    8.0090     0.005787     0.062392    40.478708    84.820650
 185    8.0174     0.000950     0.005864    -7.676649   -10.039134
 186    8.0274     0.004744     0.013442    32.828109    22.079108
 187    8.0334     0.003722     0.042263    -7.258802   -16.935522
 188    8.0549     0.000909     0.095736    -4.921100   -34.932346
 189    8.0670     0.002731     0.025261    27.548728    31.262157
 190    8.0730     0.004873     0.007904   -14.415161   -13.895684
 191    8.0902     0.011476     0.027361    48.933518    69.665235
 192    8.1037     0.007691     0.006105     2.498345    -1.687947
 193    8.1088     0.005378     0.003738     0.615910    -4.801527
 194    8.1127     0.015054     0.006326   -13.402898   -11.706870
 195    8.1234     0.022955     0.018189     6.767045     6.228265
 196    8.1298     0.010838     0.000681   -12.494259    -1.625849
 197    8.1421     0.013487     0.008128    -1.122021    -1.807749
 198    8.1656     0.011967     0.005959   -26.157128   -19.583535
 199    8.1718     0.006311     0.005094     6.478481     7.016380
 200    8.1979     0.007940     0.036937    34.687942    65.218642
 201    8.2077     0.010817     0.017402   -11.606133   -22.288927
 202    8.2147     0.005772     0.007534    -3.721591    -4.213665
 203    8.2267     0.004837     0.027945     8.402857     9.101568
 204    8.2290     0.006879     0.011955    21.267931    36.402606
 205    8.2361     0.012889     0.011460    17.618037     8.995161
 206    8.2402     0.000867     0.003603     0.724235    -9.513258
 207    8.2475     0.001507     0.020118   -11.496918   -70.777368
 208    8.2486     0.000645     0.002694     6.142086    -8.817749
 209    8.2554     0.003277     0.002222     0.960988    -1.406364
 210    8.2693     0.010692     0.019468     7.048984     7.676003
 211    8.2721     0.003572     0.004428   -17.519108   -28.418414
 212    8.2797     0.032396     0.018373   -32.341626    -4.452503
 213    8.2825     0.015504     0.015920    23.037494    32.776783
 214    8.2885     0.006053     0.010620    -8.785814   -11.650887
 215    8.3009     0.062143     0.057428   -21.166010   -20.402658
 216    8.3064     0.009614     0.034512   -49.742248   -96.780163
 217    8.3194     0.003553     0.004111   -17.652583   -27.449024
 218    8.3240     0.056589     0.038202    94.005592    62.521237
 219    8.3283     0.007221     0.005587    13.593636    15.929488
 220    8.3451     0.027088     0.027364    -5.958896    -4.823081
 221    8.3583     0.003886     0.010043     7.800551     6.575302
 222    8.3642     0.008828     0.009917     9.054525    11.701666
 223    8.3676     0.002968     0.010421     1.262750    -1.019694
 224    8.3733     0.021776     0.015563   -22.647678    -2.683587
 225    8.3744     0.017084     0.007093    42.127931     9.419068
 226    8.3783     0.019477     0.011840     3.122498    16.185007
 227    8.3871     0.018070     0.018186    -6.739802     1.937663
 228    8.3902     0.013045     0.007737    13.076808     8.782955
 229    8.3974     0.001431     0.000596    15.793940     4.521686
 230    8.4022     0.001733     0.004326    11.325908     1.328054
 231    8.4056     0.004307     0.002143    -1.205029     0.887679
 232    8.4120     0.005473     0.000447   -10.551108     0.057557
 233    8.4189     0.006368     0.007172   -22.947695   -27.212897
 234    8.4225     0.000451     0.001000     2.072178     3.199717
 235    8.4256     0.006734     0.015024     1.547980     2.193030
 236    8.4276     0.034746     0.059796   -28.584839   -11.755544
 237    8.4310     0.014153     0.007379   -30.599111   -21.914279
 238    8.4381     0.006497     0.005568   -12.664388   -14.273244
 239    8.4423     0.042318     0.022958    -2.277745    16.410801
 240    8.4429     0.009117     0.016504    -1.949303    -4.434376
 241    8.4482     0.013620     0.010303   -13.648709    -6.538071
 242    8.4554     0.011138     0.002367   -18.715836   -17.744099
 243    8.4585     0.003179     0.003478    -7.124853    -8.616290
 244    8.4613     0.021666     0.033776    24.128245    18.348719
 245    8.4693     0.012966     0.007427    -9.593974    -6.902068
 246    8.4731     0.000172     0.001042     1.604312    -0.700286
 247    8.4791     0.004754     0.017716    17.215069    58.901159
 248    8.4849     0.004102     0.005134    -8.671206   -18.313056
 249    8.4921     0.007685     0.010571    -2.010384    -0.503668
 250    8.4975     0.008559     0.003152    32.896280    10.195299
 251    8.5034     0.050848     0.026290    -3.559934   -10.652685
 252    8.5096     0.016524     0.012418     3.927383     1.902980
 253    8.5115     0.001542     0.004845     4.358450     4.275027
 254    8.5245     0.033067     0.018971   -25.284013   -20.709281
 255    8.5302     0.017445     0.014198     1.436393    -0.468490
 256    8.5337     0.003303     0.001660    -0.854082    -2.756726
 257    8.5374     0.004736     0.001403    -1.025666    -2.677281
 258    8.5509     0.002086     0.002201     3.725931    14.513369
 259    8.5555     0.009405     0.012145   -21.280186   -20.805775
 260    8.5593     0.003625     0.000616   -10.147951    -3.066590
 261    8.5637     0.008083     0.003266    -0.507612     5.040003
 262    8.5672     0.006008     0.005307    -2.699680    -4.064297
 263    8.5750     0.001198     0.003110     1.221909     3.809336
 264    8.5779     0.006063     0.006218    21.711003    20.512238
 265    8.5794     0.022107     0.010660    15.018308    10.492063
 266    8.5856     0.034011     0.022175   -36.692671   -31.179527
 267    8.5906     0.004697     0.003717     0.189371     3.441595
 268    8.5958     0.019979     0.017691    -9.075397    -9.512162
 269    8.5995     0.010124     0.008493     5.819200     6.330769
 270    8.6091     0.001069     0.000065     1.496085     0.030032
 271    8.6159     0.002641     0.002538     1.727729     4.748748
 272    8.6235     0.002798     0.002384    -2.670700    -2.654427
 273    8.6294     0.019261     0.012687   -11.147239     0.058410
 274    8.6313     0.021505     0.014490   -10.528226     4.738328
 275    8.6370     0.018835     0.019314   -17.893932   -19.349200
 276    8.6478     0.020430     0.013658     8.466188    -5.971899
 277    8.6531     0.014160     0.009788   -25.054901    -5.786869
 278    8.6589     0.053272     0.037078    12.845612    11.264493
 279    8.6664     0.008124     0.008304    14.525330    15.340270
 280    8.6740     0.010937     0.004795    15.374833    12.100156
 281    8.6808     0.003497     0.004557    -0.468392    -1.383376
 282    8.6904     0.010522     0.007099    -2.749355    -0.866186
 283    8.6933     0.015412     0.010926    -7.001548   -10.010233
 284    8.6954     0.001869     0.003651    -0.868318     0.103121
 285    8.6967     0.012910     0.010893     7.767394     6.468982
 286    8.7002     0.007612     0.003297     1.087833    -1.620393
 287    8.7031     0.000947     0.000125    -0.726870     0.263758
 288    8.7102     0.003936     0.002779    -0.594678     1.141157
 289    8.7169     0.000053     0.000073     0.300613     0.381839
 290    8.7182     0.003264     0.005212     9.190595    14.349898
 291    8.7240     0.004160     0.007939     6.633079    12.052690
 292    8.7327     0.000872     0.003055     6.170636     4.772536
 293    8.7357     0.000606     0.000080     5.636146    -1.723424
 294    8.7400     0.001554     0.001255    -6.728863   -11.676524
 295    8.7440     0.000118     0.000491    -0.020435     1.656081
 296    8.7461     0.001125     0.001365     1.585760     1.765590
 297    8.7554     0.001613     0.002176    -8.911754    -8.661215
 298    8.7566     0.002247     0.003216     2.173193     0.179187
 299    8.7647     0.034335     0.025634    12.688068    12.942554
 300    8.7694     0.026217     0.021290    27.485858    51.470798
 301    8.7723     0.007201     0.004792   -12.912267    -0.923227
 302    8.7761     0.008123     0.005817    28.772104    28.468533
 303    8.7788     0.002271     0.003017    -6.569817    -9.139061
 304    8.7857     0.043548     0.030947   -56.080896   -46.109373
 305    8.7916     0.012237     0.013280    -3.922130   -14.440389
 306    8.7941     0.006720     0.007265    -2.809541    -7.501956
 307    8.7990     0.004252     0.010661    -2.480141    -7.480421
 308    8.8032     0.010145     0.009312    -4.362952    -2.130274
 309    8.8118     0.001802     0.003195     7.980642     8.351199
 310    8.8170     0.002135     0.006272    -7.648119   -11.123633
 311    8.8223     0.010542     0.014174    -1.000720    -0.871130
 312    8.8254     0.004812     0.005533    -2.696534     2.040307
 313    8.8325     0.002560     0.011990     3.965804     4.333523
 314    8.8415     0.004842     0.004149    14.657744    13.771078
 315    8.8454     0.001747     0.002820    -0.402563    -0.549400
 316    8.8528     0.009443     0.006999     7.430485     0.020655
 317    8.8550     0.012829     0.015307    19.547748    18.462836
 318    8.8583     0.015500     0.020354    10.631301    12.600916
 319    8.8689     0.001569     0.001285     4.884229     5.480725
 320    8.8717     0.003966     0.002978    -7.083458    -8.630956
 321    8.8737     0.001870     0.002261     8.863969     4.776169
 322    8.8772     0.014426     0.010976   -23.633318   -17.059697
 323    8.8813     0.013759     0.024296     9.062345    17.460693
 324    8.8833     0.001340     0.002010    -4.687177   -11.289754
 325    8.8868     0.000829     0.001818    -1.056521    -1.868372
 326    8.8902     0.002750     0.001433     6.590915     7.202308
 327    8.8966     0.001459     0.002836     6.684095    -2.014146
 328    8.9042     0.011879     0.011378     6.740039     6.339082
 329    8.9172     0.023229     0.019868     9.551159    10.541882
 330    8.9231     0.010629     0.006681     3.694545     8.089595
 331    8.9278     0.010172     0.014529   -12.480563   -20.940614
 332    8.9368     0.014865     0.012709   -25.290355   -26.099566
 333    8.9381     0.007159     0.007649    13.685179    14.735342
 334    8.9410     0.036490     0.019421   -42.167532   -26.620005
 335    8.9459     0.016058     0.015946     1.138680     5.864597
 336    8.9484     0.007872     0.000648   -19.767363    -7.900318
 337    8.9571     0.024232     0.007716     2.745342     3.200060
 338    8.9733     0.003389     0.005833    -4.492384    -6.185228
 339    8.9780     0.006256     0.005878    -7.692760   -11.021766
 340    8.9837     0.009997     0.007475   -16.492969   -18.681469
 341    8.9863     0.010863     0.007850    -6.765468    -4.531377
 342    8.9900     0.025043     0.012189    11.021747     7.791245
 343    9.0027     0.024255     0.011967   -13.369943   -11.525283
 344    9.0082     0.004524     0.004083    -6.539242    -7.848191
 345    9.0097     0.007942     0.003329   -12.628093    -7.578700
 346    9.0109     0.006301     0.002162    -3.836743    -2.389869
 347    9.0149     0.001010     0.000506    -0.022406     0.298272
 348    9.0172     0.007843     0.004728     1.483766     8.943346
 349    9.0189     0.003065     0.001122     3.848318    -2.381117
 350    9.0216     0.000629     0.000790     0.160954     0.390739
 351    9.0269     0.005929     0.001561     7.765170     0.661452
 352    9.0302     0.001197     0.000714     0.680414    -0.243930
 353    9.0312     0.007385     0.003462    24.564627     7.322628
 354    9.0352     0.000507     0.000197     3.278327     2.997230
 355    9.0452     0.002264     0.010211    -0.818700   -15.615225
 356    9.0465     0.000774     0.002799     0.287962     0.446650
 357    9.0501     0.009859     0.003337     8.391824     4.343884
 358    9.0540     0.024251     0.009937   -27.624640    11.990816
 359    9.0602     0.003437     0.003205     1.875648     2.115216
 360    9.0634     0.031974     0.017314   -20.935360   -20.313002
 361    9.0669     0.055346     0.034249   102.587749    57.559373
 362    9.0766     0.013635     0.003861    27.740983    18.973775
 363    9.0868     0.005031     0.002799    14.441221     3.007889
 364    9.0963     0.007392     0.008880   -29.634759   -20.144199
 365    9.0991     0.019526     0.011941   -15.366731   -18.341358
 366    9.1027     0.005525     0.004086     6.757138     8.607659
 367    9.1097     0.017055     0.007416    -1.958096    -1.556315
 368    9.1135     0.031068     0.018058    12.494226    15.934986
 369    9.1211     0.105014     0.063427    -3.264233     4.088331
 370    9.1246     0.008250     0.001638   -21.012984     0.351530
 371    9.1265     0.036203     0.031709    28.871943     9.025310
 372    9.1315     0.006957     0.007827   -15.763001    -5.139105
 373    9.1385     0.015134     0.012896   -12.347939    -9.654613
 374    9.1485     0.006887     0.011897    21.081717    22.430125
 375    9.1517     0.002634     0.003419   -18.197848    -8.605455
 376    9.1643     0.003755     0.005097    -1.957154    -2.819425
 377    9.1660     0.002974     0.001147   -11.705951   -12.241002
 378    9.1729     0.000266     0.000383     2.701108     3.365886
 379    9.1782     0.002253     0.012524    -5.386668   -11.038143
 380    9.1920     0.009772     0.006051    21.740744    22.478922
 381    9.2028     0.000272     0.003915    -0.730946    -9.437956
 382    9.2031     0.001480     0.000501     8.028116    -1.867967
 383    9.2103     0.007652     0.007349    -5.600129    -0.686706
 384    9.2118     0.004667     0.012852    23.359122    36.332814
 385    9.2169     0.002275     0.001857    -5.051136     3.639527
 386    9.2191     0.000341     0.000225     0.972526     1.663548
 387    9.2207     0.027016     0.023997    11.081764     8.674227
 388    9.2266     0.000346     0.006616     3.338676   -15.687734
 389    9.2372     0.004646     0.009664     2.969668    -2.441161
 390    9.2435     0.007269     0.002721     2.279159     3.613230
 391    9.2456     0.003782     0.006486    -9.625475   -22.366559
 392    9.2559     0.005237     0.008182     1.419648    -1.564241
 393    9.2605     0.001663     0.002094     8.761483     4.869986
 394    9.2680     0.009462     0.008329    28.396608    20.684615
 395    9.2711     0.016619     0.009975    12.410950    10.605067
 396    9.2754     0.009994     0.009374   -11.987786   -15.446998
 397    9.2767     0.002699     0.002480    -2.321762    -1.950174
 398    9.2825     0.003524     0.003331    -5.851192    -4.524600
 399    9.2911     0.001048     0.000556    -5.852687     2.977684
 400    9.2947     0.005962     0.002846     2.201707     2.039706
 401    9.2967     0.002748     0.000739    17.851948     2.555732
 402    9.3022     0.004752     0.005557    12.612811    14.508689
 403    9.3037     0.013286     0.002119   -20.870034    -3.562734
 404    9.3110     0.007979     0.005663    -5.768973    -5.469648
 405    9.3226     0.000715     0.000714    -2.004045    -1.550862
 406    9.3260     0.003927     0.004056    -7.501825   -12.994503
 407    9.3346     0.008915     0.010522    -8.049459    -7.229494
 408    9.3404     0.001784     0.001555     8.363802     1.305080
 409    9.3517     0.013099     0.012829   -29.299040   -26.092920
 410    9.3589     0.005174     0.003634     2.726114    -0.013188
 411    9.3625     0.003129     0.005338     3.206621    12.566505
 412    9.3675     0.001483     0.004913    -5.068229    -9.311363
 413    9.3682     0.000146     0.000140    -1.166442     1.130767
 414    9.3714     0.000035     0.001034    -0.136764    -0.874745
 415    9.3740     0.000300     0.004015    -0.299842   -14.301462
 416    9.3802     0.001266     0.007694     2.652663    10.493888
 417    9.3889     0.002580     0.001693    -7.217065     7.646910
 418    9.3939     0.003269     0.002724    -2.870279    -3.870789
 419    9.3961     0.016350     0.012120    22.845266     9.469622
 420    9.4035     0.003544     0.000753   -16.455374    -6.128427
 421    9.4063     0.004020     0.000431     4.193964     2.272053
 422    9.4101     0.001829     0.003785     7.760960     8.681094
 423    9.4126     0.001012     0.000995     8.005661     6.151731
 424    9.4225     0.002210     0.003048    -1.071035     2.017957
 425    9.4251     0.001869     0.001227     0.465915    -0.732443
 426    9.4276     0.024115     0.015231    -0.044873     4.150281
 427    9.4324     0.001518     0.000794     0.758492     0.065812
 428    9.4360     0.000961     0.001070    -1.849050    -1.498190
 429    9.4386     0.001857     0.001030     2.148035    -2.150974
 430    9.4425     0.001099     0.001011     5.490409     3.779912
 431    9.4450     0.001725     0.001575     0.885201     0.408493
 432    9.4459     0.000870     0.000284     0.534612     0.157376
 433    9.4527     0.004675     0.003916     6.935233     5.256045
 434    9.4551     0.003516     0.002252     4.028083     4.242877
 435    9.4569     0.000183     0.000070    -0.206467    -0.550399
 436    9.4643     0.000502     0.001194     2.286724     2.341829
 437    9.4715     0.000633     0.000314    -2.689385    -4.357853
 438    9.4747     0.004661     0.006887   -11.279192   -14.048270
 439    9.4782     0.001767     0.003204    -2.592484    -3.852625
 440    9.4860     0.006993     0.007319   -16.400476   -14.200090
 441    9.4882     0.002991     0.005047    -6.003031    -9.682559
 442    9.4943     0.006645     0.005894    10.748604     8.988449
 443    9.5019     0.001822     0.000306    -1.575119     0.560971
 444    9.5062     0.004638     0.004091     3.660973     3.324392
 445    9.5069     0.001259     0.003042     5.430773     6.399990
 446    9.5113     0.002273     0.000911    -4.006191    -1.977271
 447    9.5169     0.004851     0.003776    12.287130    12.069276
 448    9.5179     0.001508     0.003616     1.548349     0.165378
 449    9.5225     0.005782     0.002423    -4.186990     2.536801
 450    9.5300     0.007475     0.014466   -13.749398   -20.222964
 451    9.5321     0.005994     0.003766    30.280518   -12.408338
 452    9.5431     0.004906     0.006245     4.927690     2.699604
 453    9.5438     0.002385     0.001291    -0.261815    -0.118221
 454    9.5443     0.000500     0.000349     2.207656     1.205386
 455    9.5465     0.000169     0.000945    -0.548070     0.550099
 456    9.5557     0.004649     0.004070     1.228422   -12.890232
 457    9.5599     0.006612     0.002553   -13.871199   -12.239574
 458    9.5659     0.015977     0.016843     6.738957     0.211383
 459    9.5691     0.006876     0.006688    20.703257    27.298572
 460    9.5774     0.000603     0.000470    -1.723009     1.552967
 461    9.5846     0.002614     0.002054     3.115159     2.183058
 462    9.5895     0.005411     0.008104   -10.478165   -13.802913
 463    9.5928     0.001197     0.002996     1.207978    -5.260937
 464    9.5972     0.002760     0.003683     8.690274     3.998446
 465    9.6090     0.001662     0.003219    -0.145989    -9.588895
 466    9.6109     0.003207     0.002292     0.495976     0.368576
 467    9.6172     0.000152     0.002328    -3.226297    -1.694873
 468    9.6191     0.000928     0.005171    -0.786310     4.899826
 469    9.6271     0.001726     0.002119     1.235500     5.429105
 470    9.6391     0.008152     0.009674    25.981260     5.301888
 471    9.6407     0.000806     0.002130    -2.028317     2.748938
 472    9.6456     0.005345     0.004927    14.907546     7.381751
 473    9.6500     0.001353     0.000864    -1.330610    -1.064934
 474    9.6536     0.000578     0.000398    -0.515234    -1.124421
 475    9.6599     0.003331     0.001300    -5.254401    -1.942250
 476    9.6636     0.001882     0.006939   -10.079996   -14.562693
 477    9.6662     0.000045     0.002328    -0.758357     6.975329
 478    9.6756     0.011888     0.011642    -0.895808    -0.716300
 479    9.6775     0.011580     0.010349    -3.893135    -4.183512
 480    9.6799     0.010678     0.007214     0.916592    -0.841563
 481    9.6823     0.001622     0.001776     0.800806     1.274320
 482    9.6897     0.007216     0.004365     7.018461     0.415730
 483    9.6994     0.005063     0.001614    -4.974098    -5.248082
 484    9.7039     0.002704     0.003051     0.987788    -0.918478
 485    9.7094     0.001994     0.002063     3.484140    10.002390
 486    9.7139     0.009508     0.006729    -5.953909   -11.426805
 487    9.7189     0.011045     0.005706    15.460905    -0.399563
 488    9.7305     0.004525     0.005505    -3.425681     4.714367
 489    9.7309     0.005714     0.005362     5.471963     7.151676
 490    9.7364     0.004337     0.004226    17.395791    -0.567120
 491    9.7401     0.002231     0.002510     2.089840     0.907721
 492    9.7463     0.005165     0.003441     5.606222    -0.121160
 493    9.7496     0.002760     0.000436     5.324218     0.894396
 494    9.7558     0.001835     0.001197     5.015703     3.418442
 495    9.7575     0.002546     0.001984    -2.035276    -0.686553
 496    9.7614     0.000413     0.001329     0.627461     3.227209
 497    9.7632     0.002896     0.002752     0.430599    -0.694668
 498    9.7684     0.000217     0.001381     1.963981    -1.814311
 499    9.7709     0.004784     0.000775     8.808633     2.891529
 500    9.7745     0.000522     0.000599    -1.377224     0.124209
 501    9.7765     0.004244     0.001839     2.060473     1.230144
 502    9.7803     0.005077     0.004664    -2.557222    -7.216942
 503    9.7846     0.000923     0.001566    -1.916782    -2.214018
 504    9.7929     0.007234     0.003990   -16.077967    -0.972966
 505    9.7971     0.011331     0.008610     8.205123     4.814313
 506    9.8031     0.007143     0.002296     2.182159    -1.706368
 507    9.8090     0.002720     0.003653     4.115218     5.847483
 508    9.8118     0.003795     0.005798     1.558675     2.479571
 509    9.8175     0.002066     0.000401     0.694789    -0.386342
 510    9.8256     0.000804     0.000235     4.482408     1.121718
 511    9.8277     0.004004     0.006665    -0.522437    -1.585298
 512    9.8317     0.000110     0.001682     0.660670     1.207980
 513    9.8375     0.002482     0.001454    -1.885830    -2.168741
 514    9.8404     0.004300     0.004454     4.657084     5.629061
 515    9.8442     0.001664     0.002314     1.864798     2.989048
 516    9.8488     0.002521     0.000725    -5.678942    -3.645380
 517    9.8510     0.001556     0.000582     5.093900    -1.105310
 518    9.8561     0.004372     0.004514    -2.700863    -2.908889
 519    9.8581     0.001144     0.000381     5.225566    -1.202733
 520    9.8621     0.000964     0.000469     1.799787     0.730237
 521    9.8657     0.004268     0.003216     5.893942     5.167168
 522    9.8692     0.001841     0.001715     3.249372     1.720739
 523    9.8724     0.010227     0.007145    27.941056    24.196410
 524    9.8772     0.000927     0.001247     0.144906     0.223365
 525    9.8807     0.014189     0.009598     7.097434     6.142921
 526    9.8830     0.002387     0.001125    -5.364308    -2.855796
 527    9.8890     0.002122     0.000595     2.083789     1.175434
 528    9.8966     0.000251     0.000696     0.757826     0.202225
 529    9.9022     0.010682     0.007680   -15.086702   -13.646605
 530    9.9054     0.004133     0.001622    -9.763556    -6.910587
 531    9.9087     0.002871     0.000519     3.113434     0.301957
 532    9.9128     0.019970     0.018332    15.280822    15.500041
 533    9.9172     0.000470     0.003335     3.290059     9.518186
 534    9.9239     0.004442     0.008498     2.299706    14.160614
 535    9.9307     0.001787     0.006977     0.609521    -2.122826
 536    9.9379     0.004205     0.007578    -5.742283    -8.955786
 537    9.9476     0.007894     0.002801   -14.044048   -11.459862
 538    9.9521     0.001550     0.001355     1.401306    -1.996946
 539    9.9603     0.002652     0.002240    -3.053359    -3.177383
 540    9.9610     0.002361     0.005230    -6.456815    -9.762331
 541    9.9626     0.002103     0.000401     1.170008     1.065675
 542    9.9687     0.001683     0.000729     2.489324     2.928154
 543    9.9724     0.000212     0.000139    -1.529534    -1.117905
 544    9.9767     0.002601     0.006603     2.624594    -2.557429
 545    9.9784     0.000480     0.000470    -0.706160    -1.326541
 546    9.9839     0.007463     0.001340    -6.714709    -2.714957
 547    9.9858     0.001241     0.005907     6.944218     4.826170
 548    9.9903     0.000230     0.002969    -1.790666    -4.955698
 549    9.9930     0.001886     0.001451    -4.774780   -11.783050
 550    9.9958     0.001127     0.002756   -13.503886    10.082463
 551    9.9967     0.004187     0.004733     5.801117    -0.941385
