 NM
 UV
 MMASS
   855.051599999998     
 LFAKTOR
  0.5
 RFAKTOR
  1.0
 WIDTH
  0.20
 SHIFT
  0.00
 DATXY
   1    3.7202     0.070653     0.061478  -147.737069  -114.445051
   2    3.8048     0.478892     0.209633   127.431703   114.831469
   3    3.9942     0.398063     0.135847   159.238352   132.527514
   4    4.0206     0.101597     0.070543  -131.583985  -204.271513
   5    4.0926     0.135829     0.061468  -164.026292   -88.085292
   6    4.1822     0.209195     0.099079  -158.053183   -90.987334
   7    4.2379     0.188149     0.093921   130.636446    99.425647
   8    4.3042     0.078557     0.031102    71.102248    44.608050
   9    4.3729     0.380842     0.141017    96.900290    59.345487
  10    4.6038     0.090503     0.026452   -62.587042   -26.881767
  11    4.6992     1.306523     0.631961   149.157907   115.264275
  12    4.7381     0.207429     0.098470   -16.320852    -6.488581
  13    4.7900     0.069789     0.029521    49.994484    24.793741
  14    4.8724     0.001257     0.001575     0.400617    -0.183479
  15    4.9247     0.470766     0.240145    39.851697    -0.730324
  16    4.9778     0.013346     0.007949    -6.528523    -4.484990
  17    5.0208     0.398801     0.185134   -71.594587   -42.220679
  18    5.0467     0.064394     0.067689    17.508689     3.310343
  19    5.0769     0.093353     0.050125    -8.595978     7.898775
  20    5.1431     0.467570     0.210471   217.652515   146.838096
  21    5.1894     0.185925     0.087757  -115.308379   -55.511635
  22    5.2137     0.018816     0.023136   -61.018254   -55.138284
  23    5.2848     0.009814     0.003131   -16.221329   -12.844410
  24    5.3112     0.117390     0.044710    55.360361    66.468055
  25    5.3261     0.126734     0.065924   -44.686802   -38.359575
  26    5.3322     0.108449     0.058188  -156.401490  -145.241598
  27    5.3811     0.010696     0.006218    -1.174522     0.687750
  28    5.4188     0.141601     0.066355  -149.432910  -105.500454
  29    5.4996     0.569484     0.277273   200.383356   114.812656
  30    5.5673     0.003405     0.001231     1.309364     0.780381
  31    5.6495     0.209660     0.110443    49.070519    37.609399
  32    5.6582     0.062650     0.027958    19.991480     9.827191
  33    5.6874     0.191526     0.109920  -134.306699  -102.531917
  34    5.7182     0.057174     0.032303   -44.172460   -31.576997
  35    5.7364     0.087423     0.034216    52.595488    30.564294
  36    5.7470     0.012848     0.004673     4.392788     2.279954
  37    5.7656     0.090428     0.036724    19.143873     0.544476
  38    5.7971     0.031558     0.012167    32.731859    15.022602
  39    5.8402     0.003498     0.005886    -1.182345    -8.595979
  40    5.8561     0.037072     0.021952    34.403198     9.232200
  41    5.8618     0.016624     0.014433   -36.196772   -43.507347
  42    5.8927     0.036371     0.024861    39.236773    50.177463
  43    5.9129     0.006491     0.012496    11.630196     5.185551
  44    5.9303     0.017088     0.012155    24.738010    18.977023
  45    5.9481     0.002130     0.011712     1.167125     0.392652
  46    6.0242     0.037958     0.018045   -43.263892   -21.983560
  47    6.0386     0.003572     0.005010   -10.583935     4.774656
  48    6.0741     0.052920     0.026195    63.793605    11.425847
  49    6.0799     0.001593     0.001318     3.982117     5.385674
  50    6.1184     0.029983     0.012258    29.988335     7.609309
  51    6.1294     0.016062     0.005502    -4.307740    -2.866723
  52    6.1851     0.011269     0.016145   -37.849348   -19.893697
  53    6.2001     0.103606     0.068310    49.468550    40.923654
  54    6.2228     0.073877     0.069717    47.019462    70.458311
  55    6.2324     0.021271     0.028968    15.897627    -3.494961
  56    6.2586     0.002375     0.010302    -4.371919   -12.365966
  57    6.2688     0.003891     0.004347   -23.036714   -20.767393
  58    6.2846     0.010878     0.006819    20.427372    35.072555
  59    6.2928     0.005532     0.007214   -12.425875    -8.633000
  60    6.3002     0.060165     0.035320   -28.503034   -48.863114
  61    6.3043     0.068172     0.039492   -69.005820   -74.710099
  62    6.3179     0.003187     0.002378     4.668026    16.177230
  63    6.3366     0.021772     0.016800    26.433188     1.075172
  64    6.3540     0.042031     0.024206    60.012255    57.728674
  65    6.3663     0.006275     0.004794     5.474729     4.388977
  66    6.3813     0.016094     0.011381    19.338842    16.698191
  67    6.3983     0.044138     0.025847    30.383350    12.039362
  68    6.4231     0.064845     0.044560    78.540498    22.591408
  69    6.4461     0.021141     0.007914   -49.173780   -27.484874
  70    6.4566     0.046776     0.036931    46.644607    38.893349
  71    6.4653     0.003999     0.001963   -10.156328    -7.888497
  72    6.4723     0.013517     0.018866    18.958834    27.698038
  73    6.4923     0.012443     0.005348   -36.595513   -34.930394
  74    6.4972     0.017716     0.005585    29.113266    -1.276855
  75    6.5140     0.012300     0.010635    44.539880    39.047401
  76    6.5315     0.020710     0.018053    32.254177    36.780869
  77    6.5366     0.002655     0.001848     9.593654     5.210069
  78    6.5621     0.300008     0.198333   -79.051563   -33.245820
  79    6.5733     0.072779     0.054866  -119.888636   -82.059962
  80    6.5809     0.032014     0.024374   -32.210773   -59.928900
  81    6.5938     0.017300     0.002062    36.663317     4.027851
  82    6.6037     0.037488     0.046794    78.628343     5.111863
  83    6.6277     0.123580     0.066078    -3.911930    -1.696043
  84    6.6472     0.029593     0.013798   -11.935836     0.108478
  85    6.6768     0.178900     0.131630    22.295107     2.514264
  86    6.6825     0.142460     0.098584   -44.243363    21.580490
  87    6.6870     0.102450     0.058992    67.489881    48.592146
  88    6.6905     0.003458     0.012782    -2.643512    43.546848
  89    6.6981     0.005134     0.004665    -3.188673   -20.479438
  90    6.7159     0.190789     0.136306    61.142138    85.352288
  91    6.7219     0.227249     0.165031   -31.502570     3.593978
  92    6.7291     0.032429     0.014840    10.025997    18.001286
  93    6.7548     0.071382     0.053204   -13.853420   -30.113786
  94    6.7625     0.004987     0.050703    49.159486   128.499623
  95    6.7734     0.006651     0.002948   -31.066935   -28.933748
  96    6.7777     0.018515     0.009223   -88.439498   -57.650391
  97    6.7825     0.001329     0.001803     1.464913    -9.602836
  98    6.8084     0.122617     0.100641  -260.545136  -229.568158
  99    6.8185     0.048400     0.049173   -94.882571  -100.135360
 100    6.8456     0.003464     0.003843     1.267624     3.298013
 101    6.8582     0.019863     0.034521    68.165815   153.981009
 102    6.8719     0.020712     0.020070   -28.703623   -21.493238
 103    6.8864     0.022574     0.011805    59.826731    41.381284
 104    6.8912     0.336429     0.208532   179.876535   200.367485
 105    6.9137     0.040996     0.036322   -36.035370   -13.690699
 106    6.9208     0.124597     0.072916   -51.360904   -29.641594
 107    6.9468     0.048650     0.027279   119.199509   102.550525
 108    6.9560     0.025783     0.020335    23.730768    37.531607
 109    6.9587     0.011637     0.001501    26.104792    -3.527433
 110    6.9642     0.002981     0.000769    -4.854369     6.718226
 111    6.9696     0.016893     0.011034    57.521200    88.236801
 112    6.9780     0.009654     0.053646    32.452753    20.182897
 113    6.9878     0.007194     0.034918   -68.989802  -135.515167
 114    6.9990     0.123832     0.088754   -80.352271   -77.405693
 115    7.0217     0.005992     0.010139   -17.148902   -22.316979
 116    7.0268     0.012424     0.017496   -28.475039   -33.554220
 117    7.0372     0.023014     0.017324    13.089604    11.106716
 118    7.0420     0.046069     0.079872   -14.713456    41.221186
 119    7.0484     0.038542     0.023768   101.445278    73.625341
 120    7.0563     0.045979     0.022809   -78.282654   -76.700784
 121    7.0598     0.023273     0.009520    16.475506    -2.938518
 122    7.0685     0.024536     0.010909   -39.830538   -24.522620
 123    7.0734     0.056744     0.017446    38.728382    -0.440173
 124    7.0805     0.004150     0.018604   -17.517340   -43.317256
 125    7.1025     0.036667     0.029093    29.392215    27.118750
 126    7.1049     0.008410     0.009827   -54.559456   -58.188691
 127    7.1167     0.127390     0.073491  -154.777282   -79.499262
 128    7.1330     0.028471     0.037663   -51.156051  -111.861581
 129    7.1383     0.125883     0.045733  -238.020909   -82.613373
 130    7.1545     0.057676     0.041798    74.135549    93.563398
 131    7.1663     0.072277     0.036233   -15.785242    -1.200571
 132    7.1700     0.019604     0.010597    28.245943    18.386985
 133    7.1794     0.078304     0.032695  -250.094323  -128.916971
 134    7.1861     0.122370     0.108459  -118.468398  -151.151481
 135    7.1966     0.028484     0.030973   -36.993118   -71.212535
 136    7.2085     0.148555     0.088523   -32.036506  -170.973561
 137    7.2100     0.036362     0.022671   -77.855763   -51.341191
 138    7.2184     0.067897     0.040619   -27.206377   -20.274504
 139    7.2273     0.102782     0.041830   127.388871   101.236044
 140    7.2407     0.020454     0.011710   -47.545380   -36.992059
 141    7.2511     0.017253     0.019753    -1.713978   -26.061404
 142    7.2602     0.177072     0.114418   -67.703782   -41.811313
 143    7.2682     0.223424     0.119909   251.667774   195.498440
 144    7.2812     0.103457     0.045141    33.793139    39.530773
 145    7.2904     0.086779     0.044638    46.138896    49.103756
 146    7.2976     0.001660     0.001800     6.964097    20.167017
 147    7.3105     0.086436     0.041993    56.827961    28.147903
 148    7.3205     0.035195     0.082042   -44.287944   -39.757537
 149    7.3295     0.069511     0.032246  -283.896227   -80.249169
 150    7.3356     0.062772     0.040332   105.894663    86.229354
 151    7.3394     0.021535     0.014720     8.230271     7.286681
 152    7.3442     0.044965     0.011065   -82.813681   -28.441172
 153    7.3487     0.036730     0.079589    50.224822    39.102970
 154    7.3679     0.036585     0.014554  -102.687471   -69.335920
 155    7.3732     0.110404     0.042359    80.258028    43.997817
 156    7.3843     0.033721     0.015940   -77.100040     3.483868
 157    7.3856     0.007703     0.011131     9.905360     4.979157
 158    7.3901     0.013877     0.012646    -4.288769   -10.807834
 159    7.4042     0.114017     0.040278    28.089156    33.575339
 160    7.4044     0.184869     0.131746   176.712150   146.566631
 161    7.4101     0.272649     0.158070   330.826995   155.584453
 162    7.4124     0.073324     0.050339    61.563183    61.307628
 163    7.4205     0.016338     0.013386    13.101602    17.427452
 164    7.4261     0.046520     0.043372    -3.130482    -1.174176
 165    7.4388     0.134641     0.093279  -198.493570  -169.268013
 166    7.4460     0.004192     0.009583    16.340624    38.422215
 167    7.4545     0.062180     0.025788    49.000256    27.421487
 168    7.4571     0.044104     0.015914    44.214769    55.640708
 169    7.4608     0.027862     0.013183     5.036811   -37.968440
 170    7.4695     0.020053     0.014100   -11.234171   -39.082456
 171    7.4783     0.060408     0.021897   123.163170    28.577902
 172    7.4809     0.029463     0.029786   -26.608794   -28.500177
 173    7.4840     0.054803     0.050086    28.808607    70.183160
 174    7.4882     0.028415     0.020731   -29.817136   -41.165276
 175    7.4915     0.071389     0.035594    17.489524    -1.023177
 176    7.5030     0.024117     0.041125   -45.187027   -24.450786
 177    7.5145     0.068465     0.062062   -20.677568   -11.570503
 178    7.5292     0.001305     0.002606     4.338685     2.949107
 179    7.5395     0.032371     0.015136    57.647230    36.203783
 180    7.5414     0.030778     0.023254    -3.399502    -6.240640
 181    7.5533     0.026092     0.032704   -18.952011     9.878687
 182    7.5565     0.034143     0.026472   -26.133100   -43.957428
 183    7.5618     0.005263     0.002715    15.891019     2.769064
 184    7.5744     0.065715     0.054559  -117.298774  -115.480562
 185    7.5792     0.013820     0.010699    -6.683144    28.575422
 186    7.5848     0.020177     0.007685   -22.203005   -11.671362
 187    7.5920     0.092134     0.038051  -193.032292  -103.227031
 188    7.6037     0.046458     0.014005   -27.666573   -21.840776
 189    7.6126     0.058364     0.019673   150.746516    85.395628
 190    7.6192     0.016666     0.009059    -1.234355   -11.388607
 191    7.6244     0.034942     0.025622    28.336559    59.601816
 192    7.6321     0.013272     0.002735   -16.417200    -6.437503
 193    7.6388     0.017876     0.007619    -2.715483   -13.053647
 194    7.6426     0.010497     0.002779    -0.336941     2.568210
 195    7.6501     0.016799     0.005833    -7.048498   -10.909697
 196    7.6533     0.056673     0.019482   -40.171124   -31.020595
 197    7.6607     0.006374     0.006092     5.108152   -13.670385
 198    7.6685     0.033741     0.014892    23.974725    11.442041
 199    7.6747     0.028922     0.010589    47.552962    38.577452
 200    7.6789     0.044950     0.035360    24.146133    13.319546
 201    7.6866     0.023459     0.014931   -32.414118   -24.185844
 202    7.6879     0.056112     0.034468    58.929599    48.856441
 203    7.6927     0.024957     0.014319    -2.731293   -19.266416
 204    7.6953     0.039213     0.006517    19.521226    16.458962
 205    7.7067     0.002805     0.006987     6.343992     5.531588
 206    7.7108     0.078055     0.025012  -105.215514     1.631312
 207    7.7183     0.009434     0.008062   -32.048353   -32.166574
 208    7.7236     0.037464     0.019173    52.418524    70.167978
 209    7.7256     0.019847     0.014423     3.704560    -1.009698
 210    7.7293     0.055200     0.033344    74.673063    55.495725
 211    7.7324     0.113697     0.070022   -51.423242   -65.454247
 212    7.7457     0.059674     0.029946    65.516381    43.281748
 213    7.7552     0.050287     0.026387    14.329300    17.792589
 214    7.7632     0.015493     0.011143   -29.985613   -24.328281
 215    7.7664     0.023437     0.013376   -33.494340   -27.407743
 216    7.7736     0.021108     0.011817   -44.124551   -34.397613
 217    7.7863     0.014473     0.011023   -30.382206   -31.547186
 218    7.7887     0.008904     0.011239   -21.714617    -1.314678
 219    7.7901     0.008548     0.002108     7.153087     7.413997
 220    7.7952     0.017584     0.014902    42.539791    22.349192
 221    7.8020     0.025265     0.017513     9.770756     7.964213
 222    7.8070     0.030388     0.023003    10.076427    54.695594
 223    7.8160     0.014490     0.002523   -31.453320   -14.970121
 224    7.8181     0.014958     0.008701   -22.175843   -12.027449
 225    7.8299     0.025831     0.033085   -44.539290   -29.309041
 226    7.8316     0.002804     0.003545     0.202910    -8.179226
 227    7.8356     0.014058     0.031035    -0.172432     1.874094
 228    7.8396     0.011867     0.012649     9.265992    15.635637
 229    7.8457     0.005257     0.012834    10.636742    21.834584
 230    7.8553     0.007242     0.003786   -20.631649    -8.602934
 231    7.8588     0.008933     0.005982     9.137107    14.535708
 232    7.8658     0.103541     0.052382   169.080371   104.574861
 233    7.8739     0.011186     0.009938     4.475052     4.129967
 234    7.8753     0.037484     0.038490   -27.101986   -29.531462
 235    7.8876     0.027978     0.024137    20.207029    17.854475
 236    7.8913     0.007718     0.004024    36.644156    25.360264
 237    7.8978     0.012246     0.014329    21.146172    28.917077
 238    7.8996     0.016021     0.013630   -28.538583   -27.750080
 239    7.9051     0.012558     0.004674   -17.211843   -11.336911
 240    7.9100     0.040444     0.005992    80.108881    38.660195
 241    7.9127     0.019067     0.021343    -9.904947   -16.805416
 242    7.9254     0.008165     0.031199    31.232380    37.632919
 243    7.9280     0.008218     0.022460   -51.735115   -93.332086
 244    7.9356     0.004859     0.002546    -7.701358    -3.584516
 245    7.9374     0.018446     0.017846    50.830243    58.115533
 246    7.9391     0.002139     0.010445     1.171452    45.860385
 247    7.9524     0.023946     0.025424   -73.434663   -82.741085
 248    7.9666     0.023866     0.008474    -7.434288    -5.830370
 249    7.9779     0.013384     0.007091    36.192677    30.795030
 250    7.9836     0.023570     0.034927   -29.269406   -39.628820
 251    7.9898     0.014989     0.016565     0.357141     3.092609
 252    7.9929     0.005456     0.018592   -22.494150   -53.617931
 253    7.9978     0.011937     0.005038    42.852383    20.641953
 254    8.0028     0.013139     0.011297    -2.596338    -9.013774
 255    8.0104     0.008539     0.039757   -49.317500   -90.998504
 256    8.0157     0.050870     0.051021    83.731559   -51.910785
 257    8.0197     0.034080     0.024632    78.728069    55.392355
 258    8.0281     0.043165     0.066705    -7.617867    34.232387
 259    8.0352     0.002407     0.014250     3.404725   -88.419725
 260    8.0400     0.002468     0.033729    -9.565815   -21.192913
 261    8.0433     0.018191     0.057421   -64.943564   -75.978464
 262    8.0539     0.041828     0.031045    13.135867     9.684813
 263    8.0596     0.021777     0.016001   -58.815353    48.921598
 264    8.0677     0.007726     0.009702    16.957233    19.814861
 265    8.0732     0.016119     0.012014    17.571883    19.508097
 266    8.0824     0.048184     0.018940    74.502070    24.793408
 267    8.0867     0.018495     0.003286    31.568074    10.615414
 268    8.1006     0.008432     0.004385   -23.694675    15.156707
 269    8.1060     0.034352     0.018739    11.234548    43.795906
 270    8.1116     0.004930     0.002538   -15.114992    -7.468753
 271    8.1176     0.008374     0.007203   -13.210540     7.936376
 272    8.1203     0.017782     0.012432    13.251893     5.915869
 273    8.1270     0.006423     0.013750     3.502444     6.017097
 274    8.1333     0.009352     0.015311    15.609026     6.475921
 275    8.1356     0.007781     0.008253    -0.566381    -0.320811
 276    8.1378     0.038927     0.024197   -10.441051     6.307685
 277    8.1446     0.025675     0.039320   -22.421853   -15.256944
 278    8.1528     0.038378     0.031390   -33.455859   -42.942524
 279    8.1571     0.019507     0.006908    25.511074    12.904065
 280    8.1633     0.040482     0.041393     6.314738    11.097988
 281    8.1705     0.046432     0.044926   -26.379880     2.707446
 282    8.1823     0.004577     0.013872    -2.349930   -26.321963
 283    8.1838     0.004411     0.015301    -2.408673    -5.538249
 284    8.1895     0.020732     0.019376    33.690230    41.346739
 285    8.1990     0.010172     0.096006    20.353948    36.865189
 286    8.2014     0.016820     0.007069   -17.455155     5.188657
 287    8.2052     0.005859     0.003285   -10.661700    18.490248
 288    8.2087     0.002721     0.018379    -2.213994    14.396340
 289    8.2124     0.015132     0.017239   -10.052260   -31.257816
 290    8.2148     0.036397     0.036711   -79.777629   -76.644503
 291    8.2177     0.011003     0.001103    23.112439     8.848079
 292    8.2278     0.069484     0.024125   143.830610    94.993004
 293    8.2306     0.031716     0.024219   -48.728226   -49.472333
 294    8.2376     0.001033     0.013641    11.469539    42.974822
 295    8.2471     0.025124     0.013361   -34.815986   -13.064535
 296    8.2496     0.009234     0.003791     9.397282     7.216279
 297    8.2539     0.012155     0.015508    -7.040834    -7.752136
 298    8.2564     0.025251     0.007563    54.041914    29.969106
 299    8.2627     0.001058     0.001727    -2.094032    -1.058021
 300    8.2702     0.024694     0.015663    11.285456     9.216674
 301    8.2726     0.025772     0.024596   -25.588982   -25.681462
 302    8.2784     0.007335     0.013158   -45.112021   -58.920917
 303    8.2807     0.008176     0.024650   -20.984006   -14.198290
 304    8.2870     0.001853     0.004030    -0.053141    -2.349019
 305    8.2907     0.004171     0.012555    19.175408    -7.556170
 306    8.2942     0.009491     0.003410   -52.133919   -19.722601
 307    8.3017     0.008810     0.018177     3.068940     1.252284
 308    8.3070     0.022025     0.026706    -9.764781   -13.413395
 309    8.3139     0.007121     0.006311    12.203474    14.386447
 310    8.3175     0.002528     0.002197   -13.187732   -15.889735
 311    8.3206     0.021307     0.018065    19.350631    17.201474
 312    8.3266     0.004841     0.004071    16.789673    20.425287
 313    8.3294     0.022464     0.015266    25.052003    15.325575
 314    8.3372     0.028561     0.025311    56.137731    54.976258
 315    8.3385     0.061838     0.050669   -84.890578   -75.367178
 316    8.3429     0.003702     0.002002    12.221888    10.139613
 317    8.3453     0.049090     0.030228    37.122492    23.013627
 318    8.3506     0.021897     0.010689    38.964811    25.172661
 319    8.3604     0.004853     0.006527     6.605370    11.616099
 320    8.3640     0.019160     0.011613    -7.409769   -28.772929
 321    8.3679     0.037726     0.022106    -7.796857    -8.209877
 322    8.3705     0.035195     0.017684    17.482304    15.113026
 323    8.3776     0.021644     0.020601   -31.993037   -31.239854
 324    8.3796     0.020665     0.010111   -12.282422   -21.126711
 325    8.3841     0.088094     0.042955   -58.396809   -62.965667
 326    8.3911     0.021344     0.009997    76.819521    56.494150
 327    8.3953     0.020049     0.025284    -3.481569     8.087167
 328    8.4044     0.002909     0.011058     9.954860    12.621705
 329    8.4100     0.012252     0.008855    -9.399396    -0.326521
 330    8.4135     0.033647     0.019959    54.387923    35.532224
 331    8.4178     0.002871     0.011432    13.681447    12.876298
 332    8.4237     0.021584     0.004437    26.268719     8.945106
 333    8.4289     0.008831     0.009174     7.713599    15.365160
 334    8.4344     0.000440     0.003689    -2.392137    -6.139053
 335    8.4393     0.012256     0.008194   -13.333798   -11.726247
 336    8.4416     0.024199     0.011147    -1.648298     2.565041
 337    8.4455     0.017307     0.008973    21.019442    22.740068
 338    8.4488     0.001617     0.001477    10.469568   -12.561421
 339    8.4533     0.042117     0.023655    39.588566    28.731350
 340    8.4572     0.008561     0.010571    -1.636631    -8.396929
 341    8.4630     0.006425     0.004516    -3.401118    -0.572192
 342    8.4685     0.018520     0.013589   -13.433199   -17.353447
 343    8.4783     0.006613     0.010501    11.707130     3.247149
 344    8.4817     0.016134     0.010805    29.718839    44.518849
 345    8.4853     0.003066     0.015792   -17.453386    30.409839
 346    8.4925     0.034019     0.012260    -7.794850     4.684697
 347    8.4977     0.046280     0.035930   -19.079952   -11.481882
 348    8.5025     0.017768     0.006252    -9.309515     4.056238
 349    8.5039     0.026236     0.006581    -4.049467    -9.908340
 350    8.5109     0.021636     0.010131    45.842824    26.345630
 351    8.5119     0.007212     0.013788    21.825396    46.728099
 352    8.5151     0.036328     0.017075   -64.077765   -12.856746
 353    8.5218     0.010233     0.011091    -2.469986    -2.492061
 354    8.5234     0.001369     0.001353    -7.768382     8.360697
 355    8.5264     0.009003     0.008119    21.161821    11.573452
 356    8.5359     0.035146     0.014738    69.255924    57.019689
 357    8.5390     0.004550     0.000669     4.459248    -0.200194
 358    8.5407     0.006824     0.009856     2.454293     6.665989
 359    8.5464     0.007706     0.002907    14.151485    28.207154
 360    8.5493     0.015886     0.010916    19.400973     3.561805
 361    8.5524     0.000600     0.000451    -3.243085    -3.704114
 362    8.5589     0.015468     0.010652    -2.731302    18.516329
 363    8.5652     0.004777     0.003581    -3.088860    -0.052364
 364    8.5685     0.017983     0.008690     9.282860    -1.470270
 365    8.5740     0.004099     0.024873    -2.978419    -9.304693
 366    8.5772     0.002445     0.008838     3.516074    -3.824089
 367    8.5845     0.004236     0.002659   -24.376365    -7.405556
 368    8.5875     0.007151     0.006545    -6.492829     2.114088
 369    8.5943     0.011855     0.018308    -6.677989   -19.719453
 370    8.6028     0.001831     0.003060     0.985647    -1.646657
 371    8.6036     0.069383     0.040718    11.188411     8.946928
 372    8.6101     0.030508     0.024410     1.587329     4.303068
 373    8.6142     0.008266     0.006485     4.476307     6.854906
 374    8.6221     0.012758     0.013737     2.075433     1.450657
 375    8.6279     0.016436     0.011991    -9.160278   -11.599488
 376    8.6310     0.033555     0.042210   -13.218439   -23.457205
 377    8.6330     0.029523     0.018187    -7.660956    -0.294332
 378    8.6370     0.030756     0.018547   -29.327135   -21.208556
 379    8.6385     0.032947     0.028530   -62.816323   -44.941524
 380    8.6471     0.007321     0.004004     5.940348    12.038631
 381    8.6506     0.031993     0.008917    42.217750    31.698789
 382    8.6530     0.001668     0.001380    -1.936543     3.666699
 383    8.6555     0.002939     0.002003    19.249631    10.583433
 384    8.6626     0.011691     0.011298    -7.802814     2.196142
 385    8.6635     0.000387     0.000906    -2.098638    -3.412004
 386    8.6663     0.014780     0.008628     5.800142     3.236076
 387    8.6683     0.004812     0.000672     9.679942     3.469041
 388    8.6763     0.010646     0.012562    -7.757457    -8.044294
 389    8.6783     0.005505     0.005040    -8.203959    -9.576115
 390    8.6819     0.010490     0.006779    -3.279107    -5.721716
 391    8.6882     0.006090     0.004549    12.108066    21.684026
 392    8.6965     0.007560     0.013395     3.848021    11.023932
 393    8.6995     0.009992     0.016075   -29.196219   -27.052428
 394    8.7008     0.017421     0.008877   -21.293569   -13.219592
 395    8.7070     0.008677     0.004086   -13.096201     4.898296
 396    8.7098     0.004997     0.009281   -11.732620   -15.440836
 397    8.7129     0.006017     0.009717   -17.699548   -25.225510
 398    8.7178     0.002930     0.000603     9.464113     0.814423
 399    8.7218     0.001470     0.000202    -2.917761     0.036328
 400    8.7221     0.031712     0.024680    -3.755160    -0.493089
 401    8.7261     0.001190     0.008696    -4.628088    12.819115
 402    8.7304     0.032579     0.014390    15.213792     7.069201
 403    8.7369     0.008727     0.004535     5.116794    -5.869594
 404    8.7396     0.006415     0.003954     1.890308    -9.659151
 405    8.7451     0.014314     0.018679    -0.250678    -4.355640
 406    8.7463     0.011829     0.012445   -11.461229   -13.793137
 407    8.7493     0.001832     0.001715    -0.421218     2.877592
 408    8.7569     0.010850     0.001650    18.954406     2.860357
 409    8.7601     0.020818     0.012727    20.491566    19.156678
 410    8.7650     0.001989     0.014802    -7.809543   -21.056222
 411    8.7663     0.006966     0.008938    -1.007604    -1.723037
 412    8.7713     0.007947     0.017205    -5.442189    -6.497785
 413    8.7728     0.004440     0.004769     1.565865    -4.197895
 414    8.7743     0.015980     0.006699     4.162349     5.305463
 415    8.7827     0.000796     0.004812    -2.003928     0.092633
 416    8.7845     0.009127     0.003137    14.031468     6.436542
 417    8.7917     0.015519     0.006097    -4.630618    -9.580132
 418    8.7961     0.005674     0.003002   -12.669466    -7.642128
 419    8.7971     0.003151     0.006548    -8.718433    -2.869181
 420    8.7990     0.013654     0.011103    -4.147412    11.409682
 421    8.8079     0.002000     0.007219    -7.173053    -5.217515
 422    8.8113     0.008930     0.011861   -23.537821   -26.519939
 423    8.8211     0.002281     0.002408     5.703656    -5.150563
 424    8.8250     0.022494     0.017078   -16.047671   -25.545570
 425    8.8259     0.000807     0.005210     2.108713    22.322063
 426    8.8308     0.010409     0.012706     7.997396    13.992364
 427    8.8328     0.013853     0.014141   -54.700253   -53.845331
 428    8.8376     0.039159     0.032097   -41.213548   -28.645421
 429    8.8397     0.006058     0.005486     1.355598    16.706029
 430    8.8442     0.001600     0.002151     7.207016   -10.514477
 431    8.8459     0.002791     0.002492    -6.581099    -9.246770
 432    8.8495     0.022612     0.011041    43.184441    35.956156
 433    8.8541     0.003456     0.002084     5.790222     3.682712
 434    8.8583     0.045278     0.024863    -9.553465   -14.739395
 435    8.8598     0.000539     0.001557    -2.340302    -3.402454
 436    8.8695     0.010956     0.008694   -22.581272   -18.013126
 437    8.8715     0.011300     0.001791     4.220823    -5.562515
 438    8.8735     0.014859     0.022752    11.669558    31.740406
 439    8.8787     0.001835     0.002621     3.540632    -0.235809
 440    8.8805     0.024745     0.027936    -5.624625    -5.532542
 441    8.8871     0.022254     0.013430    45.578778    44.829413
 442    8.8919     0.008915     0.007905    23.379164    29.175238
 443    8.8990     0.016815     0.011554   -23.243431    -0.486016
 444    8.9020     0.024841     0.013701   -23.638513   -14.339828
 445    8.9072     0.043405     0.025790   -16.554964     9.680188
 446    8.9075     0.009674     0.005245    12.123455     8.735108
 447    8.9121     0.008885     0.005904     4.986582     4.083182
 448    8.9142     0.007575     0.003734    13.919465     9.807387
 449    8.9175     0.013177     0.009608   -15.411843   -13.411624
 450    8.9193     0.004849     0.005165   -18.225242   -12.382490
 451    8.9204     0.003805     0.008244   -11.841540   -19.744164
 452    8.9236     0.011471     0.008640   -15.954881     1.732281
 453    8.9299     0.039875     0.034619   -47.708015   -37.246797
 454    8.9320     0.001134     0.004541     3.285390    30.098996
 455    8.9341     0.006744     0.016588     0.707040    -5.919184
 456    8.9416     0.005005     0.008515     8.785496     4.881039
 457    8.9465     0.025836     0.027023   -13.642995   -24.727391
 458    8.9487     0.054396     0.036462    35.415935    22.959888
 459    8.9511     0.002395     0.000653     0.832657     2.632856
 460    8.9592     0.005391     0.003301    -1.919351    -4.958117
 461    8.9603     0.017980     0.011005    -1.693528     0.149087
 462    8.9615     0.001075     0.013597    -1.002876   -28.746215
 463    8.9639     0.000356     0.000595     2.146126    -1.808867
 464    8.9769     0.015510     0.015721     2.839573     0.857641
 465    8.9791     0.005858     0.004504     3.071934     8.295134
 466    8.9823     0.001406     0.004325     4.317881     2.288530
 467    8.9906     0.001397     0.007051     9.464719    -0.216800
 468    8.9977     0.009229     0.016534   -32.429900   -42.059824
 469    9.0000     0.008198     0.000228     5.756684     7.394002
 470    9.0008     0.000184     0.001034     0.452311    -3.717602
 471    9.0060     0.001084     0.000397     1.728005    -0.362884
 472    9.0099     0.001039     0.000764     1.621208    -0.210844
 473    9.0118     0.001829     0.006423   -15.323063    -4.679733
 474    9.0165     0.003229     0.001031     0.221818   -11.884794
 475    9.0193     0.007708     0.007980   -10.621072   -11.341817
 476    9.0226     0.006424     0.007045     4.083163     9.276545
 477    9.0237     0.002542     0.001764    -7.616457    -7.054626
 478    9.0316     0.004844     0.008430     1.601898    -4.473087
 479    9.0353     0.016988     0.002194    32.623635     9.738064
 480    9.0400     0.003999     0.002470    -6.528511    -9.338198
 481    9.0447     0.014299     0.006780     4.354558    -8.125055
 482    9.0492     0.020124     0.017623   -12.524683   -12.012085
 483    9.0515     0.002411     0.002141     1.774614     3.440059
 484    9.0558     0.001689     0.001620    -6.104623    -4.627821
 485    9.0580     0.004171     0.013433    -8.197676   -25.230067
 486    9.0627     0.001069     0.000743     0.812100     4.555738
 487    9.0652     0.007321     0.004845   -10.706536    -8.884161
 488    9.0696     0.003177     0.001581     4.480888     2.696317
 489    9.0705     0.011607     0.008219    12.495767    16.315720
 490    9.0773     0.000361     0.001072     2.221270     0.757970
 491    9.0801     0.002686     0.005165     3.843109   -11.513965
 492    9.0826     0.018404     0.021145     3.193345    -0.126122
 493    9.0854     0.003082     0.008544    -2.925142    -2.673587
 494    9.0937     0.007954     0.009278    38.098832    40.136513
 495    9.1000     0.011202     0.016493   -14.004823   -10.339547
 496    9.1022     0.005460     0.002143     7.885388     6.991137
 497    9.1032     0.003603     0.006764    -6.899609   -12.758085
 498    9.1062     0.004691     0.005632     4.975463     4.688534
 499    9.1104     0.006845     0.001818     9.760533     2.763256
 500    9.1150     0.000244     0.001048    -2.289636     4.131859
 501    9.1184     0.000571     0.002243    -2.065343    -7.728342
 502    9.1202     0.002101     0.001460    -7.509203     0.883232
 503    9.1255     0.005200     0.002509     4.353793     1.249291
 504    9.1287     0.001185     0.000623     5.111718     3.914012
 505    9.1315     0.007122     0.001866     7.518246     3.539426
 506    9.1344     0.008343     0.003379     4.591021     3.676012
 507    9.1391     0.002748     0.002116     1.079970    -4.130957
 508    9.1430     0.021115     0.017334    14.749995    10.025022
 509    9.1441     0.003155     0.007670    -7.432701   -13.691100
 510    9.1455     0.008327     0.003732   -40.167105   -34.542289
 511    9.1530     0.001194     0.002368     0.498460    -2.583767
 512    9.1581     0.008308     0.005026     7.624901     9.236505
 513    9.1598     0.008067     0.002089    17.439412     9.636763
 514    9.1644     0.007983     0.001040    47.210568    14.674970
 515    9.1695     0.011307     0.001908    -0.771820     0.295348
 516    9.1723     0.000600     0.002534     0.846666     3.614825
 517    9.1799     0.013901     0.011078     3.925640     3.228622
 518    9.1817     0.008968     0.003348     4.794729     4.705631
 519    9.1882     0.022163     0.024530    53.290385    54.701595
 520    9.1918     0.009181     0.021649    -5.131037    29.575199
 521    9.1923     0.008934     0.004316    18.770769    15.908225
 522    9.1937     0.007381     0.005999   -50.245801   -40.298868
 523    9.2006     0.004478     0.001321    12.595433     7.248234
 524    9.2042     0.008423     0.004915     8.701784    14.093090
 525    9.2067     0.046557     0.027373     7.994933    -2.250028
 526    9.2104     0.006120     0.014676    -9.381656   -18.086481
 527    9.2124     0.012764     0.014139     3.263094    -5.492965
 528    9.2141     0.015411     0.013664    22.923145    23.322048
 529    9.2153     0.005229     0.004150     0.961165    -4.666920
 530    9.2200     0.011170     0.014275   -17.434261   -23.861476
 531    9.2213     0.000470     0.002975    -1.546506    -4.432497
 532    9.2248     0.001112     0.000787     2.751496     2.311448
 533    9.2277     0.016117     0.006201    -7.343810    15.299373
 534    9.2316     0.030761     0.024562    19.614598    16.296494
 535    9.2332     0.003524     0.002816    -0.014270     1.001887
 536    9.2353     0.006383     0.004908     4.740931    10.733009
 537    9.2415     0.019825     0.018307    32.881151    16.015334
 538    9.2429     0.008907     0.017649     4.817688    21.611984
 539    9.2465     0.003005     0.005190   -28.465568   -28.884807
 540    9.2531     0.002939     0.004346     3.700186     2.983155
 541    9.2576     0.004493     0.006070    -6.253471    -1.203027
 542    9.2615     0.007736     0.006859    13.015102    11.563345
 543    9.2682     0.003761     0.006840    10.729855    -0.822811
 544    9.2725     0.008515     0.005354   -11.810051     6.921047
 545    9.2752     0.007949     0.004558    -1.357379    -0.520863
 546    9.2773     0.017262     0.017120    -4.960617    -5.043078
 547    9.2811     0.014006     0.011680   -12.434501    -8.855905
 548    9.2843     0.001471     0.003023    -5.936191    -9.715384
 549    9.2888     0.001022     0.002262     2.061969    -3.007822
 550    9.2893     0.003474     0.004176    -5.554180    -7.734157
 551    9.2935     0.007104     0.004824     5.681281    18.064869
 552    9.2986     0.005180     0.003842     5.136796     9.933077
 553    9.3015     0.004946     0.005488     1.789107     1.631461
 554    9.3069     0.001284     0.004450    -7.506687    -2.787543
 555    9.3087     0.008523     0.006371     4.059308     7.905601
 556    9.3102     0.003503     0.004829    -1.708652    -2.111406
 557    9.3137     0.029524     0.013071    -0.557843     5.293544
 558    9.3156     0.003672     0.002143     0.862287    -4.649557
 559    9.3227     0.005417     0.000730   -20.717382    -8.126247
 560    9.3243     0.026846     0.022982     2.760962     1.350663
 561    9.3319     0.004428     0.004647    12.699974    15.803774
 562    9.3378     0.001690     0.000894    -1.553445    -0.806422
 563    9.3394     0.004294     0.004209     4.486020     3.914181
 564    9.3419     0.003627     0.002444    -6.825843    -3.940949
 565    9.3459     0.011894     0.010917   -14.893121   -20.410720
 566    9.3503     0.009241     0.009019     7.582098     1.799717
 567    9.3540     0.000675     0.000106    -4.434052    -1.516124
 568    9.3551     0.007376     0.007737    19.433097    15.969529
 569    9.3603     0.003051     0.004164    -8.537104    -9.556804
 570    9.3630     0.000933     0.000102     1.453619     1.149747
 571    9.3697     0.008931     0.003197    40.685844     9.213943
 572    9.3710     0.007784     0.005232   -11.121853    -6.916474
 573    9.3761     0.002291     0.000901     5.265588     1.330356
 574    9.3778     0.007651     0.000956    13.301588     2.667237
 575    9.3813     0.001298     0.001400     1.907720    -1.913321
 576    9.3850     0.002354     0.003594    -7.117349    -8.393345
 577    9.3875     0.002379     0.000505    -1.647797    -1.307140
 578    9.3926     0.001810     0.002339    -3.596604     1.001464
 579    9.3943     0.004098     0.000134    -3.242744    -0.857087
 580    9.3970     0.005647     0.001160   -10.960609    -1.246816
 581    9.3994     0.003162     0.003194    -7.456890    -9.953611
 582    9.4003     0.001765     0.001941    -1.999262    -0.783648
 583    9.4054     0.002545     0.009723   -19.744854   -50.694404
 584    9.4109     0.005387     0.005621    25.058641    15.639037
 585    9.4160     0.000461     0.000645    -1.429310    -1.230279
 586    9.4193     0.001179     0.005449    -1.346374    -4.073435
 587    9.4236     0.005073     0.000993    27.269795     8.299008
 588    9.4275     0.001986     0.002119    -8.005720    -8.711535
 589    9.4301     0.013067     0.015447   -12.507159   -16.358295
 590    9.4307     0.003050     0.001214   -10.483081    -3.310373
 591    9.4367     0.001533     0.000872     0.135502    -1.084035
 592    9.4381     0.005066     0.002679     9.696700     4.194640
 593    9.4446     0.010577     0.012405     2.573459     1.791040
 594    9.4499     0.000989     0.000471     2.948344     2.643865
 595    9.4539     0.002848     0.005588    -7.460745   -12.747424
 596    9.4582     0.000457     0.001281    -1.113078    -4.390229
 597    9.4602     0.010242     0.005412    -6.012503    -3.726366
 598    9.4636     0.005741     0.003054     5.690494     0.002055
 599    9.4684     0.002468     0.002746    -3.198458   -10.768962
 600    9.4709     0.015815     0.013519    -5.940913    -4.812161
 601    9.4730     0.001398     0.000702    -5.328495    -0.694205
 602    9.4811     0.003523     0.002846    -4.181055    -0.622896
 603    9.4847     0.008841     0.008798     0.199753    -2.526306
 604    9.4856     0.002407     0.001672   -10.153734    -9.266848
 605    9.4893     0.004231     0.002426   -11.728980    -8.222832
 606    9.4927     0.004194     0.005537    -3.537146    -0.249454
 607    9.4937     0.004694     0.005300    -1.243736    -6.110014
 608    9.4985     0.001017     0.001296    -2.670120    -3.444203
 609    9.5001     0.003102     0.008573     0.472463     2.197044
 610    9.5031     0.001776     0.000874     0.095835    -0.089890
 611    9.5046     0.005535     0.005497    -3.148382    -3.388993
 612    9.5101     0.004361     0.006146     6.523388    14.082119
 613    9.5177     0.002073     0.003074     3.613621    -2.741283
 614    9.5212     0.003929     0.003883     5.298223    -2.881525
 615    9.5231     0.005961     0.004923    -1.771996    -5.220630
 616    9.5285     0.001794     0.004079    -0.690432    -3.721474
 617    9.5302     0.003206     0.002927    -0.774797    -2.546059
 618    9.5364     0.003163     0.000925     0.429654     2.148452
 619    9.5376     0.002098     0.002075    -8.347148    -2.286398
 620    9.5405     0.009207     0.007047   -12.634460   -11.436235
 621    9.5428     0.016299     0.012058     8.775856     4.924352
 622    9.5471     0.006477     0.003814    -5.245132    -8.858450
 623    9.5483     0.000770     0.000619    -4.135698     1.125807
 624    9.5498     0.005893     0.006818    27.358962    24.169037
 625    9.5520     0.002729     0.000448     4.224926    -1.833953
 626    9.5542     0.009790     0.006923     7.049717     3.561331
 627    9.5568     0.002898     0.003502    -7.948712    -1.095850
 628    9.5591     0.011279     0.007728   -25.481633   -18.853138
 629    9.5630     0.000296     0.000258     1.654466     1.906509
 630    9.5650     0.003903     0.001368     1.753041    -1.183856
 631    9.5691     0.004881     0.002929     4.011994     1.154518
 632    9.5716     0.005818     0.004218     5.332965     2.535317
 633    9.5746     0.004746     0.005626    -7.935611   -11.026438
 634    9.5755     0.005946     0.002848     2.167299    -2.218090
 635    9.5803     0.005566     0.003344     4.326838     0.657759
 636    9.5822     0.000248     0.000649    -0.235944    -0.312985
 637    9.5872     0.004200     0.003538    -7.928449   -10.769616
 638    9.5903     0.000877     0.000392     1.228979     0.556009
 639    9.5917     0.000984     0.000994     0.905241     1.633987
 640    9.5999     0.009772     0.007783    10.350264    -3.934318
 641    9.6009     0.001061     0.003804     5.144641     5.213130
 642    9.6084     0.006635     0.006845     7.853032     7.740132
 643    9.6113     0.002322     0.007353    -1.016578    -6.169484
 644    9.6119     0.007332     0.010653    -0.338001     1.604686
 645    9.6165     0.003405     0.002615   -13.733327   -13.356790
 646    9.6228     0.003701     0.004213    -8.846246   -11.175283
 647    9.6245     0.001003     0.001542    -7.119527     5.846752
 648    9.6272     0.006940     0.001464    11.648923     4.111104
 649    9.6339     0.005459     0.002143    11.268235     8.562790
 650    9.6367     0.000748     0.000778     0.718711     1.257022
 651    9.6398     0.004867     0.003062     5.442938     2.132289
 652    9.6432     0.003742     0.000250   -10.082704    -2.571345
 653    9.6446     0.015603     0.007702    10.437847    12.985799
 654    9.6513     0.018876     0.008803     1.111981     0.315511
 655    9.6553     0.009783     0.002961    11.160838     7.439052
 656    9.6565     0.003250     0.003308    -9.901306    -8.957101
 657    9.6592     0.001490     0.002685     5.984756     8.269301
 658    9.6649     0.000761     0.001855    -0.181244     0.545741
 659    9.6660     0.013760     0.005883    11.210641     0.545256
 660    9.6693     0.009726     0.009661     7.181030     4.030072
 661    9.6715     0.003014     0.001744    -1.238060    -1.932894
 662    9.6721     0.000376     0.004815     0.465932    13.179839
 663    9.6825     0.003053     0.003695     1.539303     1.520990
 664    9.6844     0.005196     0.001610    21.484045    12.175726
 665    9.6864     0.002132     0.001614     0.710840     0.172970
 666    9.6933     0.020616     0.017398     1.434027     0.297445
 667    9.6965     0.008381     0.001032    23.237568     6.933964
 668    9.7032     0.009509     0.005949   -10.486378     2.668026
 669    9.7066     0.011202     0.006315    -9.439917     4.821103
 670    9.7074     0.004177     0.001522     0.570284    -1.009890
 671    9.7098     0.003062     0.001125    -6.237518     1.437094
 672    9.7165     0.004227     0.003043     4.000496     7.349112
 673    9.7195     0.004927     0.006004    -4.791564    -1.800466
 674    9.7210     0.010308     0.005141   -15.130989     2.957868
 675    9.7233     0.005539     0.004136     0.946907     1.166971
 676    9.7248     0.008926     0.001556     7.173966     1.929786
 677    9.7294     0.000363     0.002517     2.315561     7.226440
 678    9.7320     0.001134     0.001481     3.734605     1.774558
 679    9.7386     0.001312     0.002246    -2.413762    -3.541534
 680    9.7424     0.006767     0.002195     6.971635     4.766309
 681    9.7447     0.003746     0.001663    -2.948689    -2.807146
 682    9.7462     0.007071     0.003408     1.306630     2.648538
 683    9.7485     0.004792     0.003615     6.038132    -6.024935
 684    9.7537     0.000405     0.003760     5.328145    10.708203
 685    9.7570     0.004023     0.002471    -9.519377    -7.345079
 686    9.7590     0.003455     0.013006    -8.369979   -19.259810
 687    9.7609     0.005330     0.004685   -15.536640   -14.170378
 688    9.7626     0.004984     0.003907     5.240058     2.254296
 689    9.7668     0.012747     0.003956    -7.354568    -5.349683
 690    9.7711     0.009341     0.005125     5.522902     7.578843
 691    9.7730     0.005450     0.003583    -9.381618    -5.183774
 692    9.7783     0.002869     0.004076     1.864517    -2.986492
 693    9.7789     0.002642     0.000975   -15.177855    -8.844834
 694    9.7842     0.003720     0.001663     6.954907     4.113868
 695    9.7847     0.000066     0.003473     0.895013    -4.904249
 696    9.7904     0.003219     0.003215    -0.138734    -3.333688
 697    9.7929     0.000862     0.002046    -1.182399    -1.733927
 698    9.7947     0.005081     0.006897     5.823589    10.035008
 699    9.7985     0.001526     0.001202    -3.429325    -3.297530
 700    9.8011     0.006127     0.003508    -7.083512     5.435337
 701    9.8036     0.000929     0.000822    -8.346230     6.141271
 702    9.8078     0.003220     0.002830     0.186084     0.094751
 703    9.8122     0.001297     0.003355     1.283209     5.895992
 704    9.8154     0.002432     0.000309    -8.322262    -2.643595
 705    9.8210     0.001263     0.000560    -5.780768    -1.222984
 706    9.8278     0.002187     0.000962    -4.989282     3.499183
 707    9.8301     0.002705     0.003370    -4.909559    -5.142434
 708    9.8338     0.001811     0.000962    -4.146465    -4.260680
 709    9.8379     0.002569     0.001196    -5.514152     2.276095
 710    9.8387     0.002133     0.001706     2.159850     3.617794
 711    9.8405     0.004617     0.003004    -3.692495     3.971018
 712    9.8450     0.001907     0.003351    -4.171263     2.614529
 713    9.8484     0.000525     0.004830     1.196710    -2.998763
 714    9.8507     0.002770     0.003292     4.600604     5.066166
 715    9.8569     0.003151     0.001987    -3.673142     1.021771
 716    9.8586     0.000220     0.000623     0.635496    -1.447069
 717    9.8620     0.010985     0.003321     1.602442     5.078457
 718    9.8651     0.005841     0.004351    -0.365172    -4.490445
 719    9.8714     0.010948     0.008123     5.916377     7.256919
 720    9.8728     0.003084     0.001697     4.037529    -5.449702
 721    9.8764     0.002153     0.000837     4.702346     2.413069
 722    9.8785     0.002023     0.001896    -8.060673    -9.139239
 723    9.8824     0.003818     0.003511    -0.383216    -1.135010
 724    9.8835     0.000330     0.001122    -1.185245    -3.445683
 725    9.8854     0.000862     0.000187     2.202289     0.918958
 726    9.8896     0.003857     0.005451    -6.463677    -6.947348
 727    9.8940     0.000664     0.000520    -4.593906    -3.772452
 728    9.8957     0.003677     0.000783     5.241555     0.620685
 729    9.8995     0.001097     0.000876    -1.280869     3.383327
 730    9.9026     0.011474     0.008547     8.458642     1.368560
 731    9.9055     0.003621     0.001613     6.995928     0.307310
 732    9.9094     0.001797     0.002136     2.109759    -4.920677
 733    9.9121     0.002212     0.001223     1.970622     2.728602
 734    9.9154     0.006374     0.003311    10.454570     5.577276
 735    9.9166     0.002288     0.001193     3.827295     2.690184
 736    9.9216     0.011776     0.005854     1.712427    -2.210773
 737    9.9229     0.002592     0.002716    -2.708474     7.171873
 738    9.9255     0.001047     0.000892    -1.923921    -2.375140
 739    9.9277     0.001057     0.001973     6.289280     8.747309
 740    9.9312     0.009800     0.008268     0.852428     2.016452
 741    9.9338     0.011830     0.006575    13.273580     9.619265
 742    9.9382     0.002422     0.002541    -5.970350    -8.331734
 743    9.9392     0.001532     0.002713    -2.086478    -9.245394
 744    9.9429     0.000285     0.001104    -0.102568    -2.293245
 745    9.9469     0.001283     0.001497    -2.820614     0.074240
 746    9.9510     0.001798     0.000545     3.793098    -0.189318
 747    9.9546     0.001025     0.001603    -1.835053    -3.806732
 748    9.9558     0.000319     0.000395     0.581013    -1.065195
 749    9.9586     0.000708     0.001690    -0.998783    -0.404795
 750    9.9645     0.006743     0.007526   -12.913628   -13.759229
 751    9.9671     0.001754     0.003496    -3.270350     0.403670
 752    9.9707     0.004637     0.004926     0.139284     0.454284
 753    9.9792     0.004507     0.002721    -6.231252    -1.899928
 754    9.9795     0.000750     0.002248    -3.347841     4.017197
 755    9.9843     0.001147     0.004454    -2.232403   -11.270837
 756    9.9877     0.006699     0.003052     4.866678     3.753588
 757    9.9887     0.000877     0.001096     1.053114    -0.395086
 758    9.9914     0.005264     0.004242   -11.478439   -10.086310
 759    9.9977     0.000796     0.003745     6.172891    -1.127239
