           2           1  0.995410338531247     
           3           1  3.367121497296160E-003
           3           2   1.00786157256797     
           4           1  2.623154853050489E-003
           4           2  0.995441687862433     
           4           3  3.370658975555497E-003
           5           1  2.958663276303794E-003
           5           2  0.991280414770641     
           5           4  2.905302985287007E-003
           6           1  1.047353199014783E-002
           6           2  4.557612539181261E-003
           6           3  6.465310975595695E-003
           6           4  1.043161170342380E-002
           6           5   1.41434390946638     
           7           2  1.186044369321139E-002
           7           5  2.960695717529060E-003
           7           6   1.44475457659147     
           8           1  3.306440339423076E-003
           8           4  3.367499853213623E-003
           8           5  9.973205698294997E-002
           8           6  3.115047140097297E-003
           8           7   1.38567742380969     
           9           5  6.885923219783671E-003
           9           6  1.044759891929122E-002
           9           7  1.461427186490741E-002
           9           8   1.00596898534659     
          10           5  3.335372615989898E-003
          10           7  1.468763520660743E-002
          10           8  1.118042229920678E-002
          10           9   1.13627461205949     
          11           9  5.197934364195022E-003
          11          10   1.08147869635357     
          12           9  1.453572429121632E-002
          12          10  5.162988655275264E-003
          12          11   1.36214802364431     
          13          10  1.181831618769471E-002
          13          11  2.150426390994694E-003
          13          12   1.47218120985243     
          14           9  3.907818910522515E-003
          14          11  9.330940000947580E-002
          14          12  2.381055579598577E-003
          14          13   1.37004936485941     
          15          12  1.194611040423770E-002
          15          13  3.671136059429810E-003
          15          14   1.06016092418782     
          16          11  1.022660968036106E-002
          16          13  2.481575889987790E-002
          16          14  3.611370136025905E-003
          16          15   1.46401289112997     
          17          14  1.286367405758468E-002
          17          15  2.958236040755730E-003
          17          16   1.34689217501744     
          18          11  5.811156699563435E-003
          18          13  8.338885636299401E-003
          18          15  0.100339819968579     
          18          16  3.762094427955745E-003
          18          17   1.52186459753882     
          19          14  1.033106547539928E-002
          19          15  4.569795386062455E-003
          19          16  6.299933160439782E-002
          19          17  3.247292593700391E-003
          19          18   1.29074780363710     
          20          15  9.380195078775381E-003
          20          16  3.309212545135271E-003
          20          17  3.110667015113258E-002
          20          18  1.280528934880060E-002
          20          19   1.24335604537348     
          21          11  2.154493833775287E-003
          21          13  3.628916973794251E-003
          21          15  4.672329272362118E-002
          21          16  3.132226950844674E-002
          21          17  3.615992528439840E-002
          21          18  4.502530420096568E-002
          21          19  8.867672494525283E-002
          21          20   1.50777697537437     
          22          13  2.649480635254499E-003
          22          14  3.136371599350400E-003
          22          15  1.072790778729033E-002
          22          16  2.711419128688087E-002
          22          17  2.594397999858561E-003
          22          18  8.587592713992464E-003
          22          19  2.551593776306008E-002
          22          20  0.127379649667039     
          22          21   1.50401314618451     
          23          11  4.693262900649297E-003
          23          13  1.030072432205319E-002
          23          14  4.031372208397600E-003
          23          15   1.24130042469362     
          23          16  3.835361175994065E-003
          23          17  6.176447875037376E-002
          23          18  4.447383576410994E-003
          23          19   1.20615465297103     
          23          20  2.588344946496766E-002
          23          21  9.237568904333161E-002
          23          22   1.25366885962063     
          24          10  1.199574846629436E-002
          24          11  2.111849559866538E-003
          24          12  9.858451936509012E-002
          24          13  2.424958999354474E-003
          24          14   1.36722658016161     
          24          15  3.647037684803769E-003
          24          16  2.199430850749919E-002
          24          18  8.259776339849421E-003
          24          21  3.114426150578028E-003
          24          23  1.570424134534383E-002
          25           9  9.157450294799844E-003
          25          10  4.656365010873290E-003
          25          11   1.35805520750221     
          25          12  2.621507635016470E-003
          25          13  9.864343377305303E-002
          25          14  2.395052759651611E-003
          25          15  1.184292400292320E-002
          25          24   1.47477916001731     
          26           5  4.298226502751259E-003
          26           7  6.535876683463115E-003
          26           8  9.751573848409757E-003
          26           9  7.882128053987064E-002
          26          10   1.46631678770803     
          26          11  5.293813448382357E-003
          26          12  2.243295908813294E-002
          26          14  1.181808237524453E-002
          26          25  2.790997830203702E-002
          27           7  2.342692357054260E-003
          27           8  9.496992716017904E-003
          27           9  3.154528872020538E-002
          27          10  2.349637023027347E-002
          27          11  1.233749597086623E-002
          27          12  2.535123365193007E-003
          27          25  2.787371147860275E-003
          27          26   1.27984668882797     
          28           5  3.269433286898710E-003
          28           7  7.897128211441985E-003
          28           8  9.523752715111647E-003
          28           9   1.12621341962012     
          28          10  6.404898081509920E-002
          28          11  1.098876627571219E-002
          28          12  6.532918151956176E-003
          28          14  4.743784897006094E-003
          28          25  6.390217020321973E-003
          28          26  7.219379403834660E-003
          28          27   1.28370858465234     
          29           7  2.713965440463512E-003
          29           9  3.162594364780147E-002
          29          10  1.056341977242400E-002
          29          26  6.265435018321103E-003
          29          27  7.296999384905023E-003
          29          28   1.27989645830547     
          30           9  1.488200657685460E-002
          30          10  3.773536302950409E-002
          30          12  4.422696189200931E-003
          30          14  3.783186524879898E-003
          30          25  4.554312033262986E-003
          30          26  1.058773402852212E-002
          30          27  6.410790598445638E-002
          30          28  2.340727677819075E-002
          30          29   1.46599925757023     
          31          27  1.098096679271754E-002
          31          28  1.225072094511182E-002
          31          29  5.296195099728535E-003
          31          30   1.08071641679293     
          32          10  4.586237210695700E-003
          32          27  6.428783630796894E-003
          32          28  2.787865990067847E-003
          32          29  2.803424921763125E-002
          32          30  4.653090545556242E-003
          32          31   1.35940082552093     
          33          30  1.195449105533656E-002
          33          31  2.108193986323794E-003
          33          32   1.47315192560861     
          34          10  3.723056824459528E-003
          34          27  4.670360205933191E-003
          34          29  1.170311464772111E-002
          34          31  9.356452945141869E-002
          34          32  2.374856706982341E-003
          34          33   1.36886676860374     
          35          32  1.181774020546194E-002
          35          33  3.686217388102511E-003
          35          34   1.05875928482740     
          36          31  9.970163624065659E-003
          36          33  2.200701494773779E-002
          36          34  3.639890203353471E-003
          36          35   1.46512429740001     
          37          34  1.285408199675979E-002
          37          35  2.953369462359407E-003
          37          36   1.34633058596978     
          38          31  5.587721065907189E-003
          38          33  8.227260177850386E-003
          38          35  0.100527270910642     
          38          36  3.772230362004986E-003
          38          37   1.52228003048455     
          39          34  1.032382333743287E-002
          39          35  4.572474565768357E-003
          39          36  6.300314925073883E-002
          39          37  3.249975780746918E-003
          39          38   1.29063307827314     
          40          35  9.385987868326119E-003
          40          36  3.303618404031458E-003
          40          37  3.111605711324839E-002
          40          38  1.280152119964556E-002
          40          39   1.24332068251205     
          41          31  2.080126405681812E-003
          41          33  3.101642703872341E-003
          41          35  4.679173939424645E-002
          41          36  3.136800451290901E-002
          41          37  3.620440546451811E-002
          41          38  4.503907084417901E-002
          41          39  8.866543585235930E-002
          41          40   1.50795464583708     
          42          34  3.074349197873825E-003
          42          35  1.072449683870247E-002
          42          36  2.718551272704070E-002
          42          37  2.598655026586802E-003
          42          38  8.603674442682348E-003
          42          39  2.553525821282840E-002
          42          40  0.127450181913063     
          42          41   1.50431147849431     
          43          31  4.584757452490124E-003
          43          33  1.558983201970039E-002
          43          34  4.046007575129632E-003
          43          35   1.24135417412325     
          43          36  3.828256276503376E-003
          43          37  6.185912180394258E-002
          43          38  4.441069888020816E-003
          43          39   1.20630883958616     
          43          40  2.587482083505546E-002
          43          41  9.237616792228218E-002
          43          42   1.25340195144337     
          44          30  1.177799974104883E-002
          44          31  2.153845177830385E-003
          44          32  9.887109331722425E-002
          44          33  2.428883385103741E-003
          44          34   1.37009201732489     
          44          35  3.728329885194356E-003
          44          36  2.453189637322337E-002
          44          38  8.178354577209767E-003
          44          41  3.518860802505418E-003
          44          42  2.460247693139623E-003
          44          43  1.031987729979456E-002
          45          10  4.367694436960784E-003
          45          27  6.466485695667583E-003
          45          28  2.511206084822421E-003
          45          29  2.233976765365668E-002
          45          30  5.175200192605744E-003
          45          31   1.36220619927114     
          45          32  2.612264650020369E-003
          45          33  9.888817289052095E-002
          45          34  2.343782771027501E-003
          45          35  1.186219607033204E-002
          45          44   1.47230591583638     
          46           9  1.738166627311806E-002
          46          10  1.485670009631390E-002
          46          26  3.153678220413086E-002
          46          27   1.12600177487499     
          46          28  3.163253464242778E-002
          46          29  7.877163390185210E-002
          46          30   1.13735694750166     
          46          31  5.265265593495630E-003
          46          32  9.189192664611141E-003
          46          34  3.885134551720950E-003
          46          45  1.449993960947918E-002
          47          27  9.494551396024802E-003
          47          28  9.487943315223905E-003
          47          29  9.793849418978906E-003
          47          30  1.123210505436676E-002
          47          46   1.00530271452512     
          48          27  1.404495958717075E-002
          48          28  2.702487766485858E-003
          48          29  6.943433775125762E-003
          48          30  8.655183141509752E-003
          48          46  1.499692147084658E-002
          48          47   1.38155664693450     
          49          46  1.063372788643946E-002
          49          47  3.188274215754979E-003
          49          48   1.44710555419051     
          50          27  3.265525348687190E-003
          50          29  4.269517294065424E-003
          50          30  3.332340231769163E-003
          50          46  6.843002238382697E-003
          50          47  9.977087154858326E-002
          50          48  2.960643142843039E-003
          50          49   1.41193004531768     
          51          48  1.183107851443519E-002
          51          49  4.557449722005061E-003
          51          50  0.991256973835726     
          52          47  3.295402216965692E-003
          52          49  1.042550138599353E-002
          52          50  2.905082301386436E-003
          52          51  0.995592455684377     
          53          47  3.378974377208915E-003
          53          49  1.038655388290025E-002
          53          50  2.957595930853032E-003
          53          51  0.995250319976839     
          53          52  2.623523809461694E-003
          54          49  6.483395051073043E-003
          54          51   1.00788226629759     
          54          52  3.376744630992693E-003
          54          53  3.364890469184745E-003
          55          46  1.036148971812517E-002
          55          47  3.059556850676357E-003
          55          48  0.106870974679873     
          55          49  2.742781897540294E-003
          55          50   1.39990976609410     
          55          51  3.768619036720114E-003
          55          52  9.778560779316702E-003
          55          53  9.791678134646969E-003
          55          54  7.824701398523945E-003
          56          26  2.631660420034625E-003
          56          27  7.684818903776553E-003
          56          28  2.265976805332341E-003
          56          29  6.285396564163903E-003
          56          30  1.446472125890294E-002
          56          46  1.418193428664475E-002
          56          47   1.37469206910651     
          56          48  4.033465108317518E-003
          56          49  0.104741124589512     
          56          50  2.972306132101183E-003
          56          51  1.136428750233344E-002
          56          55   1.45953102282012     
          57           2  1.133239698364686E-002
          57           5  2.989333788653492E-003
          57           6  0.105015185197886     
          57           7  4.043448814952827E-003
          57           8   1.37001436404754     
          57           9  1.467452426046854E-002
          57          10  8.453985556668958E-003
          57          26  6.764720445099406E-003
          57          27  2.627464587683307E-003
          57          28  1.387067811309804E-002
          58           1  9.719118895558836E-003
          58           2  3.771376388482066E-003
          58           3  7.837910140601357E-003
          58           4  9.798575535158947E-003
          58           5   1.39735968432583     
          58           6  2.741625979805392E-003
          58           7  0.106448252386835     
          58           8  3.130626373369632E-003
          58           9  1.053612018692408E-002
          58          57   1.46210476418871     
          59           1  0.980347333326248     
          59           5  8.661803049295458E-003
          60           1  0.978351731170258     
          60           3  9.544156120117256E-003
          61           1  0.980139289205941     
          61           4  9.736854246466671E-003
          62           3  0.978697130854531     
          62           5  9.121166306786740E-003
          63           1  9.653195806518810E-003
          63           3  0.980214273841500     
          64           3  0.980243886437304     
          64           4  9.651671775520211E-003
          65           4  0.980335376668039     
          65           5  8.671079682969658E-003
          66           1  9.737873735872628E-003
          66           4  0.980142240710789     
          67           3  9.549046944169271E-003
          67           4  0.978312503362457     
          68           6  0.968309595719793     
          68           8  1.033427573371212E-002
          68          58  9.912890478580920E-003
          69           5  1.041948131988283E-002
          69           7  0.968860084036302     
          69          57  9.313862526565598E-003
          70          12  0.969189959819025     
          70          14  1.085981564236706E-002
          70          25  9.567302350953145E-003
          71          11  1.088990364689529E-002
          71          13  0.966194668153005     
          71          22  1.254978396275636E-002
          71          24  9.662272557974975E-003
          72          16  0.968425328325389     
          72          18  9.560812464722023E-003
          72          23  1.034077436200665E-002
          73          15  9.529834546463998E-003
          73          17  0.972053626289766     
          73          19  1.144031145042538E-002
          74          16  1.164764885206755E-002
          74          18  0.967732312930205     
          74          23  1.031503031923584E-002
          75          11  1.081321544135596E-002
          75          13  9.592997535710310E-003
          75          24  0.967868303586486     
          76          12  9.658873471047220E-003
          76          14  1.079645728063416E-002
          76          25  0.967650204650087     
          77           9  8.581446038021804E-003
          77          26  0.970053699633001     
          77          28  9.986767891288866E-003
          78          27  9.992963069269317E-003
          78          29  0.970055931379523     
          78          46  8.555328343537356E-003
          79          32  0.967632331450880     
          79          34  1.077168343936584E-002
          79          45  9.715953607161112E-003
          80          31  1.078047237074197E-002
          80          33  0.967843059660081     
          80          44  9.652423305851357E-003
          81          36  0.968462304152796     
          81          38  9.552855806984574E-003
          81          43  1.035321294122606E-002
          82          35  9.516818741732875E-003
          82          37  0.972061657113423     
          82          39  1.144020667775931E-002
          83          36  1.165015156491843E-002
          83          38  0.967732317785017     
          83          43  1.031405899004207E-002
          84          31  1.088167584066278E-002
          84          33  9.651292393146209E-003
          84          42  1.170502904338607E-002
          84          44  0.966443260565243     
          85          32  9.563109024117522E-003
          85          34  1.084421195183974E-002
          85          45  0.969136527067330     
          86          48  0.967919839028230     
          86          50  1.043314892488061E-002
          86          56  9.455234377638583E-003
          87          47  1.031829342324493E-002
          87          49  0.968312385670384     
          87          55  9.880835475805167E-003
          88          52  0.980144871556790     
          88          53  9.734951769298415E-003
          89          52  0.978272413892281     
          89          54  9.548897620109350E-003
          90          50  8.670694293563899E-003
          90          52  0.980321520260009     
          91          50  8.660703650008428E-003
          91          53  0.980343427368325     
          92          53  0.978412594408829     
          92          54  9.542864652928095E-003
          93          52  9.730742448267909E-003
          93          53  0.980147088917780     
          94          52  9.651043916564704E-003
          94          54  0.980181653887303     
          95          50  9.120594882084566E-003
          95          54  0.978686207788010     
          96          53  9.660662617703160E-003
          96          54  0.980237349199772     
          97          47  1.052914462608671E-002
          97          49  9.585202400683845E-003
          97          55  0.967544134661089     
          98          48  9.190578203479762E-003
          98          50  1.065121633642202E-002
          98          56  0.968773430876281     
          99           5  1.067167760895405E-002
          99           7  9.328183958497441E-003
          99          57  0.967769470513008     
         100           6  9.555457074118595E-003
         100           8  1.052363019482868E-002
         100          58  0.967499773445201     
