 NM
 VELO
 MMASS
   884.105399999997     
 LFAKTOR
  0.5
 RFAKTOR
  1.0
 WIDTH
  0.20
 SHIFT
  0.00
 DATXY
   1    3.8640     0.004431     0.001748    45.526707    35.108954
   2    3.9003     0.181551     0.031891    11.535206     7.140156
   3    4.2072     0.197222     0.042456    -8.643735   -10.342487
   4    4.3887     0.102823     0.108580   365.731555   202.514820
   5    4.4983     0.003099     0.001361     0.524793    -0.957623
   6    4.7256     0.366224     0.135978   -35.747433   -25.556403
   7    4.7379     0.323429     0.085885  -105.337266   -40.083651
   8    4.7536     0.634423     0.153058   -79.365581   -47.518266
   9    4.8369     0.013546     0.005357    40.290118    36.653395
  10    4.9467     0.066991     0.024144    31.694150     8.141462
  11    4.9806     0.023004     0.003487   -30.915400   -22.737719
  12    5.0115     0.031657     0.007760    18.815484    10.749473
  13    5.0294     0.162199     0.038617  -117.037507   -79.676084
  14    5.0605     0.032462     0.008476    23.574196    15.754135
  15    5.0886     0.418115     0.099834    64.649163    50.503597
  16    5.1265     0.055531     0.010705    -1.156280    -0.347101
  17    5.1520     0.289387     0.070193    16.637709    11.289111
  18    5.1721     0.233881     0.049764     3.637240   -15.302679
  19    5.2961     0.109677     0.019683    33.218912    18.567680
  20    5.3196     0.016595     0.007529    16.541273    18.632720
  21    5.3976     0.015820     0.003868   -10.684615    -9.939798
  22    5.4296     0.297604     0.062637   161.347735   118.881475
  23    5.4646     0.310228     0.062423    74.389674    43.552488
  24    5.5166     0.111332     0.041040    75.606974    56.056764
  25    5.5257     0.617667     0.131622  -143.121042  -111.520803
  26    5.6242     0.039471     0.014362   -65.957987   -48.660409
  27    5.6300     0.033512     0.011984    -0.453293    -0.715146
  28    5.6891     0.177712     0.043236    -6.399275    -2.841530
  29    5.6966     0.028783     0.008059   -13.447382    -9.846257
  30    5.7072     0.463225     0.112445    76.921530    36.927930
  31    5.7357     0.049979     0.010036     9.737379    11.374706
  32    5.7839     0.713270     0.139870   -67.922048   -60.189321
  33    5.7957     0.022906     0.012872   -13.304385    18.003277
  34    5.8350     0.065512     0.030906   -37.600398   -24.362217
  35    5.8480     0.006370     0.005101     8.994353    13.453445
  36    5.8762     0.013415     0.013931    -8.350845    -6.365527
  37    5.9117     0.281606     0.044884    -5.988607   -15.566951
  38    5.9286     0.037534     0.006791    -4.497518   -28.471736
  39    5.9493     0.030527     0.036876   -14.966941   -17.829231
  40    5.9852     0.050257     0.014007   -19.970369   -10.001672
  41    6.0055     0.023078     0.006711    17.011876    20.160332
  42    6.0572     0.010826     0.001998    23.119139    20.596580
  43    6.0726     0.033038     0.011469     9.002610     8.925156
  44    6.0833     0.018788     0.010109     2.470347     8.532868
  45    6.1253     0.054566     0.012232   -29.538186    -4.204111
  46    6.1511     0.020654     0.010307   -26.715545    -5.831559
  47    6.1872     0.321111     0.080777     3.795893    24.879219
  48    6.2033     0.147240     0.032783     2.518747     3.764064
  49    6.2151     0.060249     0.013798     0.057191     5.626447
  50    6.2479     0.357766     0.101778  -216.979147  -168.003531
  51    6.2567     0.100989     0.023066   118.551617   140.128240
  52    6.2769     0.017210     0.007076   -25.497260    16.391900
  53    6.2802     0.003875     0.000081    23.153397     0.426366
  54    6.3030     0.131583     0.032083    99.781029   123.424547
  55    6.3094     0.011408     0.025835    -5.233481   -30.492913
  56    6.3314     0.014197     0.021816   -70.491697  -168.284273
  57    6.3494     0.015552     0.007509   -28.429202   -19.248703
  58    6.3741     0.078026     0.024595   299.943726   152.490813
  59    6.3832     0.250984     0.065810   -53.813054   -52.739422
  60    6.4001     0.159257     0.042914    27.586903    11.182297
  61    6.4026     0.014396     0.002966    47.770633    18.278898
  62    6.4200     0.072501     0.028138    45.988688    13.744475
  63    6.4332     0.006097     0.001379    -5.582223    -2.342877
  64    6.4646     0.089874     0.098771    -4.777475   209.812821
  65    6.4734     0.213107     0.106402  -318.791599  -170.842042
  66    6.5059     0.042848     0.023271    19.014125    -6.384057
  67    6.5099     0.016778     0.010453     6.640586    13.499836
  68    6.5161     0.004316     0.007140   -14.504445    -9.355315
  69    6.5294     0.009400     0.005168     8.229295    -3.259024
  70    6.5629     0.046291     0.017166    40.319443    21.631019
  71    6.5681     0.039310     0.009527     6.643220     5.903407
  72    6.5737     0.011764     0.001610    -8.020842    -2.288234
  73    6.5938     0.241836     0.073873   -95.677600   -77.756003
  74    6.5961     0.067295     0.021640   -22.825631    -5.337892
  75    6.6153     0.005325     0.004026     3.502059   -11.172847
  76    6.6253     0.017157     0.006738     4.752979    13.498536
  77    6.6358     0.205045     0.059200    17.338750   -17.710062
  78    6.6438     0.035381     0.005579    25.531869     8.801351
  79    6.6512     0.028201     0.011008    30.377820    29.242276
  80    6.6634     0.029606     0.008204    18.255992    10.467913
  81    6.6755     0.006734     0.006091    -1.935952     0.974535
  82    6.7018     0.023097     0.003552    10.249850     6.089922
  83    6.7182     0.023723     0.002715    35.702665     0.777813
  84    6.7335     0.027574     0.009310    17.341844    14.444376
  85    6.7583     0.022808     0.018547    41.744773    19.865062
  86    6.7697     0.012029     0.003654    25.659337    10.435009
  87    6.7799     0.083315     0.035754    21.945806    15.308631
  88    6.7911     0.011032     0.005199     1.037567     9.203753
  89    6.7929     0.177816     0.062868  -111.194263   -67.580949
  90    6.8040     0.102384     0.041864   137.600051   112.591633
  91    6.8163     0.050061     0.003963    46.160045    18.555768
  92    6.8302     0.203276     0.084345   -29.168705   -47.007130
  93    6.8438     0.445897     0.153660    63.922310    68.592596
  94    6.8539     0.115619     0.038089   -12.682648   -23.655936
  95    6.8672     0.056947     0.007748    -0.308399    -9.722790
  96    6.8764     0.018435     0.012401     6.961399     3.024088
  97    6.8815     0.036594     0.009726   -18.769830   -16.455187
  98    6.8926     0.062477     0.016278    21.165909    22.593725
  99    6.8971     0.008294     0.006622   -17.702246   -18.575024
 100    6.9077     0.022412     0.032367   -10.162416   -45.461600
 101    6.9140     0.182781     0.059414   -38.303391   -42.827620
 102    6.9262     0.148513     0.049972   -77.127267   -48.444241
 103    6.9299     0.038636     0.003406    70.097083    41.059169
 104    6.9491     0.039821     0.013496    24.635498    28.871535
 105    6.9604     0.010043     0.013549    20.580489     8.777915
 106    6.9682     0.034575     0.006736   -15.091790    -5.490262
 107    6.9726     0.058131     0.023087   -16.403212    17.987940
 108    6.9867     0.044951     0.022305   -47.747854   -11.063547
 109    6.9903     0.166690     0.063482    18.484486    28.273563
 110    6.9967     0.514419     0.225925  -120.886523   -63.959809
 111    7.0133     0.248330     0.099641    71.342488    49.705003
 112    7.0162     0.075720     0.032266   -61.372620   -31.785991
 113    7.0285     0.020016     0.008290    11.594931     9.803003
 114    7.0342     0.009367     0.001485    16.966221     8.751522
 115    7.0395     0.014743     0.009862   -10.862108    10.356204
 116    7.0602     0.011646     0.021061    -4.963020     1.261049
 117    7.0782     0.140215     0.050277     1.035315   -32.390442
 118    7.0962     0.066128     0.024237   -21.892387    -2.694875
 119    7.1090     0.020264     0.007550    33.061092   -12.172824
 120    7.1300     0.092545     0.035152   -80.967557   -53.802893
 121    7.1319     0.024590     0.013677   -32.504573   -27.035015
 122    7.1406     0.006257     0.009897     3.606791    25.689656
 123    7.1509     0.018254     0.009418   -40.416720   -18.096817
 124    7.1596     0.012291     0.001494   -67.543323    -8.774254
 125    7.1673     0.281099     0.075453    92.643559    82.006470
 126    7.1773     0.070254     0.013390   -19.866599   -15.200687
 127    7.1830     0.093821     0.034790    -3.861668   -13.205342
 128    7.1963     0.030690     0.008215   -24.218740    -4.499355
 129    7.2094     0.053678     0.004702   101.951057    47.946065
 130    7.2199     0.007201     0.001220   -21.407967    -8.334979
 131    7.2267     0.018429     0.003948    52.368004    33.122348
 132    7.2392     0.040475     0.013882    10.638886    11.047342
 133    7.2460     0.008577     0.003755   -29.862259   -29.968109
 134    7.2540     0.047210     0.014692     8.529595     5.311048
 135    7.2604     0.094652     0.029654  -122.941851   -95.400938
 136    7.2683     0.001982     0.001041    -6.632688    -6.479819
 137    7.2742     0.015286     0.006465   -22.917990   -19.002681
 138    7.2786     0.066645     0.019230   -20.583930   -13.362578
 139    7.2923     0.120842     0.022811   107.096722    52.751068
 140    7.2981     0.024723     0.004763    22.065433     9.882811
 141    7.3035     0.014564     0.011572    -8.573886    -7.681582
 142    7.3154     0.029142     0.007357    29.930529    -8.481735
 143    7.3318     0.042186     0.020426     9.174629     2.966610
 144    7.3420     0.098249     0.034693    -9.517635   -16.542152
 145    7.3598     0.012345     0.005641   -13.632974   -12.630265
 146    7.3608     0.007318     0.002876    -0.043699     4.317210
 147    7.3680     0.001122     0.001521     6.567558     8.264204
 148    7.3791     0.060471     0.020075    11.613830   -11.876637
 149    7.3834     0.251660     0.080809    38.282482    -2.017795
 150    7.3930     0.039396     0.010593   -57.546776   -34.242006
 151    7.4011     0.026599     0.008629    -8.177792    -6.633172
 152    7.4110     0.029791     0.012385    15.318423    15.965992
 153    7.4224     0.056169     0.028352   -25.050036   -20.498114
 154    7.4257     0.021743     0.011163    -7.478767    -3.100350
 155    7.4323     0.065033     0.014485   -50.380697   -30.462466
 156    7.4413     0.054140     0.031653   -86.587462   -63.117260
 157    7.4430     0.051950     0.024158    63.144377    45.243996
 158    7.4533     0.043775     0.006028   -28.208082   -21.300993
 159    7.4604     0.002799     0.009041   -16.910157   -27.890404
 160    7.4657     0.097044     0.030012    -9.510378   -22.263414
 161    7.4675     0.040830     0.020130     5.690110    -6.966035
 162    7.4787     0.005377     0.010659    -8.439009    31.478057
 163    7.4833     0.043310     0.011140     5.327847     2.613323
 164    7.4845     0.029541     0.011331    -2.348368   -15.137368
 165    7.4900     0.041142     0.023634     5.865959     6.714296
 166    7.5041     0.003091     0.000629   -12.281280     3.470033
 167    7.5064     0.029080     0.006699   -36.648002   -24.160816
 168    7.5191     0.049245     0.019754   -18.036856    -6.774671
 169    7.5269     0.008204     0.011423     8.005969    24.880377
 170    7.5332     0.018332     0.013650    37.848486    42.906245
 171    7.5426     0.031007     0.008165    45.723999    31.623118
 172    7.5452     0.009071     0.000837    -6.261055   -10.440778
 173    7.5494     0.014579     0.004478   -36.573441   -15.543115
 174    7.5527     0.033366     0.012473    12.261202     5.194979
 175    7.5621     0.024041     0.006310    23.610636    13.311364
 176    7.5720     0.025857     0.003727   -42.952349   -14.952389
 177    7.5745     0.007252     0.010607     8.955603    15.116855
 178    7.5815     0.030769     0.005909    -0.486639    -3.794459
 179    7.5836     0.015989     0.001176    11.649994     4.171723
 180    7.5886     0.014443     0.001466    -5.416853    -6.229986
 181    7.5955     0.006737     0.007176     4.337294   -19.121161
 182    7.5978     0.014012     0.009925     5.699140   -34.548772
 183    7.6131     0.068369     0.026747    -1.318525     0.617375
 184    7.6182     0.005020     0.003440    -5.645325    -9.099394
 185    7.6267     0.015407     0.002441   -28.802162   -17.826046
 186    7.6386     0.034560     0.010935    -8.191695     6.626282
 187    7.6469     0.164809     0.045722   -18.497890   -32.546245
 188    7.6497     0.041623     0.025530    43.185164    42.839831
 189    7.6520     0.002054     0.002063    -0.181763     8.009015
 190    7.6630     0.005198     0.003079    -1.798071     2.416443
 191    7.6658     0.026756     0.003165   -14.409483    -6.908000
 192    7.6685     0.046488     0.014238    -2.202208     0.956971
 193    7.6723     0.021141     0.007338    14.406332     5.692924
 194    7.6777     0.020080     0.002682    36.430751     8.644521
 195    7.6845     0.025668     0.006747   -39.376733   -26.330154
 196    7.6921     0.037326     0.007969     9.951414     1.429413
 197    7.6972     0.008726     0.002482     4.114529     4.658402
 198    7.7027     0.039776     0.020280   107.426108    83.580377
 199    7.7140     0.091681     0.016696  -126.876413   -67.703572
 200    7.7244     0.006018     0.003505   -25.477029    -4.650705
 201    7.7316     0.145235     0.046302   -44.709747   -25.745892
 202    7.7363     0.085299     0.028239  -105.247852   -80.324616
 203    7.7422     0.193028     0.077893    -4.788472    14.345850
 204    7.7468     0.066838     0.019827    14.259791     5.992722
 205    7.7492     0.119669     0.033919   -82.741648   -88.831574
 206    7.7603     0.054933     0.055718    55.566512    80.429716
 207    7.7646     0.017037     0.011781     0.470090    27.253107
 208    7.7697     0.062813     0.007581    78.204637    45.611596
 209    7.7824     0.013262     0.005267    24.276816    23.042617
 210    7.7844     0.061129     0.019384    27.744011     8.395930
 211    7.7858     0.007871     0.004039     4.491986   -11.918308
 212    7.8044     0.066754     0.013966   -60.350553   -30.942788
 213    7.8108     0.056535     0.025049    33.751138    38.830741
 214    7.8184     0.000281     0.000755    -1.803572    -0.550966
 215    7.8249     0.030017     0.010791    91.383097   -35.276679
 216    7.8305     0.006717     0.010314     3.989418    33.189757
 217    7.8338     0.040753     0.011765    53.271342    26.420026
 218    7.8443     0.092224     0.066390    79.565055    41.579945
 219    7.8513     0.001547     0.003452     0.134369    -2.961992
 220    7.8564     0.042842     0.010085    27.350381    15.914130
 221    7.8620     0.040772     0.003434    62.116980    31.487362
 222    7.8751     0.076348     0.023784    -7.192333     5.841768
 223    7.8774     0.030244     0.005646   101.929325    32.932476
 224    7.8844     0.051105     0.024615    53.811842    37.205304
 225    7.8928     0.001839     0.002252     6.652857     8.543170
 226    7.9036     0.022712     0.004199    36.893477    11.150144
 227    7.9074     0.136791     0.034379   -71.112353   -46.832885
 228    7.9113     0.019968     0.005119    19.276075    14.329904
 229    7.9219     0.021609     0.007921    12.733669     6.578393
 230    7.9270     0.005069     0.001522    10.908993    14.942466
 231    7.9317     0.045034     0.021732   -18.963655   -15.063774
 232    7.9365     0.058468     0.025626    59.786884    48.644564
 233    7.9401     0.170755     0.034601   -88.456146   -69.446106
 234    7.9457     0.027493     0.009001     8.241529    10.908423
 235    7.9490     0.006432     0.015848     3.374777    -5.168167
 236    7.9525     0.097205     0.018616   -88.290745   -53.051186
 237    7.9615     0.062063     0.011957   -90.822208   -54.765662
 238    7.9687     0.021242     0.002238     9.295320   -13.658484
 239    7.9701     0.064671     0.016293   -54.017231   -37.958395
 240    7.9777     0.026929     0.015253   -35.920009   -30.995466
 241    7.9837     0.013779     0.006166    -9.552081   -15.980216
 242    7.9899     0.012168     0.015222   -42.750423   -49.626892
 243    7.9971     0.009265     0.006888    13.608087    10.639001
 244    8.0005     0.069518     0.041801   120.302096   120.504024
 245    8.0137     0.039450     0.016111    14.324551     2.202659
 246    8.0161     0.033478     0.016050   -21.220441    -7.749635
 247    8.0229     0.003931     0.004492     2.631486    15.825790
 248    8.0317     0.015391     0.011020    -0.028619    -0.817415
 249    8.0367     0.055652     0.015727   -16.323785     3.692254
 250    8.0440     0.011483     0.007571    -4.437267    -1.625982
 251    8.0550     0.011751     0.016613   -20.974852   -23.406633
 252    8.0587     0.016064     0.018550     6.624298     7.445818
 253    8.0644     0.026684     0.003223     0.010379     0.628493
 254    8.0673     0.008532     0.007534    16.537239    26.156747
 255    8.0697     0.026359     0.001430    -5.789673   -14.857928
 256    8.0779     0.040747     0.011570   -51.094722   -55.778492
 257    8.0814     0.044259     0.077676    60.755456   102.629236
 258    8.0867     0.057144     0.024165    -9.988509   -13.584683
 259    8.0882     0.005226     0.009373     2.003474     8.534672
 260    8.0984     0.047930     0.066672    50.918966     5.410922
 261    8.1097     0.031218     0.041776    57.308375    77.875250
 262    8.1134     0.030164     0.004920   -25.209098   -14.746415
 263    8.1190     0.035926     0.023370    22.509662    33.323139
 264    8.1238     0.033440     0.005034   -37.590161     7.342697
 265    8.1304     0.014637     0.014833   -12.793792     1.027829
 266    8.1355     0.018410     0.008944    -1.861637    -1.991123
 267    8.1415     0.001480     0.006090     9.203116   -19.093921
 268    8.1488     0.008279     0.044617   -17.812290     8.291022
 269    8.1515     0.003782     0.002148    -6.146055    -4.200719
 270    8.1596     0.000225     0.000237    -1.445063     0.045326
 271    8.1607     0.013168     0.006299    -7.648326    -0.673015
 272    8.1631     0.054225     0.015128   -10.520239    -9.867458
 273    8.1746     0.004165     0.030384   -21.879407   -40.336455
 274    8.1791     0.005907     0.030505    30.431660    41.135191
 275    8.1832     0.006971     0.012327    -5.941620   -24.133723
 276    8.1941     0.019943     0.016764     8.301508    14.259744
 277    8.1984     0.012511     0.000657    -6.292240    -0.373551
 278    8.2034     0.028475     0.024347    78.217899    47.906149
 279    8.2090     0.047020     0.006770   -21.010582   -15.796758
 280    8.2191     0.012358     0.006242     0.684061   -31.647722
 281    8.2211     0.025567     0.007001   -56.498245   -32.083346
 282    8.2255     0.002767     0.005106     8.999978    -9.622891
 283    8.2269     0.062707     0.031843    43.487194    -8.679086
 284    8.2292     0.029575     0.022984     4.182910    -0.147304
 285    8.2358     0.017029     0.004114   -14.355808   -10.020995
 286    8.2403     0.012726     0.010424    -3.003165     0.255406
 287    8.2412     0.009029     0.006194    14.211209    13.958486
 288    8.2506     0.018937     0.002891   -22.776291    -5.699446
 289    8.2552     0.012078     0.017641   -18.719976   -17.389533
 290    8.2587     0.012005     0.004865   -15.074415    -8.908884
 291    8.2594     0.057389     0.030472    23.444769    21.375365
 292    8.2654     0.021254     0.019558   -27.922404   -28.847295
 293    8.2688     0.035324     0.012846   -19.030132   -11.493764
 294    8.2729     0.016345     0.011963   -16.309683   -24.118352
 295    8.2762     0.030259     0.010243   -42.799556    10.868430
 296    8.2894     0.005334     0.018143    31.967600    47.405680
 297    8.2964     0.011660     0.002276    25.421383    17.594782
 298    8.3078     0.067006     0.031306    74.819345    46.279243
 299    8.3109     0.010684     0.005001    15.927628    19.991762
 300    8.3153     0.023850     0.002776    -3.024792    -8.630963
 301    8.3186     0.085490     0.036544   -43.847855     3.626161
 302    8.3218     0.029433     0.006204   -45.681288   -29.673389
 303    8.3281     0.056787     0.024989    52.680601    38.545685
 304    8.3348     0.003548     0.015332    14.044342    -7.487222
 305    8.3438     0.014209     0.009616    28.558127    37.178913
 306    8.3450     0.023878     0.017621   -23.228508   -22.388007
 307    8.3479     0.015551     0.007620    12.341312     8.686810
 308    8.3570     0.030291     0.009751    32.615394     9.672085
 309    8.3608     0.021252     0.017404    17.092736    21.713346
 310    8.3697     0.010671     0.029744    52.686066    77.129379
 311    8.3716     0.025003     0.031386   -11.782643    -9.548300
 312    8.3810     0.034880     0.018705     5.188774    -4.426436
 313    8.3861     0.023018     0.014768    25.277078     7.073670
 314    8.3951     0.004311     0.015889    -7.720816    26.359659
 315    8.3974     0.082438     0.036533   -60.976795   -29.016201
 316    8.4018     0.005938     0.002697    -2.982261     0.786838
 317    8.4048     0.021993     0.011917    13.986805    78.053758
 318    8.4065     0.026834     0.012422   -38.149543   -31.001297
 319    8.4113     0.026754     0.025592   -47.981084   -48.796700
 320    8.4140     0.012845     0.006004    15.109142     6.830487
 321    8.4160     0.098034     0.007849    75.491793    22.335053
 322    8.4267     0.008083     0.044334    -0.009418    33.218952
 323    8.4299     0.092662     0.029329     5.479428    -3.228115
 324    8.4412     0.025178     0.007364   -27.792929   -11.175223
 325    8.4483     0.040356     0.030966    23.344890    16.943941
 326    8.4485     0.002524     0.007943    -4.276495     3.164541
 327    8.4511     0.008128     0.010493     8.621473    -0.264286
 328    8.4546     0.037536     0.017905    44.734045    -3.599867
 329    8.4557     0.011693     0.009748   -11.869183   -13.836335
 330    8.4647     0.003870     0.006069    -8.461454    -7.583489
 331    8.4735     0.049448     0.013328   -41.728434   -25.909809
 332    8.4783     0.003149     0.002926     5.909399     6.418372
 333    8.4825     0.004681     0.010114     9.214175    23.219787
 334    8.4930     0.027492     0.009412   -14.503730   -10.953622
 335    8.4960     0.014324     0.004987     5.063304     3.918148
 336    8.5022     0.024496     0.004958    27.856389     6.412760
 337    8.5057     0.051219     0.059993   -17.099303   -48.498246
 338    8.5082     0.080920     0.029527   -34.895115    27.226246
 339    8.5155     0.005630     0.001006   -10.626148    -2.680577
 340    8.5224     0.042520     0.040753    -8.028828   -42.092765
 341    8.5250     0.094618     0.038908    69.809736    15.395492
 342    8.5407     0.018259     0.003591    -5.937417    -8.482196
 343    8.5426     0.044566     0.018858    61.215364    -2.545193
 344    8.5454     0.010465     0.020593   -29.826647   -22.247945
 345    8.5509     0.014277     0.007478     1.211173    -0.480388
 346    8.5556     0.009315     0.005703     3.775330     3.064982
 347    8.5576     0.013676     0.005769   -28.576869   -16.045006
 348    8.5598     0.008295     0.001495    -4.812336    -8.640489
 349    8.5663     0.142468     0.017422   -18.402297   -36.769078
 350    8.5732     0.101087     0.026643   144.503081    74.859065
 351    8.5777     0.077581     0.023644     1.080338    -4.099198
 352    8.5788     0.011956     0.004175   -27.985269     6.336951
 353    8.5878     0.020852     0.014442   -38.137399   -20.452708
 354    8.5896     0.000844     0.002622     9.043975    14.048164
 355    8.5942     0.050514     0.021342   -45.207133   -31.439750
 356    8.5977     0.006689     0.002834     9.302781     8.894318
 357    8.6031     0.095169     0.025264  -101.352647   -51.392258
 358    8.6074     0.034066     0.011108    -9.717269    -8.823501
 359    8.6124     0.020312     0.019786   -48.807384   -55.518676
 360    8.6145     0.014961     0.002584   -30.868906    -9.951802
 361    8.6154     0.003194     0.003467    -0.466607     0.695027
 362    8.6176     0.022117     0.019154     4.419643    10.088802
 363    8.6232     0.014604     0.005957    -0.025843    -0.436992
 364    8.6278     0.017936     0.001165   -37.079714    -4.934009
 365    8.6289     0.006226     0.001437    -3.561323    -1.604332
 366    8.6339     0.044854     0.023912     2.120236     3.765606
 367    8.6357     0.039129     0.013833    45.351500    30.904260
 368    8.6371     0.015049     0.001369    27.408301     5.101232
 369    8.6401     0.007884     0.005607    15.052897    12.033357
 370    8.6433     0.021805     0.005327    59.547998    25.069480
 371    8.6470     0.046494     0.014813    37.796245    27.928040
 372    8.6490     0.083399     0.026111   -22.904989   -20.349497
 373    8.6526     0.073110     0.026480     8.119682    -7.921078
 374    8.6543     0.057687     0.013572     4.841616     6.530380
 375    8.6641     0.010616     0.001490     9.331499     2.879642
 376    8.6670     0.010652     0.002598    -1.415382    -2.187192
 377    8.6700     0.009412     0.000817    -0.440444    -4.928887
 378    8.6740     0.005800     0.004595   -22.506007    -5.044955
 379    8.6807     0.000298     0.001846    -1.582647    -8.121643
 380    8.6813     0.043396     0.017430    27.911265    20.237750
 381    8.6833     0.001195     0.002179    -7.339816     6.566809
 382    8.6877     0.004339     0.000458   -19.560307    -3.821812
 383    8.6914     0.040230     0.019962   -35.320501   -32.517494
 384    8.6967     0.040192     0.009945    34.505749    13.222827
 385    8.7040     0.003693     0.004359    -2.055550    -5.309515
 386    8.7048     0.019702     0.004929    10.124746    14.144201
 387    8.7068     0.009940     0.005862     5.825790     6.794612
 388    8.7118     0.002121     0.011229    -8.906460   -25.025030
 389    8.7151     0.008148     0.003913    -8.231443    -9.763939
 390    8.7261     0.013888     0.002475    11.031011    10.207423
 391    8.7267     0.029192     0.004664   -16.812264    -8.627570
 392    8.7315     0.013906     0.002738     6.604591     6.996551
 393    8.7331     0.058287     0.004659   -94.341682   -30.670495
 394    8.7357     0.008868     0.002719    -6.412366    -3.404335
 395    8.7425     0.006856     0.002995     9.640538     7.889866
 396    8.7508     0.028111     0.009680    33.004405    25.868304
 397    8.7528     0.029141     0.006683   -23.347756   -20.311234
 398    8.7571     0.024032     0.014738    24.634780    16.955577
 399    8.7651     0.006352     0.005833    10.972442     9.295424
 400    8.7692     0.001975     0.001287    -6.416648    -0.917183
 401    8.7767     0.023459     0.007748     8.345312    10.414446
 402    8.7811     0.004894     0.007342    -7.658526   -10.481939
 403    8.7837     0.026012     0.011665    16.298024     7.673619
 404    8.7869     0.029466     0.017344     1.838438     3.362618
 405    8.7873     0.011823     0.003970    -8.578408   -10.084864
 406    8.7931     0.002141     0.002790     5.259959     8.178096
 407    8.7984     0.009157     0.001686    -6.573421    -5.044657
 408    8.8035     0.005390     0.002108   -13.368643    -3.508375
 409    8.8092     0.041912     0.014213    27.460984    20.243704
 410    8.8105     0.021930     0.006311   -15.495226    -8.911652
 411    8.8149     0.022433     0.007455    -5.933991     1.787839
 412    8.8230     0.024922     0.006732    -7.615678   -13.666499
 413    8.8325     0.031781     0.018480   -17.964485   -12.813526
 414    8.8339     0.003203     0.001330     1.579347    -1.490534
 415    8.8365     0.003580     0.001592     7.087756     3.017840
 416    8.8385     0.042582     0.009996    -7.059941    -3.253865
 417    8.8437     0.044790     0.013592    21.374059     6.878145
 418    8.8497     0.016606     0.005347    12.683920    10.690520
 419    8.8579     0.031958     0.008324    31.146852    10.861731
 420    8.8613     0.013750     0.001878    -8.507028     2.247935
 421    8.8655     0.025317     0.008629   -29.328939   -18.447195
 422    8.8706     0.005392     0.001280    -8.880046    -2.941967
 423    8.8735     0.005086     0.002979     5.077903     4.389540
 424    8.8790     0.007428     0.003834     9.818498    10.121358
 425    8.8810     0.011466     0.005237    -2.508538    10.478180
 426    8.8826     0.021179     0.006836     6.742435    14.379266
 427    8.8861     0.009173     0.001911     4.154588     4.118117
 428    8.8916     0.012659     0.005034   -10.449948    -7.796402
 429    8.8961     0.061058     0.018895     5.243935     7.742545
 430    8.9000     0.017914     0.009252    -3.691825    -2.836073
 431    8.9060     0.015083     0.009613    37.706638    30.204417
 432    8.9099     0.001210     0.001757    -4.381544    -4.834629
 433    8.9148     0.007773     0.000502    -3.850183    -0.089734
 434    8.9185     0.008567     0.005125    13.270223     5.119503
 435    8.9212     0.011294     0.007225    -2.310501    -2.493790
 436    8.9242     0.001383     0.004336    -1.661439    12.325474
 437    8.9293     0.037636     0.008736   -13.088680    -7.961990
 438    8.9329     0.008750     0.003140     2.161322     4.385423
 439    8.9348     0.006492     0.000611    -6.239741    -3.339215
 440    8.9382     0.017149     0.005970   -10.117671     2.499971
 441    8.9405     0.000570     0.002690     0.199031    -4.732804
 442    8.9442     0.005546     0.002216    -6.513684    -7.049855
 443    8.9474     0.009134     0.008032   -12.788993   -28.653869
 444    8.9504     0.025457     0.007830    -6.639612    -6.103960
 445    8.9532     0.002816     0.003711    -4.845507     5.480902
 446    8.9602     0.017536     0.001621     5.237167    10.308793
 447    8.9624     0.030880     0.016821    25.589895    23.401587
 448    8.9699     0.001053     0.001857    -2.342763    -3.626128
 449    8.9722     0.006917     0.002665    36.433509    14.070071
 450    8.9743     0.009534     0.001176    14.030674     6.097335
 451    8.9781     0.003000     0.000893    10.596056     6.148498
 452    8.9818     0.045928     0.010878   -27.818946   -12.687627
 453    8.9829     0.004619     0.001376    -2.485968     0.903067
 454    8.9874     0.020170     0.004719     0.738164     0.843609
 455    8.9881     0.039964     0.010986    47.570632    20.193170
 456    8.9964     0.057903     0.013818   -40.933692   -25.081405
 457    8.9973     0.026858     0.006082    37.556805    24.596289
 458    9.0010     0.035192     0.009520    28.020991    16.809474
 459    9.0032     0.016411     0.003928     2.635957     2.780733
 460    9.0065     0.014614     0.008284    -4.030825     7.125709
 461    9.0109     0.007370     0.006188    -1.337474     6.476517
 462    9.0129     0.025466     0.022947    27.127496    37.229488
 463    9.0197     0.022451     0.013417    17.265196    15.538912
 464    9.0234     0.035479     0.002689   -21.845548   -15.481092
 465    9.0295     0.004318     0.001811    -9.545380     4.784040
 466    9.0323     0.071330     0.040007    21.473497     1.427793
 467    9.0391     0.143200     0.031671   -45.734994   -47.729540
 468    9.0441     0.064422     0.032952    44.362039    30.386939
 469    9.0480     0.004326     0.003051     0.337707    -7.786003
 470    9.0501     0.005600     0.002335     9.737783     6.361017
 471    9.0562     0.048747     0.021130    37.829776    31.084155
 472    9.0603     0.019445     0.007380     2.311916    -7.890212
 473    9.0676     0.028432     0.006987    -8.386319    -4.776440
 474    9.0716     0.037294     0.014591   -12.811803   -12.443282
 475    9.0764     0.054695     0.013191   -31.262699   -12.952310
 476    9.0775     0.005998     0.001743    -2.023913    -8.900243
 477    9.0850     0.055830     0.011691     9.692275     5.006884
 478    9.0878     0.010647     0.001434     8.749892     5.225489
 479    9.0905     0.015010     0.001512   -14.470168     3.022409
 480    9.0936     0.004584     0.000405    -6.009390    -1.317576
 481    9.0954     0.007561     0.006426    -5.139276    -3.998662
 482    9.1002     0.013320     0.005142    -3.619941     5.848767
 483    9.1051     0.007076     0.004137    -0.768350    -2.721611
 484    9.1078     0.001411     0.000197    -2.488461    -4.637677
 485    9.1138     0.021737     0.008600    19.310467    17.891612
 486    9.1170     0.006467     0.003344    21.385384   -11.289794
 487    9.1197     0.009957     0.002185    -3.202222     1.163077
 488    9.1244     0.007837     0.008914   -17.551821   -42.456650
 489    9.1282     0.075465     0.039590   -67.629269   -22.711069
 490    9.1348     0.013731     0.007174   -11.191425   -17.587968
 491    9.1351     0.029286     0.005584    33.041836    14.688477
 492    9.1393     0.005683     0.006436    19.276631   -26.900767
 493    9.1429     0.004799     0.002244    -2.255133     1.092005
 494    9.1447     0.013809     0.008745   -22.035289   -17.107447
 495    9.1467     0.022288     0.012328   -23.079469   -21.905151
 496    9.1482     0.034007     0.012351    38.281301    26.660140
 497    9.1522     0.004127     0.023926   -19.463668    42.111262
 498    9.1555     0.038046     0.017588     9.211764     4.524295
 499    9.1587     0.002681     0.001618    -0.491588     5.606596
 500    9.1608     0.016568     0.009603    13.770476    10.051482
 501    9.1670     0.005315     0.002288     7.808449     0.802473
 502    9.1703     0.023944     0.012558   -26.320200     2.991189
 503    9.1799     0.012247     0.004551   -11.451662   -10.240037
 504    9.1804     0.003986     0.002673     6.706407     3.103455
 505    9.1853     0.007169     0.004373   -14.959382    -3.464076
 506    9.1919     0.027198     0.008445    -1.196758    -1.678496
 507    9.1948     0.004159     0.011210    -1.743779     6.283517
 508    9.1993     0.028305     0.005930   -46.267394   -26.126463
 509    9.2008     0.005087     0.003912   -28.689779   -27.722863
 510    9.2078     0.004122     0.005604    -6.566360    -3.481923
 511    9.2117     0.002332     0.003855     3.592698    -1.699460
 512    9.2136     0.029492     0.018621    90.620318    67.561429
 513    9.2163     0.023459     0.006076    -5.844865    -7.871061
 514    9.2227     0.024633     0.008270   -21.498439   -29.123207
 515    9.2260     0.012696     0.001243     8.974021     9.828005
 516    9.2269     0.040259     0.011798   -30.128049   -22.715752
 517    9.2349     0.119376     0.044598    34.597868    29.006774
 518    9.2359     0.052083     0.012027    -9.573572     0.448513
 519    9.2404     0.034068     0.008948   -73.959399   -31.319972
 520    9.2414     0.069638     0.006758   -14.428441     1.541043
 521    9.2456     0.042503     0.011843   -16.724309   -13.136346
 522    9.2470     0.004254     0.000912     2.043344     3.814111
 523    9.2487     0.029412     0.021048    48.305277    40.324828
 524    9.2538     0.065902     0.015549   -33.032957   -11.438513
 525    9.2571     0.014130     0.026845    90.414621    77.930519
 526    9.2591     0.003962     0.005557   -17.594404   -13.225572
 527    9.2608     0.043154     0.015213   -84.843606   -60.761213
 528    9.2692     0.016160     0.001840   -11.365357    -5.601560
 529    9.2746     0.035621     0.018345    36.092725    32.535315
 530    9.2783     0.008323     0.003913   -20.508676   -16.730093
 531    9.2828     0.023983     0.013595    17.146396     4.857222
 532    9.2889     0.007957     0.000661    -9.124812    -1.625382
 533    9.2892     0.101556     0.027682    -7.737236     0.511573
 534    9.2978     0.031772     0.006364   -32.969028   -18.863430
 535    9.3031     0.036668     0.004874    45.678026    24.176537
 536    9.3034     0.003384     0.002237     9.037640     9.247253
 537    9.3066     0.003391     0.000775    16.720971     9.470365
 538    9.3092     0.009934     0.006803    -0.097795     2.929499
 539    9.3110     0.007161     0.003542    -2.077573     1.736893
 540    9.3163     0.001438     0.000891     2.377718     4.742795
 541    9.3234     0.007000     0.002481   -11.578036    -7.977106
 542    9.3245     0.036080     0.007077     3.904244   -12.530119
 543    9.3281     0.041680     0.010776    32.814904    33.303676
 544    9.3308     0.058892     0.012670   -28.106526   -12.560581
 545    9.3395     0.005282     0.002736    -7.865289    -6.610912
 546    9.3448     0.010528     0.003162    -7.974657    -7.019772
 547    9.3488     0.016649     0.003814   -17.437372   -23.168223
 548    9.3528     0.033860     0.013387    -0.010353   -16.882380
 549    9.3562     0.003625     0.002153    -1.543915    -3.881717
 550    9.3597     0.006518     0.000465     1.699747     0.352876
 551    9.3655     0.003942     0.001928    -2.001521     2.937233
 552    9.3717     0.003231     0.000999    -5.749728    -5.771611
 553    9.3732     0.019201     0.008495    63.392053    33.347803
 554    9.3780     0.039560     0.015627    -2.927572    -5.077698
 555    9.3797     0.018216     0.008666   -19.213535   -20.149457
 556    9.3803     0.043782     0.011834   -23.653538   -15.533790
 557    9.3842     0.040627     0.006406    -9.033469    -2.294188
 558    9.3919     0.019253     0.004291     7.871461     0.280875
 559    9.3957     0.010880     0.002602     4.579435     4.516996
 560    9.3972     0.004433     0.002920     2.975640    -6.385563
 561    9.4012     0.002924     0.000731     0.597830     0.547437
 562    9.4055     0.004186     0.004706   -11.026822    -2.162678
 563    9.4117     0.006637     0.001188    26.131922     7.634131
 564    9.4173     0.012553     0.008716     1.880329     1.264038
 565    9.4204     0.003456     0.002657     4.425939     0.082839
 566    9.4216     0.004423     0.002253   -10.442790    -7.547907
 567    9.4294     0.021829     0.016606   -63.777139   -48.950631
 568    9.4372     0.003612     0.001608     4.308766     7.023506
 569    9.4410     0.012964     0.010364    24.357982     3.498283
 570    9.4415     0.038513     0.028630    12.709115    10.329939
 571    9.4448     0.000746     0.000588     0.142334    -1.110071
 572    9.4494     0.014804     0.003598     8.327885    -0.835957
 573    9.4495     0.020316     0.025544   -39.367684   -22.349190
 574    9.4523     0.006732     0.002760   -20.747183   -12.715330
 575    9.4552     0.002982     0.005772     3.781308    21.802510
 576    9.4565     0.005692     0.005127    -2.550578     3.988639
 577    9.4584     0.008248     0.002755     4.751919    -2.034796
 578    9.4624     0.018726     0.016210   -49.344470   -24.564229
 579    9.4647     0.015107     0.002266    -8.440853    -5.659431
 580    9.4670     0.052189     0.020796    -5.301627     1.298669
 581    9.4695     0.016569     0.006441     1.334425    -6.989746
 582    9.4711     0.025969     0.010601     1.044414     6.439097
 583    9.4759     0.002302     0.000508    -7.821114    -3.422748
 584    9.4772     0.005021     0.000302    -2.861664    -0.223301
 585    9.4777     0.032133     0.006367   -37.306449   -24.575089
 586    9.4804     0.018209     0.004211   -19.565423    -0.803478
 587    9.4841     0.010318     0.004155    -8.634769    -8.394328
 588    9.4870     0.016638     0.003345   -31.102897   -12.191949
 589    9.4903     0.023274     0.013670    -9.505682    -4.603210
 590    9.4928     0.010498     0.009722    23.060182    17.637083
 591    9.4966     0.016573     0.004482     8.924692    15.543878
 592    9.5005     0.038226     0.012419    88.560011    27.490333
 593    9.5020     0.016746     0.008171     1.804515     0.140732
 594    9.5048     0.015494     0.000315    36.738526    10.644968
 595    9.5094     0.022956     0.009725   -20.949941   -17.507116
 596    9.5121     0.001685     0.001831     0.295715    -1.666906
 597    9.5146     0.012862     0.002842    -9.325108    -5.759620
 598    9.5189     0.037272     0.006253   -50.682269   -25.304780
 599    9.5221     0.015263     0.004959    -4.989925    -3.307215
 600    9.5278     0.006882     0.001038     8.072203     1.050899
 601    9.5307     0.012475     0.002362    12.552593     8.040514
 602    9.5333     0.010407     0.004287    21.130886    21.640233
 603    9.5352     0.010434     0.007895    -5.442659    -3.461762
 604    9.5357     0.069911     0.030584    24.719543    16.252606
 605    9.5411     0.001650     0.001026     7.998536    10.982701
 606    9.5467     0.010135     0.004086    19.618478    14.539782
 607    9.5491     0.003867     0.002871     7.507744     8.315897
 608    9.5513     0.008957     0.011764     3.151362    -1.025024
 609    9.5519     0.000695     0.002936     0.501432    -2.587858
 610    9.5572     0.006734     0.004378     2.858667     1.039466
 611    9.5594     0.012109     0.005322     4.368137     1.031022
 612    9.5651     0.003494     0.005916   -16.907082   -17.743930
 613    9.5697     0.007266     0.007853    -6.725159   -14.460513
 614    9.5716     0.007993     0.002294    10.363805    -9.126181
 615    9.5788     0.013819     0.008621    13.913351    17.783432
 616    9.5823     0.008524     0.008389     3.025063    -2.124447
 617    9.5846     0.011170     0.018698    -5.522292   -13.603691
 618    9.5885     0.028652     0.005510   -28.608210    -1.468673
 619    9.5903     0.001826     0.032310    21.790627   105.772828
 620    9.5942     0.019925     0.022172    66.105161     3.311597
 621    9.5971     0.018231     0.010019   -30.234511   -20.677966
 622    9.5988     0.010497     0.022574   -55.776460   -34.314367
 623    9.6041     0.000825     0.000065     4.206022     1.836738
 624    9.6075     0.001409     0.009633   -16.959733    -7.341131
 625    9.6144     0.007013     0.001907   -13.902666    -4.986650
 626    9.6195     0.010316     0.012352   -10.169456    -8.551160
 627    9.6201     0.000758     0.005341    -2.193672   -20.004335
 628    9.6218     0.002836     0.005497   -15.844435   -15.100066
 629    9.6251     0.009065     0.005443   -28.993686   -17.873214
 630    9.6294     0.002593     0.002577    -8.492644    -5.817284
 631    9.6329     0.000831     0.002002    -0.192452    -1.028651
 632    9.6338     0.003152     0.002411     8.677989     6.843845
 633    9.6408     0.008175     0.004436    14.087997     9.593684
 634    9.6439     0.011042     0.001870     3.837391    -1.380135
 635    9.6473     0.004132     0.000613    -1.300697    -6.041793
 636    9.6480     0.002166     0.001452    -0.310270    -2.626859
 637    9.6539     0.011988     0.001578    13.070576    -0.537042
 638    9.6584     0.027506     0.013247    -3.617156     1.540103
 639    9.6617     0.013668     0.003308    -3.374114    -2.413356
 640    9.6652     0.003507     0.004956     8.251222    10.480739
 641    9.6686     0.003516     0.002860    -7.120246    -8.072207
 642    9.6716     0.002785     0.005443     8.863058    12.928152
 643    9.6745     0.014386     0.008058     0.793125    -2.270274
 644    9.6782     0.001926     0.000950    -5.264301     4.123873
 645    9.6825     0.011220     0.006155     7.403566     3.192075
 646    9.6829     0.006546     0.001125     4.306057     4.803298
 647    9.6890     0.014528     0.000728    19.672616     0.128802
 648    9.6917     0.005919     0.001817     8.619925    -1.285750
 649    9.6941     0.008259     0.004132     6.243257     4.422666
 650    9.6958     0.000288     0.002599     0.754762    -2.790078
 651    9.6976     0.021468     0.009559   -16.069614   -12.865322
 652    9.7008     0.001052     0.001176    -3.533110    -0.829670
 653    9.7045     0.001858     0.003218    -7.745730   -18.208018
 654    9.7083     0.001664     0.004463     1.492584    -0.233444
 655    9.7126     0.010956     0.004840   -12.179058   -10.505699
 656    9.7151     0.017957     0.004008    -8.346224    -5.777949
 657    9.7170     0.009915     0.006813    16.872284    21.344366
 658    9.7183     0.004618     0.001277   -17.441273   -12.302023
 659    9.7213     0.004238     0.002081     6.077680     6.716132
 660    9.7248     0.000356     0.000600     0.410052     0.266553
 661    9.7253     0.000304     0.002712    -1.741431     0.177782
 662    9.7286     0.001123     0.001870    -0.628199     3.417304
 663    9.7316     0.002646     0.001096    -2.961193    -1.655594
 664    9.7336     0.006455     0.003162    12.724923     2.178304
 665    9.7380     0.008755     0.012870    22.350559    22.370321
 666    9.7382     0.010177     0.004150    20.169079     7.192894
 667    9.7402     0.014920     0.015943    -5.660701   -23.733799
 668    9.7417     0.001110     0.000584    -2.933981     2.091117
 669    9.7451     0.001435     0.000166     0.157523    -0.358265
 670    9.7503     0.009626     0.007123    -0.040605    -0.131474
 671    9.7510     0.004415     0.000726     6.179853     3.931400
 672    9.7561     0.010673     0.001253    23.330530     1.232486
 673    9.7588     0.019691     0.003053     4.033107     6.970001
 674    9.7598     0.005674     0.000061    10.029559    -0.059848
 675    9.7629     0.000864     0.001472     0.629899     2.373450
 676    9.7645     0.019626     0.007914    -3.600812     1.985011
 677    9.7701     0.010327     0.001723    -7.693472    -4.812343
 678    9.7738     0.003027     0.001749    -8.475494    -2.265352
 679    9.7764     0.000666     0.000539    -3.049521    -2.413973
 680    9.7777     0.003086     0.003596     2.521090     5.388623
 681    9.7794     0.001220     0.000778     1.877388     5.223947
 682    9.7821     0.026060     0.014153     6.626098     3.850738
 683    9.7875     0.009060     0.002828   -10.904715    -5.732986
 684    9.7910     0.001594     0.001637     3.108905    -3.800107
 685    9.7946     0.016783     0.006034   -15.189055    -5.703640
 686    9.8002     0.003193     0.005052     1.370825   -13.434837
 687    9.8024     0.002395     0.002896    -3.572553     0.582109
 688    9.8069     0.008791     0.002871    -6.283911    -4.168358
 689    9.8080     0.023574     0.005567    -9.085658    -7.985534
 690    9.8120     0.012641     0.005130    13.682628     5.978778
 691    9.8155     0.002692     0.005053     3.202032    15.640941
 692    9.8204     0.011763     0.006782   -12.191974    -9.867883
 693    9.8241     0.004356     0.007967     6.199520     4.783339
 694    9.8261     0.002089     0.003748     0.644214    -1.268278
 695    9.8302     0.005575     0.006777    -7.465053   -13.992581
 696    9.8317     0.023127     0.008743   -23.558449   -18.644791
 697    9.8328     0.003523     0.005406    -0.339819     5.426597
 698    9.8361     0.004590     0.001777     7.064558     1.619696
 699    9.8403     0.003591     0.000808    -0.245154    -1.856525
 700    9.8499     0.005499     0.002251     2.575655    -1.419078
 701    9.8503     0.000594     0.002660    -0.397455    -3.626856
 702    9.8517     0.002174     0.002489     3.034865     2.880014
 703    9.8552     0.005393     0.000821     8.306893     8.034602
 704    9.8579     0.008487     0.006043   -22.065473   -27.043578
 705    9.8633     0.009426     0.001912    -4.917245    -2.241102
 706    9.8639     0.002146     0.001613   -10.354480    -7.109718
 707    9.8679     0.001868     0.002423     6.812152    -0.988080
 708    9.8696     0.011614     0.005517    -3.057840    -3.315898
 709    9.8749     0.006893     0.001426    18.610586    12.355489
 710    9.8829     0.004070     0.001814    -5.136972   -11.592115
 711    9.8867     0.012980     0.005624     6.879698     5.645710
 712    9.8887     0.006580     0.001643    -5.752599    -3.126323
 713    9.8916     0.008070     0.001428     8.466688     2.832605
 714    9.8963     0.003448     0.000712     2.072005     1.125332
 715    9.8982     0.001819     0.000740    -3.237420    -1.589829
 716    9.9006     0.006141     0.002449    -4.677510    -2.805281
 717    9.9051     0.011709     0.008694    14.182998     7.078514
 718    9.9078     0.001940     0.000454     3.658766     1.308862
 719    9.9099     0.014508     0.001488   -19.778913    -3.957203
 720    9.9121     0.001676     0.002799    -4.118179    -0.790228
 721    9.9146     0.005252     0.005089    15.723649    18.112965
 722    9.9166     0.000314     0.000452     3.762938    -3.580824
 723    9.9197     0.002660     0.000317    -5.384040    -1.867722
 724    9.9225     0.013560     0.004745    -4.497899    -7.927831
 725    9.9230     0.011049     0.007567    -0.694468    -1.263980
 726    9.9260     0.005775     0.001677     5.367417     0.412281
 727    9.9301     0.012164     0.004402     0.835825     0.612197
 728    9.9349     0.003904     0.001671    -0.062221     0.377110
 729    9.9368     0.022837     0.003777   -14.608883    -6.052951
 730    9.9403     0.001267     0.001284     0.950628    -1.541512
 731    9.9411     0.008007     0.003579    17.534132    14.683432
 732    9.9443     0.001269     0.000638     0.483578    -0.931382
 733    9.9519     0.001721     0.001823     3.053359     3.439156
 734    9.9555     0.007841     0.003502    -4.605774    -3.082989
 735    9.9570     0.000334     0.000617    -1.430844    -7.679838
 736    9.9596     0.003250     0.001911    -6.142422    -5.685397
 737    9.9618     0.013915     0.007340    -8.225799    -3.681182
 738    9.9661     0.006939     0.001870    -1.824395    -0.472624
 739    9.9667     0.008236     0.002149   -12.325120    -5.640818
 740    9.9678     0.016845     0.005043    -8.918536    -7.236968
 741    9.9704     0.001383     0.001804    -1.235986    -8.009621
 742    9.9730     0.005301     0.007857    -2.952452     0.246338
 743    9.9752     0.007457     0.003188     2.212282    -5.658312
 744    9.9797     0.017938     0.002585    -8.205134    -3.012891
 745    9.9803     0.006351     0.001977   -12.053458    -2.539706
 746    9.9830     0.007390     0.001773    -5.004405    -3.098357
 747    9.9871     0.014108     0.003100    -7.487277    -5.235742
 748    9.9889     0.007645     0.002590     0.850320    -0.390762
 749    9.9908     0.001191     0.001163    -0.623502    -1.297696
 750    9.9941     0.006516     0.002531     4.362525     1.727922
 751    9.9982     0.015965     0.004783    -9.413094    -4.058296
 752    9.9996     0.026132     0.004930    -4.698527   -10.682894
