$coord
         10.355188853116         -9.311986113371         -2.469764149007     c 
         11.226849394100         -8.614532522549         -0.101262335403     c 
         10.638810235363         -6.270881302743          0.887729864572     c 
          9.171168595255         -4.573318949712         -0.495607122433     c 
          8.572400450612         -2.198324864131          0.505192922724     n 
         10.383817785913         -0.867929882085          1.902013994799     c 
          9.681262762656          0.531939841706          4.022634961774     c 
         11.473511390129          1.860956228619          5.377051574332     c 
         13.991198337107          1.803586507461          4.659879027815     c 
         14.703378653526          0.402544203790          2.565802222205     c 
         12.921002319733         -0.918124654900          1.188657846604     c 
          6.179449204096         -1.149427599352          0.102161718657     c 
          5.927652053564          1.448472703988         -0.195048586220     c 
          3.549712858819          2.507780310372         -0.578363400235     c 
          1.379484491653          0.963529977484         -0.668949232288     c 
          1.686009381235         -1.666701128137         -0.395446351021     c 
          4.064417070961         -2.711485869842         -0.002725568388     c 
         -0.420393033535         -3.211470189783         -0.528676318145     n 
          0.017484621689         -5.874797155884         -0.628109538447     c 
          0.096876279612         -7.295425597612          1.578968553616     c 
          0.562563981416         -9.865515959324          1.452736540069     c 
          0.951155323580        -11.019219907799         -0.865445802491     c 
          0.869623560639         -9.601471269228         -3.063758609628     c 
          0.405861595328         -7.029300976620         -2.951132224737     c 
         -2.872361789516         -2.346680633818         -0.440346451091     c 
         -4.824957494690         -4.132586628023         -0.293487735941     c 
         -7.295983878279         -3.357690934141         -0.006712895400     c 
         -7.923962535133         -0.787078914380          0.241387655042     c 
         -5.943568581914          0.955765685330          0.016940223897     c 
         -3.420567664053          0.273177521249         -0.478168659020     c 
         -1.220852960061          2.109317615426         -1.029617946338     b 
         -1.179955055495          4.876369292370         -1.960521342204     c 
         -3.204317241706          6.120995993769         -3.122823568981     c 
         -3.085542907963          8.616745340873         -3.850775631751     c 
         -0.887310722753          9.982428860094         -3.404068178187     c 
          1.187517642766          8.806667343343         -2.367764554175     c 
          1.105095749174          6.239860186359         -1.714889437949     c 
          3.296223606030          5.084782824484         -0.872595761888     n 
          5.476149796728          6.608849547330         -0.413946223579     c 
          7.196814654339          7.096030983507         -2.337689819465     c 
          9.321620181255          8.538691035641         -1.846690767047     c 
          9.733494068312          9.498156248936          0.554655149770     c 
          8.014630022758          9.017725989522          2.468539768004     c 
          5.886917211798          7.572518583115          1.991106272617     c 
         -6.400607975719          3.445617357805          0.368051508889     o 
         -8.763468337531          4.403780933504          0.664532837208     c 
         -8.834465926513          7.041662138455          0.831002584160     c 
        -11.112402302939          8.274278090997          1.042812828524     c 
        -13.345387624698          6.886404692639          1.070155615514     c 
        -13.261945115904          4.288812440106          0.939854595720     c 
        -10.984922722909          2.942172902260          0.775210322190     c 
        -10.635680150289          0.036431017647          0.714839177921     b 
        -12.504405522234         -2.202761648704          1.047962423246     c 
        -15.060366437892         -2.047422355001          1.724350548158     c 
        -16.594807394567         -4.143428643889          1.907129452175     c 
        -15.615357559941         -6.529878529478          1.413563612189     c 
        -13.101488722133         -6.783699074306          0.795567467002     c 
        -11.551350873772         -4.652135017529          0.636991657599     c 
         -9.090384878502         -5.188674972233          0.083944591836     o 
          8.312503420519         -5.280089926159         -2.885645793607     c 
          8.896048083970         -7.633789010276         -3.851895211021     c 
         10.812067775925        -11.148064186055         -3.233253627443     h 
         12.361505841919         -9.911488766211          0.994017774649     h 
         11.307315243357         -5.737291581394          2.741759142458     h 
          7.722283154012          0.565937904728          4.594961933195     h 
         10.901227014054          2.937688328502          7.014631052830     h 
         15.387775055216          2.840906019598          5.725854160029     h 
         16.660982721612          0.350436225828          1.987693564249     h 
         13.478890760977         -1.994047620467         -0.454578285128     h 
          7.597082441366          2.615302759420         -0.145113375565     h 
          4.302250324705         -4.718743560187          0.251771967748     h 
         -0.207608868867         -6.374634075405          3.375188233460     h 
          0.624538685543        -10.967930572604          3.168922601140     h 
          1.316909840445        -13.024357849803         -0.956462034594     h 
          1.170670461633        -10.497420127747         -4.872132737247     h 
          0.341734107595         -5.901722418798         -4.651034096084     h 
         -4.438487428674         -6.130602807590         -0.370556454196     h 
         -4.913712609930          5.069195668647         -3.479851020928     h 
         -4.689978606743          9.513145145929         -4.741612403784     h 
         -0.782805668252         11.959802435052         -3.906354531457     h 
          2.906136820665          9.872498750569         -2.094541042825     h 
          6.856544767010          6.336943380460         -4.202129202110     h 
         10.658879053311          8.912437670308         -3.342436958611     h 
         11.394812589543         10.620857691185          0.932491430481     h 
          8.330968176934          9.765598295352          4.340644258111     h 
          4.535686095016          7.180317894346          3.470037626349     h 
         -7.066406162439          8.056835408602          0.759582137051     h 
        -11.163950476357         10.311166494079          1.164220506551     h 
        -15.140840043874          7.849986334535          1.195901709254     h 
        -15.015662925216          3.251656004798          0.937492382226     h 
        -15.850746853235         -0.217167486190          2.143056939074     h 
        -18.556734542809         -3.935361654318          2.431482606071     h 
        -16.808473722996         -8.181483849240          1.534699943133     h 
        -12.270900707897         -8.613313009865          0.438644235058     h 
          7.189819974102         -3.968231263186         -3.974130512080     h 
          8.218899144917         -8.154827676183         -5.706089619538     h 
$end
