           2           1   1.40153029617791     
           3           1  3.047623105037900E-003
           3           2   1.46062162703591     
           4           1  8.468605251743105E-002
           4           2  5.635066732820638E-003
           4           3   1.37316627763653     
           5           1  3.669899718456977E-003
           5           2  7.957511503863537E-002
           5           3  4.321219565941414E-003
           5           4   1.25511903326637     
           6           1   1.46160657420015     
           6           2  6.183706671453096E-003
           6           3  0.103163912559555     
           6           4  7.786884800892253E-003
           6           5   1.36218258992888     
           7           1  1.934950348789658E-002
           7           2  2.222239905406681E-002
           7           3  6.696331750401945E-003
           7           4  4.359782424480999E-002
           7           5   1.14034322290468     
           7           6  3.454368470618638E-002
           8           1  9.452968742163873E-003
           8           2  3.372379830810356E-003
           8           3  1.886211564102656E-002
           8           4  6.162681593522214E-003
           8           5  1.992271329950877E-002
           8           6  1.735017182769365E-002
           8           7   1.14522799692599     
           9           2  2.866597038703382E-003
           9           4  7.385976136422757E-003
           9           5  1.474585899857378E-002
           9           6  6.077402411446634E-003
           9           7  4.221141145531320E-002
           9           8   1.37831333261417     
          10           1  5.755398703936790E-003
          10           3  7.092171233824033E-003
          10           5  7.496990892859063E-003
          10           7  1.790305789946803E-002
          10           8  4.775286399292379E-003
          10           9   1.37831331999099     
          11           3  2.390413158664448E-003
          11           7  6.660909951289000E-003
          11           8  1.790305771295382E-002
          11           9  4.221141038544893E-002
          11          10   1.14522799964235     
          12           8  7.496991048166695E-003
          12           9  1.474585896044596E-002
          12          10  1.992271394643619E-002
          12          11   1.14034322341194     
          13           9  6.077402127766231E-003
          13          10  1.735017185019755E-002
          13          11  3.454368360244503E-002
          13          12   1.36218258340154     
          14           8  5.755398753504293E-003
          14          10  9.452969127605463E-003
          14          11  1.934950367058424E-002
          14          12  3.669899728312044E-003
          14          13   1.46160658378604     
          15           9  2.866596934169804E-003
          15          10  3.372379896103730E-003
          15          11  2.222239885156278E-002
          15          12  7.957511482334567E-002
          15          13  6.183706568340908E-003
          15          14   1.40153028523012     
          16           7  2.390413110331854E-003
          16           8  7.092171089098856E-003
          16          10  1.886211589340639E-002
          16          11  6.696331845100044E-003
          16          12  4.321219609783179E-003
          16          13  0.103163911952658     
          16          14  3.047623129088882E-003
          16          15   1.46062163824058     
          17           9  7.385976281047965E-003
          17          10  6.162681691513345E-003
          17          11  4.359782496769424E-002
          17          12   1.25511903823363     
          17          13  7.786884734736006E-003
          17          14  8.468605261345431E-002
          17          15  5.635066748284060E-003
          17          16   1.37316626841244     
          18           1  2.574819617993106E-003
          18           2  2.332983632276050E-003
          18           4  1.930325934088486E-002
          18           5  5.002896906996219E-003
          18           7  1.240481210016827E-002
          18           8  5.862607020731441E-002
          18           9  3.362492707751267E-003
          18          10   1.22800949487206     
          18          11  3.448888575396769E-002
          18          12  8.038689237261032E-003
          18          13  6.994973041247654E-003
          18          14  2.350783193712535E-003
          18          15  1.970746125796550E-002
          18          16  6.678819513721733E-003
          18          17   1.13523780579245     
          19           1  1.080811957541961E-002
          19           3  2.092822544887158E-002
          19           4  5.253831851007165E-003
          19           5  2.031500420046078E-002
          19           7  6.544357331697215E-003
          19           8  3.317742953536138E-003
          19           9  0.101243939847413     
          19          10  3.317742962761619E-003
          19          11  6.544357452469003E-003
          19          12  2.031500428153725E-002
          19          14  1.080811934861158E-002
          19          16  2.092822454945650E-002
          19          17  5.253831931808413E-003
          19          18   1.39238946523914     
          20           1  2.350783090913277E-003
          20           2  1.970746128594674E-002
          20           3  6.678819508510470E-003
          20           4   1.13523780278612     
          20           5  8.038689036167368E-003
          20           6  6.994972991157603E-003
          20           7  3.448888487026441E-002
          20           8   1.22800948664670     
          20           9  3.362492673576654E-003
          20          10  5.862607052502671E-002
          20          11  1.240481218351636E-002
          20          12  5.002897006236156E-003
          20          14  2.574819666215235E-003
          20          15  2.332983635425726E-003
          20          17  1.930325923044027E-002
          20          18  1.107840938467212E-002
          20          19   1.39238947706250     
          21           1  0.973144531003485     
          21           3  1.032715601628861E-002
          21           5  1.042768827434152E-002
          22           2  0.972852425408443     
          22           4  1.056279911489367E-002
          22           6  1.036621260813116E-002
          23           1  1.083375004191794E-002
          23           3  0.968966992502557     
          23           5  1.110554155791906E-002
          24           2  1.076875652610732E-002
          24           4  1.101444686403835E-002
          24           6  0.968785105687778     
          25           4  8.238647143401346E-003
          25           7  0.944844157102794     
          25          20  8.356466927487991E-003
          26           9  0.964793347073853     
          26          18  1.104921265005282E-002
          26          20  1.104921307284762E-002
          27          11  0.944844157163272     
          27          17  8.238647083968032E-003
          27          18  8.356466901528834E-003
          28          13  0.968785105516483     
          28          15  1.076875676686900E-002
          28          17  1.101444678401207E-002
          29          12  1.042768843466874E-002
          29          14  0.973144531255069     
          29          16  1.032715565869793E-002
          30          13  1.036621225692800E-002
          30          15  0.972852425524188     
          30          17  1.056279938734467E-002
          31          12  1.110554137374687E-002
          31          14  1.083375037030441E-002
          31          16  0.968966992308525     
          32           8  1.124480458539247E-002
          32          10  1.124480432219077E-002
          32          19  0.964961115281865     
