           2           1   1.39196612953243     
           3           1  5.532856378204741E-003
           3           2   1.47036646865087     
           4           1  7.027994287463850E-002
           4           2  4.928659234454176E-003
           4           3   1.33581465030107     
           5           1  5.834601310798476E-003
           5           2  7.016042138992898E-002
           5           3  6.905275589167310E-003
           5           4   1.23468395962001     
           6           1   1.46062388852422     
           6           2  4.968289552088358E-003
           6           3  0.103048992683178     
           6           4  6.612593752241571E-003
           6           5   1.35112097748048     
           7           1  3.303728231383363E-002
           7           2  1.304185494465166E-002
           7           3  2.088960070477320E-002
           7           4  2.504677150665369E-002
           7           5   1.16257036915584     
           7           6  3.132612346571564E-002
           8           1  3.797581000192305E-003
           8           2  8.075020348909452E-003
           8           3  2.595065438091677E-003
           8           4  2.339243665503687E-002
           8           5  6.363562394600215E-003
           8           6  1.741440234617690E-002
           8           7   1.16266551949743     
           9           1  2.971092094557828E-003
           9           2  2.314232635229597E-003
           9           3  2.355472869482504E-003
           9           5  1.739552743093139E-002
           9           6  4.119196041755673E-003
           9           7  3.134352587519917E-002
           9           8   1.35124786944977     
          10           1  2.624808592568052E-003
          10           2  4.141678141481683E-003
          10           3  3.045264989881491E-003
          10           4  8.795824737328596E-003
          10           5  3.806602836172211E-003
          10           6  2.974764725021897E-003
          10           7  3.308277387251823E-002
          10           8  5.828982773525276E-003
          10           9   1.46043555697123     
          11           1  4.130499565419733E-003
          11           3  2.986339097874486E-003
          11           4  2.579872414205370E-003
          11           5  8.058880463716023E-003
          11           6  2.322110400584532E-003
          11           7  1.305151645831417E-002
          11           8  7.019687983203624E-002
          11           9  4.973313473626867E-003
          11          10   1.39226261999842     
          12           1  3.058731116814217E-003
          12           2  2.993341700913196E-003
          12           3  4.931765064522664E-003
          12           4  1.652602566625469E-002
          12           5  2.613484769559546E-003
          12           6  2.353409247525235E-003
          12           7  2.091893970946129E-002
          12           8  6.896806811774313E-003
          12           9  0.103046526708827     
          12          10  5.534604884639974E-003
          12          11   1.47002257985899     
          13           1  8.789446969004128E-003
          13           2  2.605053561018259E-003
          13           3  1.648727567523938E-002
          13           4  9.960657201408662E-003
          13           5  2.339670245506113E-002
          13           7  2.506650819223210E-002
          13           8   1.23440385586371     
          13           9  6.605710099640285E-003
          13          10  7.023083578851344E-002
          13          11  4.936258342386779E-003
          13          12   1.33596028475268     
          14           1  1.393180061795240E-002
          14           2  2.908945713077656E-002
          14           3  2.791484470366505E-002
          14           4   1.14423503497776     
          14           5  1.443784325273889E-002
          14           6  1.693531086157864E-002
          14           7  7.407700938920254E-002
          14           8  1.438436447977953E-002
          14           9  1.694873825027211E-002
          14          10  1.392203942829929E-002
          14          11  2.909687185657315E-002
          14          12  2.799523286525323E-002
          14          13   1.14393960458832     
          15           3  2.436519726411441E-003
          15           4  9.387563819814740E-003
          15           5  9.600139827554663E-003
          15           8  9.647145559176486E-003
          15          12  2.413037312779471E-003
          15          13  9.433298056291809E-003
          15          14  0.972156444392111     
          16           3  2.503833758989096E-003
          16           4  9.066257977553369E-003
          16           7  3.341329614209335E-003
          16          13  1.129806197198630E-002
          16          14  8.716523707219984E-003
          16          15   1.36942077116615     
          17          14  1.069457736828699E-002
          17          15  8.095275126211974E-003
          17          16   1.44132942110815     
          18          15  6.753245665343520E-002
          18          16  4.477402574659445E-003
          18          17   1.34312289687033     
          19          15  1.371312248830799E-002
          19          16  2.390523922102624E-002
          19          17  4.068762022152558E-002
          19          18   1.21676793950136     
          20          15  1.263087222895863E-002
          20          16  4.329174245054909E-003
          20          17  2.434471970220218E-002
          20          18  8.606605560611998E-003
          20          19   1.26315003416373     
          21          17  4.086756838884699E-003
          21          18  1.370757749962367E-002
          21          19  2.045319840470634E-002
          21          20   1.16449107965296     
          22          19  1.481181906233531E-002
          22          20  4.007678529509367E-003
          22          21   1.31559542449199     
          23          19  3.732233644291125E-003
          23          20  2.100794783490515E-002
          23          21  2.629794860252506E-003
          23          22   1.51395324975273     
          24          19  7.214175879042188E-003
          24          21  7.538421920165059E-002
          24          22  2.415106364148732E-003
          24          23   1.35745412317590     
          25          20  8.682894353905173E-003
          25          21  2.857242053935104E-003
          25          22  0.107538719361465     
          25          23  2.208274652936335E-003
          25          24   1.50079459883912     
          26          15  2.062216790861542E-003
          26          17  2.467117934569816E-003
          26          19  1.692597892352563E-002
          26          20  5.649645750949984E-003
          26          21   1.27522942838611     
          26          22  3.192575729248423E-003
          26          23  7.761634812881987E-002
          26          24  3.232740854627654E-003
          26          25   1.33709939871785     
          27          16  2.211976700104052E-003
          27          17  3.288250706000192E-003
          27          18  4.270193531771661E-003
          27          19  8.470912450591443E-003
          27          20  3.399047449148461E-002
          27          21  3.927233190115973E-003
          27          22  9.542885023598149E-003
          27          24  2.110458601525834E-002
          27          25  3.186872724433804E-003
          27          26   1.14415291733981     
          28          21  2.040473457302537E-002
          28          23  8.357583728655762E-003
          28          25  2.308257115229078E-002
          28          26  3.181909796954240E-003
          28          27   1.33695154575879     
          29          17  2.378358201522840E-003
          29          18  2.817337602360411E-003
          29          19  5.841527690379063E-003
          29          20  1.516349764317842E-002
          29          24  3.537762903760154E-003
          29          26  2.110495155157077E-002
          29          27  3.257641764239133E-003
          29          28   1.50080691764137     
          30          19  2.306442024345953E-003
          30          21  8.817648878643333E-003
          30          23  6.159306459785681E-003
          30          25  8.352573935922359E-003
          30          27  7.763024349365424E-002
          30          28  2.206021496043380E-003
          30          29   1.35751716502362     
          31          18  3.747778429683668E-003
          31          19  4.489835060994478E-003
          31          20  2.228988491167229E-002
          31          22  2.141147639297159E-003
          31          26  9.565573003558809E-003
          31          27  3.210543104242220E-003
          31          28  0.107646197550487     
          31          29  2.426145406202060E-003
          31          30   1.51386952905326     
          32          16  2.082218682264425E-003
          32          17  3.150416328393692E-003
          32          19  1.636586367012123E-002
          32          20  7.357209583249591E-003
          32          21  2.065010748838292E-002
          32          23  8.808041820513044E-003
          32          25  2.038961286525908E-002
          32          26  3.922006421841590E-003
          32          27   1.27553416613357     
          32          28  2.849701350456087E-003
          32          29  7.531113729281319E-002
          32          30  2.630734658391191E-003
          32          31   1.31579199670689     
          33          15  4.306584245281689E-003
          33          16  1.294990975722831E-002
          33          17  7.131730201953495E-003
          33          18  3.832892835478072E-002
          33          19  3.467486082358307E-002
          33          20   1.25958035603576     
          33          21  7.412106078717089E-003
          33          22  2.236646539171972E-002
          33          24  1.525078667948201E-002
          33          26  3.416326073263152E-002
          33          27  5.707984989472031E-003
          33          28  8.705965562972900E-003
          33          30  2.107547893669215E-002
          33          31  4.041234013735419E-003
          33          32   1.16368177419770     
          34          15  2.247342999811341E-002
          34          16  1.457782537770939E-002
          34          17  2.205636810539077E-002
          34          18  2.452226759257592E-002
          34          19  4.675639134210055E-002
          34          20  3.443652053498673E-002
          34          21  1.623848558502808E-002
          34          22  4.404076640042632E-003
          34          23  2.288408061038983E-003
          34          24  5.704042595743417E-003
          34          26  8.346355631598242E-003
          34          27  1.689448046103992E-002
          34          29  7.248787702014627E-003
          34          30  3.695822262399626E-003
          34          31  1.484588744672224E-002
          34          32  2.052046346620949E-002
          34          33   1.26482843261698     
          35          14  1.036106507266345E-002
          35          15  4.601871835582164E-003
          35          16  6.930850288356781E-002
          35          17  6.732690555867143E-003
          35          18   1.18129452266934     
          35          19  2.453642294920137E-002
          35          20  3.858496577118753E-002
          35          22  3.798206743415387E-003
          35          24  2.842202594156736E-003
          35          26  4.283810696300304E-003
          35          32  1.372706142079334E-002
          35          33  8.442486119644549E-003
          35          34   1.21211021558022     
          36           4  1.226302136412255E-002
          36           7  4.591239222975141E-003
          36          12  2.625505365335564E-003
          36          13  1.021903591489655E-002
          36          14  8.383348559028279E-003
          36          15   1.39034818046806     
          36          16  7.542766421762788E-003
          36          17  8.135990863060109E-002
          36          18  6.234888076332276E-003
          36          19  2.117104123757813E-002
          36          20  7.233889797114215E-003
          36          21  2.989176225568654E-003
          36          24  2.328861675391943E-003
          36          26  3.222955219659316E-003
          36          27  2.340964345523249E-003
          36          32  3.981549177304589E-003
          36          33  2.407321002346738E-002
          36          34  4.058776517143804E-002
          36          35   1.35121230055981     
          37           1  0.972634296872666     
          37           3  1.064369685197535E-002
          37           5  1.031877707582967E-002
          38           2  0.972592630689155     
          38           4  1.049595158032353E-002
          38           6  1.064806323812541E-002
          39           1  1.061228294668963E-002
          39           3  0.965838268383696     
          39           5  9.202355229342029E-003
          39          15  2.456019227548798E-003
          39          16  2.064361844848136E-003
          40           2  1.053423744312472E-002
          40           4  9.399813208617771E-003
          40           6  0.967579389245985     
          40           7  3.940053896783744E-003
          41           7  3.956011760766789E-003
          41           9  0.967571092657113     
          41          11  1.052953188158225E-002
          41          13  9.396437982078825E-003
          42           8  1.031742217234174E-002
          42          10  0.972624033861143     
          42          12  1.064811936081326E-002
          43           9  1.065303785037506E-002
          43          11  0.972597257761239     
          43          13  1.049067469386287E-002
          44           8  9.205232803259562E-003
          44          10  1.060729397416411E-002
          44          12  0.965845687173422     
          44          15  2.094729300127112E-003
          44          36  2.667404433716330E-003
          45          16  0.969862910646585     
          45          18  1.058836079268008E-002
          45          36  9.323177948756537E-003
          46          15  1.028264828170461E-002
          46          17  0.967412554083355     
          46          35  1.008944320038578E-002
          47          19  1.229936824798782E-002
          47          22  0.966972820928569     
          47          24  1.149306050914231E-002
          47          26  9.354231006425131E-003
          48          21  1.153340180110273E-002
          48          23  0.972089462380205     
          48          25  1.005681365117888E-002
          49          22  9.971649370427070E-003
          49          24  0.972714286582108     
          49          26  1.112635814596906E-002
          50          21  9.791724287516783E-003
          50          23  1.109460116013956E-002
          50          25  0.963485820561028     
          51          28  0.963498913205869     
          51          30  1.109269091001907E-002
          51          32  9.779373122994806E-003
          51          50  3.826028980059465E-003
          52          27  1.112930846979273E-002
          52          29  0.972702406241524     
          52          31  9.978066078892001E-003
          53          28  1.006089974471726E-002
          53          30  0.972088210890616     
          53          32  1.152812715101418E-002
          54          27  9.349794377218220E-003
          54          29  1.148807660189631E-002
          54          31  0.966934440409272     
          54          34  1.243795115456038E-002
          55          16  9.212196834017817E-003
          55          18  1.023072281736816E-002
          55          36  0.965362068559776     
