 NM
 UV
 MMASS
   715.855199999998     
 LFAKTOR
  0.5
 RFAKTOR
  1.0
 WIDTH
  0.20
 SHIFT
  0.00
 DATXY
   1    3.7453     0.250928     0.146670     0.347567     3.379490
   2    3.7962     0.210093     0.106384   -61.200892   -54.655071
   3    3.9836     0.378812     0.114839   -26.557025    -0.224929
   4    4.1481     0.005354     0.123516    -1.514305     7.036761
   5    4.1905     0.001552     0.037348    -6.410669    -1.806357
   6    4.3647     0.001584     0.018556     4.528649     6.586911
   7    4.3952     0.122968     0.066306    75.316165    55.706309
   8    4.4067     0.032646     0.310638   -47.400947   -56.724800
   9    4.4315     0.003097     0.001657     3.048719     3.174456
  10    4.4573     0.051202     0.025733    15.143558    12.345147
  11    4.6344     0.346165     0.188559   -21.039057     9.116516
  12    4.7396     0.004463     0.004054    -3.133630    -2.582538
  13    4.7535     0.007153     0.002108     9.623810     5.717887
  14    4.7916     0.226818     0.100822    66.802249    45.535826
  15    4.8731     0.074189     0.040879    11.058231    24.170424
  16    4.9332     0.399792     0.237716    10.595731     7.608755
  17    5.0194     0.038563     0.020243    -2.922937    -0.673807
  18    5.0322     0.553820     0.324191    11.257535    10.620123
  19    5.0621     0.126071     0.053711    -2.441091    -3.557988
  20    5.0974     0.718388     0.362120    29.817375    39.976811
  21    5.1223     0.159275     0.070139   289.964349   198.957741
  22    5.1458     0.408361     0.233015  -118.335367   -98.920625
  23    5.2387     0.050546     0.018278   -41.389527   -27.175467
  24    5.2590     0.018102     0.010790    -2.578560    -7.732843
  25    5.2940     0.161256     0.093921    59.265617    39.600340
  26    5.3650     0.034165     0.026948     5.913854     0.815349
  27    5.4435     0.470854     0.247867  -162.765087  -120.666928
  28    5.5829     0.024347     0.016950    11.659336     5.612257
  29    5.6204     0.002914     0.003401     2.921493    -0.253512
  30    5.6536     0.014128     0.013614     7.814355    -1.657562
  31    5.6913     0.136669     0.062608   -93.555442   -63.937562
  32    5.7033     0.106772     0.058199    44.408163    29.351851
  33    5.7295     0.609788     0.311659   -42.638998   -20.544136
  34    5.7885     0.180124     0.085444    21.134994     7.382103
  35    5.7968     0.018961     0.005598   -37.096156   -27.936855
  36    5.8404     0.060074     0.041951    -0.174940     2.836152
  37    5.8576     0.112269     0.058233    74.825479    56.685334
  38    5.8747     0.006147     0.003709    -4.528444    -3.384833
  39    5.9390     0.310205     0.170542  -106.607530   -49.572458
  40    5.9806     0.215975     0.101780    28.790695    31.179155
  41    6.0218     0.010658     0.005818    -6.264862    -3.449686
  42    6.0562     0.001446     0.000409   -14.785973    -9.395841
  43    6.0774     0.055501     0.029155   -17.461375   -19.212276
  44    6.0894     0.134586     0.081126   265.520299    61.039501
  45    6.1104     0.134498     0.062425     2.037212    -8.502226
  46    6.1159     0.066840     0.027968  -190.152076   -78.573154
  47    6.2011     0.038395     0.026695   -44.292519   -48.089834
  48    6.2012     0.175941     0.112452    37.420541    59.553925
  49    6.2122     0.053444     0.018517   -73.726932   -44.381146
  50    6.2369     0.067395     0.047507    -0.196838     3.568029
  51    6.2447     0.049743     0.035564    42.790752    27.973421
  52    6.2764     0.008567     0.006261    13.655845     8.970367
  53    6.2803     0.009213     0.002953    -5.315617     2.766367
  54    6.2891     0.114342     0.066186    78.709038    68.785494
  55    6.3058     0.067442     0.041386   -88.497462   -43.895966
  56    6.3242     0.025090     0.028147    43.344758    57.612335
  57    6.3350     0.016460     0.012515    22.707409    12.002108
  58    6.3565     0.003800     0.001733   -21.434183    -7.174034
  59    6.3947     0.003224     0.044433   -41.880277   -41.428815
  60    6.4331     0.002959     0.013260     5.550721     1.463631
  61    6.4429     0.229487     0.148737    34.398851    16.731787
  62    6.4812     0.125140     0.076707   -39.037318   -21.668904
  63    6.4970     0.034734     0.020308    86.208395    55.359476
  64    6.5059     0.089613     0.061960    54.153645    39.407675
  65    6.5098     0.205551     0.131848  -104.930196   -75.240185
  66    6.5164     0.001402     0.001401     3.702983    -0.467816
  67    6.5278     0.009511     0.010502   -18.773842    -3.885501
  68    6.5510     0.031146     0.019251   -14.822604   -16.086760
  69    6.5556     0.023405     0.012999    67.860738    48.961112
  70    6.5661     0.044355     0.018036    -6.196618    -1.891146
  71    6.5923     0.456654     0.281620   -61.377662   -36.916728
  72    6.6056     0.188538     0.120937    -5.518204    -4.703766
  73    6.6330     0.069371     0.035097    74.568839    40.015500
  74    6.6528     0.114657     0.068064   -59.486751   -47.221566
  75    6.6903     0.015832     0.054045   115.573252    98.765223
  76    6.7088     0.082463     0.058954   157.093150   122.467840
  77    6.7175     0.016224     0.009977    31.058822    28.922335
  78    6.7514     0.134583     0.101749    75.702332    49.477038
  79    6.7834     0.022474     0.031121   -34.664488   -64.099860
  80    6.7932     0.063293     0.027263   -74.886477   -19.904130
  81    6.7948     0.309943     0.188131  -259.595584  -211.853525
  82    6.8073     0.036737     0.018340    31.047358    34.800076
  83    6.8250     0.066341     0.038656    31.908987    25.853946
  84    6.8411     0.001372     0.000603     2.285988     2.180779
  85    6.8494     0.072531     0.053404    27.147144    39.843189
  86    6.8873     0.004733     0.003034    -0.961123    -0.991396
  87    6.8903     0.071703     0.046332   -22.219991     9.709436
  88    6.9174     0.062521     0.045071   -79.288761   -68.733557
  89    6.9469     0.092714     0.086472   -26.508843   -27.393751
  90    6.9953     0.002825     0.001753    18.423209    12.657494
  91    6.9986     0.095324     0.037536   -29.252236   -22.149899
  92    7.0031     0.000456     0.000137    -8.143227    -3.703130
  93    7.0102     0.000556     0.052981    27.410450    10.155350
  94    7.0106     0.015393     0.010464     2.759736     5.026993
  95    7.0144     0.018508     0.009501    -3.677859   -27.316327
  96    7.0159     0.010455     0.012106   -43.420322    -0.967579
  97    7.0223     0.008913     0.020720    45.268147    72.271230
  98    7.0481     0.046916     0.013789   -40.217384   -48.595479
  99    7.0534     0.016031     0.023005    32.014984    48.244789
 100    7.0621     0.037101     0.026670    23.087002   -20.648040
 101    7.0640     0.127350     0.080636  -108.720576   -41.097434
 102    7.0841     0.002566     0.003205     8.256291     9.891426
 103    7.0980     0.005348     0.011393    11.191561    23.122828
 104    7.1033     0.004626     0.003122     3.452186     0.108778
 105    7.1326     0.004598     0.002651    20.763575    20.490796
 106    7.1365     0.004086     0.001333    -5.532155    -5.458037
 107    7.1444     0.043269     0.017571   -35.709099   -41.265868
 108    7.1498     0.007647     0.015191    -9.369782   -15.078207
 109    7.1711     0.004112     0.004701   -29.351469   -21.560342
 110    7.2012     0.056881     0.035144  -122.498214  -111.428976
 111    7.2066     0.022786     0.012055    11.341057     1.706671
 112    7.2257     0.004771     0.005725    -6.005722   -18.619539
 113    7.2298     0.001928     0.000961     3.142076    -0.003350
 114    7.2356     0.151455     0.116255   -70.758421   -56.304504
 115    7.2417     0.014498     0.022059   -17.217719   -30.534400
 116    7.2595     0.155173     0.061884    97.902846    41.794851
 117    7.2675     0.045120     0.010296    55.201568   -10.129176
 118    7.2859     0.082332     0.047249     0.148038    -6.537488
 119    7.2957     0.014007     0.013233   -10.898161     0.115443
 120    7.3162     0.000311     0.003863    -3.762418    -3.589534
 121    7.3392     0.021938     0.016692    14.637773     7.350341
 122    7.3446     0.020220     0.012309    18.820182    24.730418
 123    7.3539     0.082430     0.051567    10.334062     7.405937
 124    7.3641     0.030655     0.024019    -3.566998   -10.933526
 125    7.3756     0.003110     0.001080     9.771199    11.052523
 126    7.3822     0.075566     0.046839  -119.877766   -82.195991
 127    7.3923     0.023460     0.035340    64.167776    70.082313
 128    7.4154     0.009452     0.002952    15.225771   -12.167610
 129    7.4166     0.010460     0.013963    47.393207   -22.264347
 130    7.4369     0.004595     0.001039    -5.161138    -2.780443
 131    7.4434     0.000154     0.000135    -1.892772    -2.267282
 132    7.4464     0.003450     0.001296    -5.199239    -0.147704
 133    7.4523     0.016903     0.004225    24.558697     7.433539
 134    7.4601     0.003487     0.002597   -19.942172   -15.525335
 135    7.4631     0.069138     0.037297    97.629987    59.001515
 136    7.4727     0.035344     0.014955   -61.012854   -25.416491
 137    7.4821     0.011344     0.004929    25.001165    52.530262
 138    7.4932     0.003843     0.021934     0.398130    42.829358
 139    7.5100     0.030364     0.045353    -1.045859   -68.738018
 140    7.5208     0.143489     0.079462    44.111555    14.178626
 141    7.5477     0.269131     0.183749   -34.329164    19.992009
 142    7.5513     0.004194     0.001133    20.106544     7.085142
 143    7.5902     0.031525     0.021676     8.203187    16.961472
 144    7.6039     0.003702     0.002994    14.665625    10.273691
 145    7.6113     0.002463     0.007339     2.541278     2.803615
 146    7.6131     0.008267     0.014413     2.979209     5.463746
 147    7.6158     0.003573     0.004199     3.991524     9.631758
 148    7.6278     0.002079     0.002519    -4.470666    11.031847
 149    7.6347     0.008634     0.006728   -16.269069   -26.172112
 150    7.6414     0.115105     0.056930    22.313300    23.406736
 151    7.6552     0.104113     0.065874   -13.748908    -5.040057
 152    7.6610     0.002001     0.001151     5.570384     4.621890
 153    7.6646     0.029101     0.021675   108.771916    93.555371
 154    7.6805     0.010596     0.006249    66.036825    49.292311
 155    7.6939     0.087581     0.062026  -196.568311  -156.725446
 156    7.6973     0.023528     0.005885    19.289293    13.678394
 157    7.6998     0.004217     0.009814    -5.415286   -11.670490
 158    7.7071     0.073709     0.042137   -23.502356    -5.743826
 159    7.7227     0.063542     0.037820    29.558834    15.497902
 160    7.7500     0.100691     0.049827   -51.036672   -11.181724
 161    7.7563     0.009477     0.016236    16.160587    28.307323
 162    7.7688     0.022348     0.020473    20.193628    25.090363
 163    7.7738     0.008518     0.009253     0.986403    -0.974931
 164    7.7943     0.012047     0.027637    12.970998    21.920639
 165    7.8025     0.040956     0.035952    -6.385147   -13.543550
 166    7.8145     0.089521     0.040404   -25.978800   -17.478027
 167    7.8288     0.020531     0.011539   -20.779750   -14.242041
 168    7.8562     0.010164     0.007679     4.533925     0.359146
 169    7.8663     0.051080     0.040346   -12.491789   -12.640459
 170    7.8692     0.001179     0.006488     2.391628     7.591753
 171    7.8799     0.011382     0.029864    31.274059    17.896348
 172    7.8903     0.028260     0.027928  -106.427601   -98.146857
 173    7.8919     0.023382     0.022079     5.358172    27.402284
 174    7.8934     0.019969     0.013545   -12.115991    -7.990618
 175    7.8975     0.021964     0.016332    14.991452    15.369954
 176    7.9003     0.012690     0.011490   -41.808993   -37.011798
 177    7.9102     0.056098     0.066534    89.009326    90.814572
 178    7.9137     0.003074     0.002682   -38.535435   -36.195292
 179    7.9258     0.001911     0.012271    18.129688     2.679804
 180    7.9290     0.070129     0.034049   -50.087222   -47.441628
 181    7.9353     0.013601     0.020201    21.431292    13.621212
 182    7.9368     0.007224     0.003115    24.756472   -15.307268
 183    7.9431     0.018648     0.008058     7.469720    10.657698
 184    7.9495     0.009761     0.030638    29.528019    38.731306
 185    7.9542     0.000992     0.052742   -13.270225    17.453399
 186    7.9579     0.048783     0.015758   -33.055387   -17.109207
 187    7.9667     0.041183     0.021632   -16.914309   -12.900603
 188    7.9770     0.002752     0.002930     1.976149     1.025838
 189    7.9806     0.042209     0.026061   -22.956103    -5.683847
 190    7.9831     0.003746     0.023284     0.142909    -4.954580
 191    7.9900     0.087004     0.081946   -32.767468   -32.523816
 192    7.9952     0.027050     0.021526    60.236737    46.906628
 193    8.0058     0.004699     0.016426     4.964437     7.976770
 194    8.0111     0.101197     0.039415    43.206582     7.339715
 195    8.0277     0.053171     0.032305    82.475190    68.500395
 196    8.0384     0.029617     0.012720    24.133337    13.966157
 197    8.0600     0.047892     0.021519   -68.563384   -47.180659
 198    8.0616     0.007386     0.005001   -23.715723   -16.282965
 199    8.0658     0.027726     0.029001    38.989532    31.498828
 200    8.0784     0.018117     0.011109   -42.959660   -28.851684
 201    8.0931     0.005265     0.016500    -3.426034    -8.270326
 202    8.0954     0.000586     0.001523     1.894858    -0.307673
 203    8.1023     0.001212     0.000023    -6.613035    -1.311879
 204    8.1069     0.041554     0.048818    14.566915    22.573634
 205    8.1124     0.005385     0.009121    42.233711   -23.513584
 206    8.1147     0.001072     0.164347    31.950947    41.067266
 207    8.1167     0.001885     0.001008    -4.416099     4.980164
 208    8.1338     0.010116     0.012237    14.077182    22.931137
 209    8.1434     0.038839     0.018063   -18.353424   -14.034378
 210    8.1449     0.004315     0.005642     2.744926    -1.048008
 211    8.1488     0.005703     0.004668   -11.752816    -8.489998
 212    8.1582     0.006658     0.017415   -15.603759   -33.777250
 213    8.1592     0.039204     0.034601    -4.708315   -10.133156
 214    8.1654     0.004405     0.003408     4.504882     6.354633
 215    8.1665     0.010758     0.006088   -14.505040   -13.231086
 216    8.1861     0.002799     0.010114    -3.289205     4.491948
 217    8.1895     0.001256     0.056632   -47.276229   -24.079024
 218    8.1943     0.004841     0.038206    55.110921    32.324312
 219    8.1991     0.003563     0.004345     2.176232    -5.628769
 220    8.2202     0.020393     0.015837     8.988518    14.017425
 221    8.2260     0.010263     0.004535    -6.610509     0.461738
 222    8.2334     0.001999     0.007653    16.642251    -3.383652
 223    8.2436     0.003950     0.005428   -10.622598     2.301073
 224    8.2489     0.004964     0.005936    11.971418    -2.154157
 225    8.2605     0.051472     0.059051    -8.123838   -20.753804
 226    8.2623     0.012708     0.018794    26.903420    27.869382
 227    8.2740     0.019057     0.021970    -4.139646   -11.475453
 228    8.2798     0.029159     0.034827     2.215268    -5.268739
 229    8.2929     0.007734     0.047300    44.484091    98.132920
 230    8.2988     0.026339     0.017513    -1.697099     6.584081
 231    8.3030     0.002104     0.003758    -6.834198     5.137736
 232    8.3061     0.020066     0.024699   -12.962039    -6.557426
 233    8.3106     0.024870     0.017352   -41.304682   -36.460055
 234    8.3232     0.034863     0.025175    30.993623    11.471132
 235    8.3281     0.029777     0.013151    -0.479365     4.956688
 236    8.3527     0.067771     0.041676    11.193910    11.847381
 237    8.3547     0.005534     0.003383   -12.454171    -9.763432
 238    8.3565     0.016859     0.009661    19.311081    17.140658
 239    8.3587     0.053318     0.037053     5.721197     4.148430
 240    8.3764     0.009103     0.008459   -10.831745   -11.221202
 241    8.3850     0.044212     0.029333    -4.031324    -0.830991
 242    8.3881     0.051840     0.029534   -20.115517   -16.829460
 243    8.3919     0.037178     0.029473   -16.227308    -6.720798
 244    8.4054     0.007740     0.004269     0.432351    -1.158031
 245    8.4092     0.009084     0.003953     8.342832     4.068118
 246    8.4149     0.032968     0.008911    10.727662     6.544137
 247    8.4217     0.001493     0.006225     1.575979     1.024638
 248    8.4298     0.010755     0.001710   -13.314396    -8.563441
 249    8.4340     0.000974     0.008128    -5.675493    -7.022057
 250    8.4354     0.007914     0.037130    13.104022    12.883766
 251    8.4374     0.008118     0.006373    13.724546    11.227884
 252    8.4406     0.008772     0.007115     2.344039   -16.989491
 253    8.4447     0.003273     0.003212     9.534672    10.936131
 254    8.4597     0.021702     0.012460    -8.540314    -0.613659
 255    8.4661     0.015015     0.013755     0.382886     4.829228
 256    8.4703     0.039058     0.025642   -34.931990   -27.161639
 257    8.4763     0.004697     0.012897    -7.413208   -13.600963
 258    8.4878     0.078005     0.029189   -14.755053   -14.510688
 259    8.4915     0.001503     0.000571    -0.496332    -3.835695
 260    8.5013     0.004754     0.009926    -9.781662    -3.966662
 261    8.5043     0.013834     0.012302    -2.774750    -5.408829
 262    8.5208     0.015021     0.008889    31.587980    23.635312
 263    8.5238     0.003548     0.002372     5.213463     3.986907
 264    8.5287     0.028474     0.015920     6.866436     3.175969
 265    8.5439     0.001673     0.003212     2.690157     1.417420
 266    8.5583     0.029132     0.026168    -9.881027    -0.156081
 267    8.5687     0.006805     0.018244    -8.935078   -31.466182
 268    8.5696     0.002711     0.001712    -0.166397    -0.400974
 269    8.5747     0.014580     0.005281    23.490674     5.250087
 270    8.5828     0.067826     0.041894    53.812498    42.835026
 271    8.5891     0.071580     0.031789   -55.488471   -32.765322
 272    8.5935     0.022642     0.015478    -6.786177    -5.666451
 273    8.6050     0.024954     0.012658     7.537388     7.541813
 274    8.6167     0.059321     0.040272    33.883749    25.060179
 275    8.6260     0.004034     0.002886     2.838579     2.474007
 276    8.6308     0.006514     0.002458    43.127905    23.703678
 277    8.6316     0.029899     0.014708   -22.518114    -7.720905
 278    8.6354     0.011884     0.014238    22.186952     6.780539
 279    8.6419     0.001499     0.000633    -1.675122    -0.799142
 280    8.6471     0.001086     0.001628    -3.890451    -1.860192
 281    8.6569     0.020381     0.024477    25.920616    28.207943
 282    8.6594     0.011257     0.005910     3.030314     1.623971
 283    8.6616     0.087079     0.061130    42.327146    41.995941
 284    8.6624     0.025554     0.009839    -8.202108    24.847056
 285    8.6698     0.020821     0.014471   -99.024670   -54.897743
 286    8.6764     0.039614     0.023778    30.719535    27.099797
 287    8.6864     0.005036     0.014650   -20.172149   -59.640975
 288    8.6901     0.015761     0.019810   -38.044462    15.580426
 289    8.6939     0.025150     0.013296    24.387258    -3.885859
 290    8.6975     0.006133     0.023293   -32.245043    -9.599808
 291    8.7035     0.004115     0.021686   -22.532967   -28.273081
 292    8.7057     0.028711     0.026208   -48.908840    -9.694933
 293    8.7104     0.064082     0.038651    26.491390    16.805191
 294    8.7129     0.016994     0.011586   -44.320003   -32.538851
 295    8.7261     0.088424     0.061969    42.046100     4.730625
 296    8.7311     0.016106     0.010696    24.867762    20.345655
 297    8.7355     0.007136     0.006086    -9.404537    -5.854963
 298    8.7430     0.014105     0.014646     2.699957     4.857928
 299    8.7483     0.005880     0.006703    17.998645    15.923377
 300    8.7510     0.004729     0.007133    -0.711817    15.892899
 301    8.7525     0.024963     0.010974    15.797256     4.720530
 302    8.7564     0.004882     0.001786    14.650761     3.876977
 303    8.7636     0.002453     0.005330     4.264302     8.914709
 304    8.7653     0.012986     0.011437    -5.697459    -7.918068
 305    8.7723     0.006173     0.002548     8.074406     5.069967
 306    8.7731     0.001382     0.005153     4.855555    -3.433307
 307    8.7772     0.005044     0.011019     2.053347     2.286430
 308    8.7806     0.018024     0.010592    15.519952    22.467380
 309    8.7865     0.007436     0.009434    12.585270    15.142677
 310    8.7893     0.029621     0.030490   -58.711805   -57.348408
 311    8.7935     0.004663     0.001684     3.580355     3.233011
 312    8.7976     0.009059     0.005538     2.213188     6.385117
 313    8.8024     0.002875     0.026519    19.875316     3.687588
 314    8.8054     0.020530     0.016832    27.238328    32.007420
 315    8.8156     0.023904     0.016065     8.691510     4.375947
 316    8.8173     0.042962     0.027763   -54.077928   -39.616059
 317    8.8228     0.018257     0.023369   -33.998357   -23.540471
 318    8.8313     0.020025     0.016464    13.437704     4.218068
 319    8.8398     0.002811     0.001992     4.368617     3.219709
 320    8.8478     0.010267     0.008998    10.462862    -8.623926
 321    8.8567     0.000326     0.003709     2.060705    -2.458115
 322    8.8594     0.008781     0.002673    17.824263     8.456682
 323    8.8629     0.005565     0.003738    19.705909     5.854893
 324    8.8636     0.004175     0.006471     7.607202    -3.424606
 325    8.8692     0.000072     0.000024    -0.000530    -0.011254
 326    8.8834     0.014414     0.023878   -31.957655    -4.616607
 327    8.8906     0.000728     0.001649     2.808323    -5.737831
 328    8.8919     0.001340     0.009286    10.108589    34.157661
 329    8.8959     0.011935     0.004998    13.820413     4.010614
 330    8.8979     0.003359     0.007931    23.729666   -10.165886
 331    8.9057     0.015611     0.015522    -5.226348    -5.929081
 332    8.9099     0.002109     0.005404    -2.171439    -1.159658
 333    8.9137     0.006009     0.006381    -2.910235    -3.128479
 334    8.9155     0.008357     0.002086     4.122066     2.293765
 335    8.9257     0.007244     0.007574    -8.670495    -6.883930
 336    8.9319     0.002173     0.003203     4.822577     5.361492
 337    8.9361     0.000473     0.003373    -3.747997   -10.061248
 338    8.9413     0.005015     0.001251    -3.151147    -0.965912
 339    8.9469     0.036272     0.012501   -12.486293    -5.470025
 340    8.9514     0.007682     0.008798     1.641055    -4.281129
 341    8.9618     0.005648     0.001076    -4.124553    -0.844606
 342    8.9722     0.001769     0.001100    -1.591715     1.235776
 343    8.9759     0.005474     0.002195    -7.012030    -4.809700
 344    8.9782     0.007498     0.004449    -7.711908    -1.914760
 345    8.9905     0.023894     0.022277    -4.931581    -4.257315
 346    8.9962     0.008228     0.001522     5.203027     0.061171
 347    9.0050     0.017147     0.006421     3.869387     2.406777
 348    9.0090     0.006941     0.001933    -8.938693    -3.985463
 349    9.0111     0.001265     0.000097     1.666173     0.422168
 350    9.0141     0.020387     0.009347     4.912694     9.083643
 351    9.0251     0.027735     0.017754     2.372358     0.430206
 352    9.0269     0.010212     0.001900    -2.712599    -6.196222
 353    9.0311     0.001350     0.000629    -5.205734    -4.428620
 354    9.0321     0.000413     0.001361    -3.003004    -6.482049
 355    9.0390     0.001396     0.002919    -5.152959    -8.379437
 356    9.0446     0.009802     0.007468     3.782671     2.003550
 357    9.0492     0.004469     0.001771     0.038747    -3.062031
 358    9.0507     0.000944     0.000329    -0.971055     1.511225
 359    9.0547     0.006602     0.010560     0.578883     1.192433
 360    9.0642     0.005252     0.001248    -0.288098    -0.870435
 361    9.0670     0.002676     0.001060     3.544659     1.535043
 362    9.0749     0.008975     0.007125    -2.745835    -6.689029
 363    9.0810     0.003822     0.002178     1.588695     1.694593
 364    9.0830     0.000683     0.000141    -0.696061    -0.299948
 365    9.0870     0.008042     0.004806    10.688710     5.252534
 366    9.0917     0.007453     0.004228     7.467704     3.174470
 367    9.0944     0.001126     0.005724     1.299265    -2.658810
 368    9.0957     0.016208     0.011675   -19.894794    -5.448451
 369    9.1056     0.012235     0.019278    16.755279    -2.478400
 370    9.1109     0.007110     0.006488    -0.739538     0.074598
 371    9.1199     0.004328     0.010951    -5.974887    19.138262
 372    9.1237     0.001317     0.003389    -8.644805   -24.606597
 373    9.1330     0.002382     0.002864     1.654835     2.241398
 374    9.1367     0.000980     0.003348    -8.046069     8.796574
 375    9.1403     0.004022     0.000443   -10.042307    -4.254187
 376    9.1433     0.001549     0.002030    -6.626023    -4.017532
 377    9.1549     0.001711     0.002941     9.365058     8.587818
 378    9.1584     0.001347     0.001287    -0.492973     1.204433
 379    9.1637     0.007138     0.006613    16.457254     5.992683
 380    9.1721     0.000549     0.000379     1.974664     1.413493
 381    9.1750     0.001718     0.001143    -2.299077    -1.283231
 382    9.1772     0.011050     0.008668    10.419538     8.154437
 383    9.1831     0.000339     0.000098    -0.949887    -0.146153
 384    9.1885     0.004250     0.016252    -1.615601     1.541004
 385    9.1983     0.010902     0.008429    -1.638298    -3.993327
 386    9.2063     0.003532     0.001064    -3.680869    -2.889083
 387    9.2105     0.002567     0.004027    -8.033999    -9.212815
 388    9.2141     0.002504     0.002877    -4.254287     1.555542
 389    9.2176     0.000636     0.000306    -1.257558    -0.263255
 390    9.2291     0.010912     0.009374     6.576628    -0.876448
 391    9.2349     0.014492     0.030753    -4.162296    -8.875544
 392    9.2473     0.001187     0.007790     1.977272     1.520165
 393    9.2498     0.003185     0.007863    -5.967877     1.091993
 394    9.2567     0.015371     0.007203    27.715906    19.309537
 395    9.2643     0.001476     0.001454     6.501027     4.930362
 396    9.2696     0.000596     0.004150    -0.615413    -9.266419
 397    9.2749     0.005191     0.001809    -6.134343    -2.523288
 398    9.2884     0.000499     0.000767    -4.785494     0.247102
 399    9.3005     0.021624     0.016927     4.277100    10.136771
 400    9.3066     0.022202     0.011181   -11.090609    -8.783375
 401    9.3121     0.006563     0.005514     9.801871    14.503449
 402    9.3136     0.006932     0.003714    -6.856089    -6.837075
 403    9.3161     0.000414     0.000208     0.205867     0.142054
 404    9.3217     0.018526     0.013382   -24.441159   -14.787943
 405    9.3244     0.006011     0.008003    -3.844767    -9.589078
 406    9.3307     0.002214     0.001051   -11.122912    -3.941422
 407    9.3352     0.000887     0.000393     1.344286     0.497875
 408    9.3423     0.003740     0.000329    15.333453    -0.030256
 409    9.3533     0.005359     0.002979   -18.374578   -14.977368
 410    9.3592     0.002308     0.006312   -10.281432   -10.947373
 411    9.3652     0.002509     0.000839    -3.546887    -0.214956
 412    9.3680     0.000098     0.000376     2.384512     0.250037
 413    9.3732     0.005206     0.007658    15.570563    14.567983
 414    9.3790     0.001000     0.000239    -1.634058    -0.723680
 415    9.3818     0.000738     0.000846    -1.597559    -1.836593
 416    9.3829     0.000875     0.000071    -2.087459     0.458668
 417    9.3948     0.000983     0.000467    -3.773893    -2.420980
 418    9.3960     0.015130     0.013183   -10.623913    -5.107990
 419    9.4021     0.013804     0.008397    -8.895494   -10.633696
 420    9.4082     0.004288     0.002113    16.808410     0.121345
 421    9.4132     0.002113     0.001830    -5.339114    -1.146588
 422    9.4134     0.000823     0.001519     0.287698     3.257549
 423    9.4166     0.003032     0.001560    -3.982382    -0.877522
 424    9.4215     0.003796     0.001845     0.193944     4.514996
 425    9.4252     0.014357     0.012862    -8.092428    -4.664639
 426    9.4309     0.000951     0.001393     0.342213    -1.381878
 427    9.4314     0.003824     0.002012    10.130318     5.514196
 428    9.4379     0.001533     0.004660     5.300940     6.121644
 429    9.4414     0.000892     0.002065    -0.944355    -2.072833
 430    9.4437     0.000332     0.000495    -0.537559    -0.656162
 431    9.4490     0.005321     0.002847    17.119545    10.585703
 432    9.4535     0.001953     0.002660     1.525749     5.145591
 433    9.4570     0.015615     0.011734   -12.030787    -9.565444
 434    9.4611     0.002556     0.002246     3.310898    -1.457829
 435    9.4674     0.001879     0.001928    -2.058377    -9.836127
 436    9.4743     0.006295     0.002097    -4.822174    -1.362193
 437    9.4830     0.010189     0.010129   -12.717448    -8.269826
 438    9.4879     0.003756     0.004486    -2.691398    -5.508943
 439    9.4899     0.018211     0.026334    -5.115266    -5.997167
 440    9.4911     0.004104     0.003877    14.858229    14.473058
 441    9.4963     0.008985     0.001762   -13.372933    -7.599440
 442    9.4983     0.006558     0.005485   -17.534890    -2.715832
 443    9.5033     0.005707     0.003226    11.804736     9.391008
 444    9.5055     0.003551     0.007954     3.165589    -6.940635
 445    9.5062     0.001896     0.001260     2.620553     4.035535
 446    9.5069     0.000991     0.001002     1.357721     1.200776
 447    9.5142     0.003709     0.001955     4.000359     0.215836
 448    9.5224     0.001645     0.000988     3.147595     1.823252
 449    9.5251     0.004863     0.002265   -11.782230    -4.568463
 450    9.5269     0.011470     0.005955    -8.468963   -10.313184
 451    9.5354     0.003333     0.002166    -4.205680    -6.084141
 452    9.5379     0.016551     0.015213    -1.811404     5.069635
 453    9.5426     0.002636     0.001027    -3.507176     0.608799
 454    9.5445     0.000217     0.002701    -0.852145   -11.725716
 455    9.5533     0.009208     0.005116     9.772682     1.001751
 456    9.5552     0.002452     0.005053    -1.508888    -9.499422
 457    9.5600     0.001655     0.000145     0.454515    -1.173599
 458    9.5617     0.001628     0.002972    -3.062358    -3.545430
 459    9.5679     0.007567     0.004510     1.933904     3.939663
 460    9.5701     0.001204     0.000503     3.548007     1.626298
 461    9.5722     0.005739     0.004571     6.735899     2.434753
 462    9.5830     0.001852     0.003189    -5.216043    -3.289010
 463    9.5916     0.001382     0.001367    -6.667860     2.203114
 464    9.5933     0.001621     0.001309     0.548978    -3.523269
 465    9.6010     0.011386     0.005859   -32.489804   -13.026446
 466    9.6039     0.001544     0.001367    17.218338     1.139957
 467    9.6094     0.009282     0.010384    21.639213    18.464839
 468    9.6180     0.000580     0.000848     1.580952     2.983367
 469    9.6206     0.001937     0.000540     0.721554    -0.867511
 470    9.6305     0.002061     0.002501     0.273556     2.702896
 471    9.6328     0.014977     0.004730    -5.277540    -4.322738
 472    9.6352     0.002115     0.002932     0.496390     0.346007
 473    9.6382     0.001109     0.009220     4.124355   -12.289108
 474    9.6393     0.001472     0.001724     2.319970     3.957275
 475    9.6493     0.001402     0.002956     2.809631     2.011973
 476    9.6562     0.004839     0.003502    -8.868608    -6.857214
 477    9.6661     0.002255     0.005646     9.757040    16.736439
 478    9.6682     0.000282     0.002582    -1.597877    -3.956037
 479    9.6740     0.006343     0.006507    14.890346     7.911272
 480    9.6786     0.013508     0.004787   -20.388884   -19.352609
 481    9.6828     0.000184     0.000148    -0.836787     0.143376
 482    9.6830     0.000354     0.000077    -4.785508    -1.772074
 483    9.6907     0.005952     0.006110     8.967996    13.845267
 484    9.6951     0.001709     0.000438    -0.559051     0.492431
 485    9.6976     0.004970     0.007527     6.771445     1.055544
 486    9.7015     0.001976     0.001198    -0.863127     2.644177
 487    9.7023     0.002152     0.006005    -4.618286    -6.462605
 488    9.7102     0.000259     0.001420     2.481742    -2.417229
 489    9.7105     0.000308     0.000119    -0.058559    -0.026854
 490    9.7151     0.009467     0.005165    -9.534511    -7.782690
 491    9.7223     0.000303     0.001468     0.496827    -5.697766
 492    9.7255     0.002746     0.004482     0.379345    -0.752985
 493    9.7304     0.013216     0.008376    15.662441    12.757681
 494    9.7345     0.003124     0.006529     2.299147     3.703369
 495    9.7382     0.001093     0.000500    -5.346859    -0.380164
 496    9.7394     0.001316     0.000654     5.717655     2.264676
 497    9.7440     0.001991     0.008709   -15.125599     0.184355
 498    9.7480     0.007885     0.010824    21.728414    28.046294
 499    9.7600     0.001154     0.000020     5.783987     0.798443
 500    9.7641     0.000407     0.004655    -2.045396     3.600135
 501    9.7678     0.000221     0.003190     0.634504     3.181590
 502    9.7699     0.007507     0.007814    14.308204    11.117939
 503    9.7729     0.008372     0.005426    -8.028783     4.133411
 504    9.7794     0.000842     0.001473     1.726455     1.903096
 505    9.7826     0.007376     0.008490   -16.562766   -33.633930
 506    9.7866     0.000821     0.002752    -6.068783   -12.215679
 507    9.7943     0.000858     0.000546    -0.650890     0.298256
 508    9.7955     0.000436     0.001158    -2.151578    -5.457836
 509    9.7968     0.000363     0.001421    -1.700516    -4.277872
 510    9.7998     0.000531     0.000503     0.231774    -1.029606
 511    9.8044     0.005157     0.003465     1.313808     0.272581
 512    9.8088     0.003406     0.002074    10.430384     5.023714
 513    9.8116     0.003589     0.003526    -0.423732     1.032397
 514    9.8149     0.001014     0.000829     0.876938    -0.399263
 515    9.8222     0.002101     0.002656    -4.873675     0.027811
 516    9.8241     0.000226     0.000041     1.350684     0.202179
 517    9.8296     0.003883     0.002334     9.599237     8.176741
 518    9.8319     0.003526     0.004807    -3.609353     9.258904
 519    9.8400     0.001704     0.001196     6.889304    -8.420725
 520    9.8414     0.001267     0.004596    -3.703405     9.722749
 521    9.8460     0.010232     0.005243    -8.837629    -7.474709
 522    9.8546     0.004530     0.001171    -1.365074    -0.708418
 523    9.8581     0.002633     0.000926     1.924196     3.335496
 524    9.8620     0.000168     0.000296     0.650610     0.786998
 525    9.8664     0.006636     0.013127    -4.258856     4.760504
 526    9.8706     0.014476     0.025069     5.617831     1.550580
 527    9.8734     0.005673     0.019510    12.898257    16.015810
 528    9.8812     0.001002     0.002574     1.465706    -2.035662
 529    9.8845     0.007922     0.000712   -17.204727    -1.465933
 530    9.8865     0.001446     0.005945    -1.138366    -7.716035
 531    9.8898     0.000024     0.000005     0.228271     0.066747
 532    9.8914     0.001117     0.000838     7.649682    -1.027622
 533    9.8934     0.001055     0.005217    -0.302821    -2.988917
 534    9.8950     0.002350     0.002172     7.750553     3.906747
 535    9.9073     0.005103     0.002616     3.235971     2.699774
 536    9.9106     0.004753     0.002793     0.378879    -0.789046
 537    9.9121     0.002979     0.006556     8.989704    16.913335
 538    9.9219     0.000414     0.002864     2.444041     8.036080
 539    9.9291     0.000588     0.001329    -0.382979    -0.834282
 540    9.9319     0.002410     0.000664    -0.981887     0.844448
 541    9.9343     0.009272     0.011716    32.722679    35.199861
 542    9.9382     0.001441     0.001990    -2.805353    -2.052219
 543    9.9395     0.000415     0.003169     1.187701    -3.489946
 544    9.9469     0.001856     0.001736    -0.778095    -1.536499
 545    9.9487     0.001507     0.002180     8.114078     3.959207
 546    9.9547     0.001943     0.000781    -0.377927    -0.046792
 547    9.9549     0.003242     0.001108    -5.808542    -4.180247
 548    9.9601     0.001804     0.001347    -4.666468    -3.380079
 549    9.9709     0.000435     0.005062     1.599091     9.970182
 550    9.9774     0.007582     0.002959    10.553069     9.199946
 551    9.9805     0.009446     0.019733    -4.895581   -21.007167
 552    9.9868     0.003070     0.003465    -4.209503     0.136711
 553    9.9905     0.000968     0.002246    -2.380431    -2.350620
 554    9.9914     0.000308     0.000878    -2.457861    -3.625419
 555    9.9952     0.005008     0.002516    -3.466047    -2.285036
 556   10.0000     0.005369     0.003721     6.353686    -8.552788
