           2           1   1.01840281647904     
           3           1  7.232316063611812E-003
           3           2   1.58744704666387     
           4           1  1.403416782896293E-002
           4           2  1.668008962327851E-002
           4           3   1.16209559454799     
           5           2  2.478035080389173E-002
           5           3  2.556212470394584E-002
           5           4   1.24191292144724     
           6           2  8.031695691766609E-003
           6           3  1.535701742833555E-002
           6           4  4.271264960813266E-002
           6           5   1.03515018787318     
           7           2  2.648086175602523E-003
           7           4  1.428158836658480E-002
           7           5  1.579239416914323E-002
           7           6   1.32512560819546     
           8           2  2.261225641114213E-003
           8           4  9.738519629614494E-003
           8           5  1.196818583057608E-002
           8           6  7.478522664601088E-003
           8           7   1.47811077085449     
           9           2  6.059775383988734E-003
           9           3  2.441408794507660E-003
           9           4  2.341316697010925E-002
           9           5  1.091179444097874E-002
           9           6  6.381318488490681E-002
           9           7  8.724946781287185E-003
           9           8   1.37597646290443     
          10           4  4.414653253996037E-003
          10           5  1.041169473182867E-002
          10           6  4.525318083052610E-003
          10           7  8.926881811706147E-002
          10           8  2.518093679072798E-003
          10           9   1.38496680005970     
          11           2  3.595972969516054E-003
          11           3  2.315585255316387E-003
          11           4  2.150258544601139E-002
          11           5  1.597455775227911E-002
          11           6   1.25936599221897     
          11           7  7.308067038748238E-003
          11           8  8.371207539145738E-002
          11           9  1.152023351682627E-002
          11          10   1.46305088039163     
          12           5  4.934674976642957E-003
          12           6  4.130789105833870E-003
          12           7  8.955101375247332E-003
          12           9  1.266722613751025E-002
          12          10  4.824290906918220E-003
          12          11  0.962026330300060     
          13           4  3.006971733622492E-003
          13           5  2.374272154135750E-003
          13           6  3.559707926926873E-003
          13           8  2.475938022701239E-003
          13          10  1.197923196298004E-002
          13          11  4.574940102035970E-003
          13          12  0.948968037347775     
          14          11  7.286998113717418E-003
          14          12  3.930051071824851E-003
          14          13   1.40683212105868     
          15          12  1.158597488766984E-002
          15          13  2.231523349904725E-003
          15          14   1.44553415067424     
          16          13  0.108252954594988     
          16          14  2.306136387840636E-003
          16          15   1.43532616431412     
          17          12  1.159663731317042E-002
          17          13  2.231583681095484E-003
          17          14  0.110457224530952     
          17          15  2.002605027408197E-003
          17          16   1.43560876204057     
          18          10  2.094899137284437E-003
          18          11  4.039083258764569E-003
          18          12  3.943137289073099E-003
          18          13   1.40704014409831     
          18          14  3.010507942252864E-003
          18          15  0.110387929377543     
          18          16  2.309171296389513E-003
          18          17   1.44527149936143     
          19           6  6.453358111263010E-003
          19          10  2.509742806486329E-003
          19          11  2.400012473335878E-003
          19          12  0.980079317773024     
          19          13  2.219375927525367E-003
          19          14  8.302117792176635E-003
          19          16  3.816109041462746E-003
          19          18  8.328825553425246E-003
          20          11  1.024223182147327E-002
          20          12  4.271223564536092E-003
          20          13  2.367735831661880E-003
          20          19   1.41792202544660     
          21          12  1.182552546295699E-002
          21          19  2.193815037046917E-003
          21          20   1.43739518776257     
          22          11  3.757894216289653E-003
          22          19  0.109673852255757     
          22          20  2.295724436251290E-003
          22          21   1.44335812774421     
          23          12  1.091295657344123E-002
          23          19  2.122086220759620E-003
          23          20  0.109849172639218     
          23          21  2.011179734144000E-003
          23          22   1.43221033783921     
          24          11  7.703988220695265E-003
          24          12  3.645848335329062E-003
          24          13  7.094397593854261E-003
          24          19   1.39495702025390     
          24          20  2.843811844383674E-003
          24          21  0.111377455961336     
          24          22  2.203986316723677E-003
          24          23   1.44992230167988     
          25           2  3.482661440915237E-003
          25           3  2.050489164318547E-003
          25           4  2.152888959580252E-002
          25           5  1.600310040140760E-002
          25           6  1.719421256580568E-002
          25           7  3.466634826683768E-003
          25           8  5.125512501161618E-003
          25           9  7.978937587050086E-003
          25          10  9.732597947842639E-003
          25          11  1.235356279023250E-002
          25          12  0.961826916407565     
          25          13  4.676885501139066E-003
          25          14  4.095828220808023E-003
          25          18  7.331911083848527E-003
          25          19  2.386357338754078E-003
          25          20  1.023283705437667E-002
          25          22  3.742785835374391E-003
          25          24  7.682107926615985E-003
          26           4  4.434990060895753E-003
          26           5  1.041571296903378E-002
          26           6  3.190521224670334E-003
          26          11  9.724386570310804E-003
          26          12  4.829493429782256E-003
          26          13  1.198873356886436E-002
          26          14  2.092672824602508E-003
          26          19  2.512422210479533E-003
          26          25   1.46325887645727     
          27           2  6.136891626714676E-003
          27           3  2.721247129267766E-003
          27           4  2.353637336432935E-002
          27           5  1.096328521310863E-002
          27           6  1.749499883156002E-002
          27           7  4.552073894618558E-003
          27           8  5.014100211155855E-003
          27           9  1.427329675946450E-002
          27          11  7.999946229080398E-003
          27          12  1.266877613458069E-002
          27          25  1.158376765427181E-002
          27          26   1.38463653258649     
          28           3  2.394831956462540E-003
          28           4  9.782713783406680E-003
          28           5  1.197602400175886E-002
          28           6  3.874117754438541E-003
          28           7  2.031705269146732E-003
          28           9  5.010184674309187E-003
          28          11  5.110946510662915E-003
          28          13  2.474146044583928E-003
          28          25  8.361456585105378E-002
          28          26  2.519926958125077E-003
          28          27   1.37569726345585     
          29           2  2.973249166398875E-003
          29           3  4.783975490973392E-003
          29           4  1.431984570158345E-002
          29           5  1.582900016236034E-002
          29           6  1.687620009107186E-002
          29           7  3.173982734712104E-003
          29           8  2.033228005125020E-003
          29           9  4.556420748465038E-003
          29          11  3.478750246535304E-003
          29          12  8.953644218370149E-003
          29          25  7.337816984507686E-003
          29          26  8.917156049865493E-002
          29          27  8.788850111006765E-003
          29          28   1.47838122931532     
          30           2  7.969215349882658E-003
          30           3  7.199060745804223E-003
          30           4  4.288344905583470E-002
          30           5   1.03552675890215     
          30           6  2.510575377829068E-002
          30           7  1.687271957075468E-002
          30           8  3.876706330248217E-003
          30           9  1.749753850880559E-002
          30          10  3.180732702371104E-003
          30          11  1.719754465836148E-002
          30          12  4.134200398097272E-003
          30          13  3.546355347149281E-003
          30          19  6.456496588124481E-003
          30          25   1.25907202316548     
          30          26  4.536086983629980E-003
          30          27  6.363506316291422E-002
          30          28  7.511220779979145E-003
          30          29   1.32463418967628     
          31           2  4.405111278132062E-002
          31           3  1.850338664198764E-002
          31           4   1.16206985123683     
          31           5  2.556801169179601E-002
          31           6  7.174570571118120E-003
          31           7  4.802742478594774E-003
          31           8  2.403822265807819E-003
          31           9  2.709827744972098E-003
          31          11  2.045825990576910E-003
          31          25  2.319481857553586E-003
          31          27  2.457556859847918E-003
          31          30  1.538815760250670E-002
          32           1  9.645527429860811E-003
          32           2  8.276487507284245E-003
          32           3  4.406525141667313E-002
          32           4  1.665530668782694E-002
          32           5  2.479761203027340E-002
          32           6  7.912725326423181E-003
          32           7  2.962360499043385E-003
          32           9  6.100067120759095E-003
          32          11  3.474693841943258E-003
          32          25  3.601885253354420E-003
          32          27  6.085468741736618E-003
          32          28  2.267835835950447E-003
          32          29  2.659662840884300E-003
          32          30  8.051763756377965E-003
          32          31   1.58741867500157     
          33           2  9.647466299653006E-003
          33           4  1.403235773161310E-002
          33          31  7.232742914707999E-003
          33          32   1.01840622684350     
          34           1  5.998839400968525E-003
          34           2   1.18494324895414     
          34           3  3.863102369239884E-002
          34           4  1.407301691557346E-002
          34           5  3.390325251210089E-002
          34           6  1.970086364194900E-002
          34           7  5.473003913706509E-003
          34           8  5.845483475788118E-003
          34           9  1.540543792459636E-002
          34          10  2.467973321008342E-003
          34          11  7.415551791322090E-003
          34          13  2.283113475055647E-003
          34          25  7.429328333376238E-003
          34          26  2.485991957614753E-003
          34          27  1.548618680870592E-002
          34          28  5.864939281275026E-003
          34          29  5.494379071179846E-003
          34          30  1.980876953745264E-002
          34          31  3.865921506723050E-002
          34          32   1.18501036686263     
          34          33  5.997591731255814E-003
          35           1  1.061200733836892E-002
          35           2  3.742746446599819E-002
          35           3  4.363338080031404E-002
          35           4  2.628235153277478E-003
          35           5  4.479357597901920E-002
          35           6  6.610750233997058E-003
          35           7  5.907192148342478E-003
          35           9  7.940296684190813E-003
          35          11  6.382146145769825E-003
          35          25  6.398585663081415E-003
          35          27  7.984068313260366E-003
          35          29  5.930482695335559E-003
          35          30  6.646654989006901E-003
          35          31  4.364281706648141E-002
          35          32  3.743177653234701E-002
          35          33  1.061074798536229E-002
          35          34   1.16771205941252     
          36           1  0.965422084924339     
          36           3  1.330954533984948E-002
          36          35  4.893881901075318E-003
          37           1  0.965509781469233     
          37           3  1.311467740634748E-002
          37          35  4.384290412594223E-003
          38           1  0.978482361003540     
          38          34  8.192521424799476E-003
          39           3  0.960619916932318     
          39          29  2.037604317414386E-003
          39          31  8.539443905477383E-003
          39          34  1.108872054823069E-002
          39          35  2.951084349782967E-003
          40           7  0.968245495257274     
          40           9  1.104055007289481E-002
          40          11  9.056714480268365E-003
          41           6  1.068747052918351E-002
          41           8  0.971736967553641     
          41          10  1.040160383715288E-002
          42           7  1.017491460896062E-002
          42           9  0.973517988459862     
          42          11  9.866436524560127E-003
          43           6  1.042532207952381E-002
          43           8  1.044829300154511E-002
          43          10  0.965622245372622     
          43          24  2.144859881716745E-003
          44          14  0.966886746227184     
          44          16  1.071273851380530E-002
          44          18  9.790199160575547E-003
          45          13  1.048591481726096E-002
          45          15  0.972363561212034     
          45          17  1.065755475382101E-002
          46          14  1.062776847493114E-002
          46          16  0.972883171448186     
          46          18  1.063032877329610E-002
          47          13  1.048120607287015E-002
          47          15  1.065975412103162E-002
          47          17  0.972362485183542     
          48          11  2.032649895158480E-003
          48          14  9.797711462450030E-003
          48          16  1.070898915342878E-002
          48          18  0.966855807720380     
          49          13  3.237338697630340E-003
          49          20  0.965753316493371     
          49          22  1.057905340939468E-002
          49          24  9.989987069894065E-003
          50          19  1.039846479664409E-002
          50          21  0.972534466592571     
          50          23  1.072464437276265E-002
          51          20  1.072025499865018E-002
          51          22  0.972902224943652     
          51          24  1.055210627895302E-002
          52          19  1.060990857172019E-002
          52          21  1.058152832059889E-002
          52          23  0.972454285976717     
          53          20  9.642331755445212E-003
          53          22  1.080286687745925E-002
          53          24  0.970474558351251     
          54          24  2.153996036551802E-003
          54          26  0.965635345164225     
          54          28  1.044658009907255E-002
          54          30  1.042922114427519E-002
          55          25  9.863429644990871E-003
          55          27  0.973521824100285     
          55          29  1.017283476786100E-002
          56          26  1.040049755542282E-002
          56          28  0.971733026225580     
          56          30  1.069116195589256E-002
          57          25  9.055297294786359E-003
          57          27  1.104398570274644E-002
          57          29  0.968258977232837     
          58           3  8.545823787149114E-003
          58           7  2.051506774352349E-003
          58          31  0.960598470194475     
          58          34  1.108625826760548E-002
          58          35  2.950275848790156E-003
          59          31  1.311382397041189E-002
          59          33  0.965507815082798     
          59          35  4.391063618237876E-003
          60          31  1.330972221462615E-002
          60          33  0.965421237962976     
          60          35  4.886882199958509E-003
          61          33  0.978481834210258     
          61          34  8.192209714747965E-003
