 NM
 UV
 MMASS
   425.485600000000     
 LFAKTOR
  0.5
 RFAKTOR
  1.0
 WIDTH
  0.20
 SHIFT
  0.00
 DATXY
   1    2.0971     0.000274     0.014675    -0.305675    -4.863888
   2    3.0498     0.035213     0.008046    -7.114557    -0.959841
   3    3.3907     0.936244     0.389387   -76.084370   -47.852202
   4    3.5921     0.017080     0.003654    76.476245    34.007439
   5    3.9103     0.038980     0.003449   -15.085778    -2.417707
   6    3.9665     0.050807     0.050894    65.633854   117.168313
   7    4.0155     0.018431     0.014634     8.404757    17.355777
   8    4.0623     0.173732     0.098248    99.903721    50.031712
   9    4.1708     0.047326     0.054684    25.632660    32.479298
  10    4.1905     0.198652     0.096324  -156.523373   -91.710375
  11    4.2207     0.147198     0.062371   -63.732969   -41.436142
  12    4.2761     0.001467     0.002006    -2.122773    -1.487359
  13    4.3106     0.033062     0.037602   -43.347140   -46.054176
  14    5.0763     0.001705     0.025362    -1.823972    -6.587523
  15    5.2067     0.185858     0.119796    10.511079     8.927062
  16    5.2514     0.112914     0.069522    11.861289     9.635538
  17    5.3308     0.059707     0.030938    -2.636374    -1.304890
  18    5.3492     0.139611     0.066173    33.528489    31.295249
  19    5.5589     0.427855     0.231423   -67.243719   -65.047189
  20    5.6559     0.030023     0.026179    37.795273    59.918466
  21    5.6868     0.036979     0.015315   -44.063389   -27.791210
  22    5.6948     0.002513     0.001332     5.565950     1.018957
  23    5.7541     0.002785     0.002165    -8.137012    -7.165813
  24    5.7631     0.000597     0.000833    -5.496896    -4.439968
  25    5.8165     0.002997     0.003887    -3.100209    -1.174624
  26    5.8723     0.032797     0.032973   -13.071565   -34.046414
  27    5.9610     0.144837     0.085114   -23.186870    -4.772429
  28    6.0034     0.152130     0.068265    21.796789    38.524571
  29    6.1558     0.130371     0.073518    12.186706     8.244699
  30    6.2061     0.018321     0.006366    -1.957920     1.436895
  31    6.2158     0.042267     0.021378    -8.160644    -6.428566
  32    6.3443     0.031631     0.022084    -7.369867    -0.222990
  33    6.3926     0.000874     0.001791    -1.738611    -2.150575
  34    6.4164     0.037226     0.022432   -13.020087    -9.754981
  35    6.4629     0.034786     0.030078   -15.270654   -16.720381
  36    6.4746     0.843809     0.554224    78.449079    65.277202
  37    6.5097     0.010097     0.002825   -42.543736   -13.058394
  38    6.5884     0.006645     0.001403    -0.562122    -1.297281
  39    6.6059     0.011579     0.016397    28.365172    40.597431
  40    6.6426     0.039192     0.035670    -1.580847    -2.138031
  41    6.6624     0.211125     0.140802  -108.452166   -25.905149
  42    6.6803     0.040230     0.023008    10.927559     8.286615
  43    6.6821     0.005221     0.002970    31.181525     0.297313
  44    6.6934     0.008845     0.040990    33.362797   -42.588255
  45    6.7996     0.051746     0.032129     9.249711    11.985963
  46    6.8216     0.082263     0.056450   -28.431213   -15.621955
  47    6.8538     0.111123     0.092878    12.085600   -43.818427
  48    6.8641     0.013367     0.008758   -35.098400   -30.216482
  49    6.9105     0.054452     0.047798   -21.156819   -18.510733
  50    6.9174     0.001534     0.010141    -0.474562   -22.567844
  51    6.9407     0.190848     0.135876    56.727819    47.050388
  52    6.9532     0.022907     0.018581     0.199665    -2.376256
  53    6.9585     0.048320     0.095874    10.838406   -36.608260
  54    6.9809     0.063617     0.064920    74.014903    36.566121
  55    6.9944     0.066696     0.069859   109.026594   100.667120
  56    7.0211     0.027172     0.033322    14.303386    13.787390
  57    7.0284     0.051992     0.039623   -30.768790   -27.337258
  58    7.0446     0.281797     0.110381    46.364924    29.689694
  59    7.0506     0.015437     0.014588     2.031770    11.491228
  60    7.1090     0.069827     0.029342   -29.546027   -37.509238
  61    7.1127     0.128754     0.058466  -104.545879   -58.001704
  62    7.1353     0.206138     0.122002     9.662072    32.077556
  63    7.1461     0.063602     0.039748  -133.894960  -105.737922
  64    7.1634     0.428315     0.245120   496.242140   293.867318
  65    7.2047     0.208438     0.107893   -12.701506    -9.849814
  66    7.2102     0.028699     0.017758   -10.982435     0.624607
  67    7.2616     0.003393     0.002377    -9.228447    -6.458702
  68    7.2772     0.013451     0.000394     9.168633     2.346141
  69    7.3005     0.016943     0.011665    15.347269    12.282208
  70    7.3078     0.050858     0.029154   -32.334388   -46.183705
  71    7.3176     0.009124     0.001204    14.971952     1.619810
  72    7.3444     0.082727     0.051476   -87.408094   -98.434810
  73    7.3639     0.099318     0.060578  -142.513840  -110.989641
  74    7.3687     0.014856     0.009429     6.691854     6.216356
  75    7.3818     0.027948     0.015636    -7.163989    -4.786938
  76    7.3893     0.001968     0.002913    18.289089    14.717206
  77    7.4135     0.068027     0.045178     0.097079    -2.444125
  78    7.4517     0.022977     0.015157    -0.273019     1.562964
  79    7.4534     0.022768     0.015474   -24.141884   -22.198966
  80    7.4894     0.013443     0.010278   -25.249521   -23.703278
  81    7.4937     0.016029     0.013320   -12.589141   -32.631737
  82    7.5047     0.027693     0.011266   -43.656862   -16.215992
  83    7.5134     0.011393     0.021610    34.654737    57.233527
  84    7.5274     0.004154     0.003333     2.532587     3.165567
  85    7.5429     0.002532     0.001831     0.484360     2.685492
  86    7.5530     0.057337     0.018297    67.886604    41.119845
  87    7.5688     0.023681     0.043032     1.516307    27.308488
  88    7.5832     0.048590     0.013491  -133.938966   -70.661783
  89    7.6023     0.001525     0.002574    -3.990036    -6.682371
  90    7.6320     0.022050     0.086741    42.352331   109.245384
  91    7.6501     0.001931     0.002383    -8.481624    -3.860264
  92    7.6510     0.006683     0.015717   -15.168286    -9.558986
  93    7.6632     0.020403     0.012552    28.464251     5.990294
  94    7.6837     0.055251     0.124344  -248.303334  -249.740630
  95    7.7224     0.131907     0.106012   164.926128   211.213093
  96    7.7661     0.055882     0.076049  -116.981755   -97.491201
  97    7.8066     0.000882     0.011245    -2.608801   -23.472855
  98    7.8262     0.017767     0.001168    23.532479    -1.576411
  99    7.8555     0.006391     0.008665     5.020258    11.502867
 100    7.8876     0.015696     0.024915   -40.768398   -49.406114
 101    7.9061     0.011783     0.031727   -84.255321    13.785029
 102    7.9354     0.018496     0.007900   -33.219524    28.080925
 103    7.9421     0.009613     0.083405     6.347595     9.171453
 104    7.9557     0.019569     0.033914    26.190412    38.957359
 105    7.9746     0.009958     0.087045   -49.017875  -168.447830
 106    7.9827     0.001954     0.005941     2.028795     5.731525
 107    7.9940     0.000817     0.001059     1.569262     3.032759
 108    8.0111     0.013472     0.018714    27.541194    -0.918006
 109    8.0136     0.010090     0.021253    34.798570    40.810794
 110    8.0278     0.007048     0.030949     0.782304   -14.146359
 111    8.0552     0.047995     0.014066    53.974116    12.973782
 112    8.0855     0.005236     0.007890     8.642189    10.830754
 113    8.0895     0.037561     0.082568   100.214350   162.546878
 114    8.0930     0.005937     0.029395    -0.641276     0.321519
 115    8.1219     0.001093     0.022757    -7.609281    -7.755994
 116    8.1396     0.029000     0.022848     8.731445    15.431138
 117    8.1550     0.003077     0.009405    -7.076390   -13.818432
 118    8.1655     0.018186     0.012802   -29.134509   -18.561742
 119    8.1704     0.024041     0.026345    -2.942938    19.845391
 120    8.1909     0.003848     0.000515    10.850699    -3.536006
 121    8.2015     0.007482     0.003627     4.381377    -3.601682
 122    8.2061     0.016952     0.021360    43.498624    48.182838
 123    8.2148     0.000318     0.001020    -4.410650    -7.880940
 124    8.2308     0.013056     0.038053     0.996302     8.574982
 125    8.2686     0.049684     0.030205   -10.162078     7.905760
 126    8.2820     0.004843     0.003654   -12.947323   -17.717796
 127    8.2928     0.003864     0.000220     0.192396    -0.718718
 128    8.3195     0.001536     0.002243    -3.069062     4.682999
 129    8.3489     0.017792     0.006490    -9.017411    -5.404061
 130    8.3570     0.007974     0.002347    -0.722322     3.355424
 131    8.3687     0.010391     0.002553    16.640181     8.458113
 132    8.3930     0.000059     0.000240     0.994428    -0.984439
 133    8.4062     0.001895     0.000958     0.608660    -4.802669
 134    8.4180     0.005030     0.006994    12.883544     8.846584
 135    8.4489     0.002664     0.009377   -13.069154   -12.785470
 136    8.4554     0.044788     0.017284    24.739572    14.681533
 137    8.4806     0.039895     0.028166     5.457375    -2.532512
 138    8.4898     0.006286     0.003477    -6.365184    -9.460597
 139    8.5089     0.000743     0.003092    -0.854741     4.139839
 140    8.5204     0.023234     0.013591    21.397630    17.982452
 141    8.5282     0.011270     0.014745     4.422521     1.624361
 142    8.5428     0.006658     0.008173     4.173620     0.783650
 143    8.5608     0.007638     0.019586    17.457901    21.553533
 144    8.5758     0.000902     0.003988     2.114129    -4.853562
 145    8.6010     0.001613     0.018701     1.329414     7.422628
 146    8.6154     0.009113     0.001295   -13.086979    -4.349962
 147    8.6282     0.007265     0.014195     4.751241    -7.516173
 148    8.6530     0.003878     0.004820     4.434486     6.229662
 149    8.6600     0.036612     0.035310    50.396147    54.926350
 150    8.6957     0.001971     0.008553     0.176690   -11.762534
 151    8.7080     0.006530     0.024171   -11.085300    -0.843094
 152    8.7178     0.004944     0.002610   -11.014255    -2.992642
 153    8.7341     0.001119     0.014431     0.728870   -12.857409
 154    8.7363     0.001980     0.005231    -1.076651     0.307361
 155    8.7429     0.001882     0.002684    -3.595782    -6.373910
 156    8.7541     0.001033     0.001014     2.495031     0.640311
 157    8.7696     0.002252     0.008879    14.805149    18.387215
 158    8.7957     0.002408     0.006391     5.831357     4.445909
 159    8.8051     0.000583     0.010850    -1.174771     3.019124
 160    8.8097     0.000806     0.001561    -0.737986    -2.316018
 161    8.8153     0.000217     0.000158    -0.121647    -0.300714
 162    8.8231     0.007184     0.004659    -4.979668    -5.716636
 163    8.8309     0.023213     0.016783    20.140026     9.570108
 164    8.8365     0.004844     0.007264     6.904146    27.877657
 165    8.8547     0.007434     0.007323    -5.999624    -0.712569
 166    8.8692     0.003059     0.005104    -3.613564     4.245943
 167    8.8744     0.000306     0.000185    -1.333068    -0.721342
 168    8.8787     0.007323     0.003605     1.141802     0.372887
 169    8.8882     0.002890     0.001693     1.524590     4.896723
 170    8.8944     0.004984     0.003507    -1.152198    -0.123210
 171    8.9074     0.020417     0.001841    -2.360721    -1.124241
 172    8.9209     0.009177     0.003508    16.231828    12.228078
 173    8.9488     0.001594     0.001976     1.805246     1.368088
 174    8.9652     0.000372     0.000362     2.180908    -3.790730
 175    8.9709     0.001298     0.004977   -10.694559   -19.325136
 176    8.9819     0.002038     0.003308    -0.463570     3.326433
 177    8.9831     0.011378     0.012605    -3.244690    -3.783424
 178    8.9914     0.000344     0.001271    -2.204292   -10.576956
 179    8.9998     0.003126     0.001857    28.120688   -17.243982
 180    9.0039     0.028507     0.016531     4.950309    -3.939964
 181    9.0117     0.002704     0.002213     4.904980     6.600897
 182    9.0163     0.001446     0.000322     0.332163     1.116945
 183    9.0405     0.038836     0.036556    42.524052    42.479701
 184    9.0559     0.016649     0.023155    18.231523    17.946727
 185    9.0807     0.015714     0.006514   -25.101507   -16.219689
 186    9.0851     0.035202     0.028109     6.068471    -2.405322
 187    9.0893     0.017063     0.023786   -24.046360    -6.381412
 188    9.0981     0.005765     0.003561     4.707837     1.124197
 189    9.1089     0.005618     0.009337    26.062282    30.038502
 190    9.1193     0.012822     0.011128    -9.775878    -2.998853
 191    9.1260     0.006130     0.015378     0.838187     5.935579
 192    9.1432     0.001155     0.000777    -0.985527    -0.018089
 193    9.1550     0.002346     0.004777    -5.979657    -8.910808
 194    9.1635     0.014408     0.012415     3.616652     2.914220
 195    9.1748     0.005075     0.000818   -16.390563    -3.718141
 196    9.1930     0.000453     0.000188     0.143524     0.092669
 197    9.2408     0.046015     0.024534   -34.622656   -25.428507
 198    9.2474     0.020996     0.017987    31.614781    32.943196
 199    9.2561     0.000857     0.001395     1.747614     5.479838
 200    9.2626     0.000119     0.000628     0.054401    -2.246555
 201    9.2839     0.002883     0.014203    -5.925741    -7.229688
 202    9.3020     0.001423     0.002193    -0.417784     3.696459
 203    9.3201     0.001128     0.001871    -1.429995     4.848505
 204    9.3310     0.005348     0.001665   -17.602121    -8.003139
 205    9.3494     0.003520     0.005513    -5.251794     6.094387
 206    9.3737     0.000415     0.001404     1.678147     4.300820
 207    9.3846     0.001909     0.001885     3.922827    -1.051043
 208    9.4001     0.000534     0.000686     3.541781     0.657268
 209    9.4114     0.000506     0.000306    -1.171288    -1.366463
 210    9.4146     0.000815     0.000948     1.334048    -2.343090
 211    9.4218     0.000465     0.005939     3.260989    -3.161453
 212    9.4256     0.009722     0.008379    -6.414933    -5.728360
 213    9.4338     0.001899     0.001646     5.317534     4.173770
 214    9.4508     0.001493     0.002719     0.013884     0.959496
 215    9.4727     0.001531     0.000260     6.019718     5.828392
 216    9.4891     0.000631     0.000186     0.276056     0.360793
 217    9.4937     0.001568     0.001419    -3.205463    -5.908790
 218    9.5031     0.001353     0.003894     0.527022     7.528860
 219    9.5175     0.001787     0.002123    -2.679748    -3.358343
 220    9.5344     0.006895     0.007301     9.003343     9.500391
 221    9.5360     0.004038     0.007654    -7.209376    -3.657526
 222    9.5441     0.006305     0.021628    21.733136    10.128548
 223    9.5508     0.001995     0.001322     1.207996     0.236218
 224    9.5714     0.002464     0.005731     1.608373     5.778851
 225    9.5872     0.002595     0.008247    -4.527485    -2.261342
 226    9.5898     0.007054     0.008021    -5.394050    -3.573064
 227    9.6059     0.001588     0.005270    -2.531516    -3.216524
 228    9.6145     0.012871     0.013345    12.227883     5.490734
 229    9.6293     0.002969     0.006886     8.047850   -14.716046
 230    9.6335     0.012425     0.009307    19.744633    -9.187509
 231    9.6423     0.006191     0.003286    -1.450351    -1.849011
 232    9.6458     0.005879     0.001602     1.890842     4.025151
 233    9.6477     0.000396     0.006602    -0.865703    -5.391812
 234    9.6538     0.022678     0.016877    -5.999780    10.027733
 235    9.6753     0.003347     0.004088    -4.408673    -5.731958
 236    9.6974     0.002924     0.003423    -1.212665    -1.125756
 237    9.7026     0.017282     0.016324    -6.934563    -6.281923
 238    9.7080     0.010218     0.009695     1.575851     2.227544
 239    9.7132     0.007166     0.004966    -0.759258    -2.023222
 240    9.7194     0.007577     0.006462     3.824297    12.422835
 241    9.7223     0.010252     0.007133   -14.334167   -12.007613
 242    9.7295     0.014280     0.004804   -13.765894    -6.718245
 243    9.7375     0.000402     0.001825     0.337781    -6.541613
 244    9.7591     0.022094     0.011786   -15.979191   -10.778982
 245    9.7625     0.010724     0.005511    -7.028352   -10.300686
 246    9.7739     0.009018     0.008291     5.441419    -4.211108
 247    9.7771     0.002525     0.002894     6.805881     9.298376
 248    9.7954     0.007648     0.005797     9.671233   -15.816885
 249    9.8012     0.001990     0.003377    19.223380    23.952830
 250    9.8100     0.002505     0.012589   -11.209595   -23.049081
 251    9.8141     0.001348     0.000641    -2.045004     0.410029
 252    9.8210     0.006622     0.005541     3.469273     2.581821
 253    9.8291     0.004983     0.003962    -3.156122    -4.496729
 254    9.8313     0.020818     0.017187     1.392183    -1.188625
 255    9.8355     0.008142     0.006818    24.913377    15.332364
 256    9.8416     0.011786     0.004730     5.062483     4.555159
 257    9.8453     0.002870     0.006410    15.213452     7.007845
 258    9.8643     0.001299     0.000402     0.071428     0.081723
 259    9.8718     0.000972     0.000608     0.377184     0.011333
 260    9.8873     0.004593     0.001551     3.560666     2.505350
 261    9.8992     0.002261     0.006224    -4.792024    -5.257383
 262    9.9242     0.001236     0.001273     3.890231    -8.607038
 263    9.9341     0.031877     0.019433   -63.076177   -31.636399
 264    9.9475     0.010437     0.006790    27.747106     9.397746
 265    9.9569     0.000497     0.000643     0.505067    -3.442775
 266    9.9582     0.039204     0.023562     4.376207    26.427121
 267    9.9693     0.024547     0.006567    -8.278901    -1.075574
 268    9.9827     0.002829     0.001934    14.697236     6.844738
 269    9.9930     0.008365     0.003061     0.048169    -7.693407
 270    9.9956     0.002290     0.002573    -5.258794    -4.166670
