$coord
        -16.913355194177         -2.482471346455         -0.610511584726     f 
        -14.692498847075         -1.295550515377         -0.316040697086     c 
        -12.482157778718         -2.595748898748         -0.615976317051     c 
        -10.175176128801         -1.314453347489         -0.285094869575     c 
         -7.982409466704         -2.595232104408         -0.411522565351     n 
         -5.858451264060         -1.352530815650         -0.124252067918     c 
         -3.515965569782         -2.825823376741         -0.059466047078     c 
         -1.571984941497         -2.236191037791          1.622657164865     c 
          0.670787627482         -3.557232014492          1.552590986730     c 
          1.017043702661         -5.497406541465         -0.194617987626     c 
          3.362633641994         -6.746870001983         -0.328161755812     n 
          3.574711684358         -9.320475560353          0.220917820505     c 
          1.512041090533        -10.778780698955          0.932819994337     c 
          1.795065746544        -13.327543626031          1.472033401166     c 
          4.142656007557        -14.453610473853          1.326908034080     c 
          6.230838523432        -13.009037951229          0.675508997146     c 
          5.961102502487        -10.465945444074          0.143114111251     c 
          8.123913930220         -9.145335792449         -0.416065862434     o 
          7.871153348520         -6.639622546360         -1.034817873638     c 
         10.044156235828         -5.355062961528         -1.708632455849     c 
          9.924208608640         -2.837161406722         -2.427729560259     c 
          7.614895678662         -1.629091497257         -2.504239704508     c 
          5.431807928345         -2.904034992769         -1.815150181690     c 
          5.528441672993         -5.406275420770         -1.027147364055     c 
         -0.956327935134         -6.161117664334         -1.803781413936     c 
         -3.205583504102         -4.844741069176         -1.721610662029     c 
         -5.858420403746          1.352360647251          0.123965065179     c 
         -3.515925176339          2.825635876419          0.059141212785     c 
         -3.205569559310          4.844568566621          1.721275204642     c 
         -0.956336312790          6.160977117288          1.803440780505     c 
          1.017047956889          5.497282088899          0.194285546726     c 
          3.362608749146          6.746802954064          0.327813821648     n 
          3.574583732805          9.320456249558         -0.221080668508     c 
          1.511877041135         10.778706488040         -0.932990801563     c 
          1.794802657103         13.327520343589         -1.472015682096     c 
          4.142331290731         14.453691301536         -1.326700257195     c 
          6.230552428012         13.009177331790         -0.675297162035     c 
          5.960916487167         10.466034923505         -0.143091562573     c 
          8.123767090602          9.145482182758          0.416076190332     o 
          7.871057478239          6.639791054485          1.034940360900     c 
         10.044049498376          5.355362243647          1.709036076100     c 
          9.924143031197          2.837482801368          2.428221107204     c 
          7.614877282793          1.629311992649          2.504553423865     c 
          5.431799389739          2.904126898077          1.815190635856     c 
          5.528401598169          5.406338561120          1.027093513033     c 
          0.670831526176          3.557076654708         -1.552895485233     c 
         -1.571926698458          2.236005227976         -1.622961128792     c 
         -7.982344524597          2.595096674507          0.411341874833     n 
        -10.175137350101          1.314352268520          0.285053787748     c 
        -12.482072497549          2.595683120944          0.616120967326     c 
        -14.692456343330          1.295513660925          0.316380959313     c 
        -16.913271770713          2.482460190313          0.611056390347     f 
        -12.482364896091         -4.579955846837         -1.074029194973     h 
         -1.834190430428         -0.761705706274          3.008658710568     h 
          2.181716612693         -3.096468283376          2.844785694215     h 
         -0.327397451136         -9.914165821239          1.088190120989     h 
          0.158832062208        -14.417452426467          2.013295282604     h 
          4.371279558028        -16.436976636233          1.735864619433     h 
          8.097256379357        -13.821218871547          0.583733890938     h 
         11.812872928141         -6.365918495223         -1.668912587885     h 
         11.628928111461         -1.846735261014         -2.942127146997     h 
          7.492300070467          0.317951921755         -3.095923210518     h 
          3.634329359974         -1.945263611802         -1.894934802787     h 
         -0.697582702574         -7.683740183209         -3.137415859924     h 
         -4.734854678612         -5.322580397982         -2.982606424766     h 
         -4.734853372851          5.322397615853          2.982258941613     h 
         -0.697612437889          7.683608890980          3.137068817011     h 
         -0.327511023026          9.914011985937         -1.088516918831     h 
          0.158538361214         14.417388829276         -2.013266503248     h 
          4.370869910406         16.437105729965         -1.735472351807     h 
          8.096924197041         13.821447301809         -0.583359863644     h 
         11.812717549689          6.366309739529          1.669502633686     h 
         11.628847199972          1.847181341275          2.942910487562     h 
          7.492306446576         -0.317708527059          3.096320302829     h 
          3.634359428669          1.945267990023          1.894797731446     h 
          2.181775168809          3.096316189905         -2.845074090594     h 
         -1.834105659898          0.761504163373         -3.008951189720     h 
        -12.482209745485          4.579889425518          1.074177036675     h 
$end
