           2           1  0.984367394519647     
           3           1  2.665951154508855E-003
           3           2  0.984223715010158     
           4           1  2.188455753535879E-003
           4           2  0.985212334306226     
           4           3  2.202301297848485E-003
           5           1  1.211847584196255E-002
           5           2  3.994174667647324E-003
           5           3  1.213363808067717E-002
           5           4   1.43316077989566     
           6           2  1.165141469647780E-002
           6           4  6.341281371169283E-003
           6           5   1.42771384049399     
           7           1  3.065142356649783E-003
           7           3  3.078788759287134E-003
           7           4  0.101654489133603     
           7           5  2.331935692186889E-003
           7           6   1.42136446901147     
           8           2  1.099587814113772E-002
           8           4  8.712701762112448E-003
           8           5  9.958792375612646E-002
           8           6  7.000382952678639E-003
           8           7   1.46190636571214     
           9           1  7.001756308567728E-003
           9           2  4.621897751662224E-003
           9           3  7.002550919299751E-003
           9           4   1.32925521931896     
           9           5  4.045838002189521E-003
           9           6  8.842503610735587E-002
           9           7  2.797211856854964E-003
           9           8   1.34655695394436     
          10           1  3.446779693651120E-003
          10           2  4.243463538834843E-003
          10           3  3.458065626624750E-003
          10           4  3.584591937997886E-002
          10           5  1.286856405415567E-002
          10           6  2.564756885239096E-002
          10           7  1.136196391433634E-002
          10           8  4.137391389276143E-002
          10           9   1.10676012697441     
          11           1  6.874261912883915E-003
          11           2  4.379675298953846E-003
          11           3  6.879217398863472E-003
          11           4  7.680388426401639E-003
          11           8  1.280929696726690E-002
          11           9  7.438429643105933E-003
          11          10   1.10634175269029     
          12           2  1.063506890674044E-002
          12           4  5.292849644417369E-003
          12           6  4.509670605058341E-003
          12           8  5.800850767368546E-003
          12           9  1.280822817593425E-002
          12          10  4.031189593196544E-002
          12          11   1.35060289097196     
          13           1  2.734841999022436E-003
          13           3  2.743086808320278E-003
          13          10  1.165447619215315E-002
          13          11  2.670389162572597E-003
          13          12   1.45489067734365     
          14           2  1.122457996243669E-002
          14           4  4.637764089250067E-003
          14           6  3.917272160031484E-003
          14           8  4.439434848788304E-003
          14          10  2.493011692338173E-002
          14          11  8.800039877371552E-002
          14          12  8.165966996053462E-003
          14          13   1.43043409628348     
          15           1  7.403351211837853E-003
          15           2  4.700186420508004E-003
          15           3  7.412117289537608E-003
          15           4  6.869792092038474E-003
          15          10  1.182975210455131E-002
          15          11  4.199632492003723E-003
          15          12  9.765831755812111E-002
          15          13  2.143256180836005E-003
          15          14   1.38180556755399     
          16           1  2.163432992868124E-003
          16           2  2.268440164779808E-003
          16           3  2.261498555743095E-003
          16          11  1.065083415187494E-002
          16          13  1.001490190238998E-002
          16          14  5.833568098502606E-003
          16          15   1.00342380645889     
          17           3  3.113745687640857E-003
          17          12  2.586025994482064E-003
          17          14  1.329979420700741E-002
          17          15  5.004250202772863E-003
          17          16   1.39066594912516     
          18           3  2.347898523890406E-003
          18          15  1.084993834834543E-002
          18          16  2.162951916506808E-003
          18          17   1.45347898260883     
          19          14  3.242209483079685E-003
          19          16  9.995815159945499E-002
          19          17  2.268321260630219E-003
          19          18   1.38028110961660     
          20          17  1.186018002207011E-002
          20          18  5.733248471834431E-003
          20          19   1.05684484992287     
          21          16  5.317458551311852E-003
          21          18  1.358959323614661E-002
          21          19  5.553221639225155E-003
          21          20   1.26341900716907     
          22          19  1.155207147451150E-002
          22          20  1.175454062271082E-002
          22          21   1.56964060770686     
          23          16  3.078885853714234E-003
          23          18  4.418135018781431E-003
          23          20  5.434158835238260E-002
          23          21  4.140975966830449E-003
          23          22   1.25508949525227     
          24          21  3.169385473568589E-002
          24          22  7.457917185682266E-003
          24          23   1.24696028362830     
          25          16  2.283758040836803E-003
          25          18  2.719074435153929E-003
          25          20  2.303401389294520E-002
          25          21  3.315158159459210E-003
          25          22  3.366081510783458E-002
          25          23  1.179280281633436E-002
          25          24   1.42000188948057     
          26          23  1.330141095121888E-002
          26          24  8.332632176675932E-003
          26          25   1.05680965817935     
          27          20  2.671397147955273E-003
          27          22  2.373013322014005E-003
          27          24  1.915114907286017E-002
          27          25  5.505213322063978E-003
          27          26   1.37305504468158     
          28          25  1.163928300923313E-002
          28          26  2.256679587859758E-003
          28          27   1.46008175104200     
          29          20  2.284553898012247E-003
          29          24  1.073269995528001E-002
          29          26  9.987487129356297E-002
          29          27  2.165948804242753E-003
          29          28   1.38563521118959     
          30          27  1.076171263315728E-002
          30          28  4.987980675894598E-003
          30          29   1.00344019950279     
          31          26  3.253370066933253E-003
          31          28  1.319722574304866E-002
          31          29  5.843477749017525E-003
          31          30   1.38173264168339     
          32          29  1.001826353168466E-002
          32          30  2.144416685194176E-003
          32          31   1.43045804512149     
          33          28  2.587780820547682E-003
          33          30  9.764135258035177E-002
          33          31  8.175359835019654E-003
          33          32   1.45489566567742     
          34          29  1.065175576536243E-002
          34          30  4.199790340767420E-003
          34          31  8.800432762512582E-002
          34          32  2.668601802207394E-003
          34          33   1.35055489260283     
          35          28  1.164051560507397E-002
          35          29  5.862250917562682E-003
          35          30   1.40729462138784     
          35          31  4.746233326739745E-003
          35          32  9.875893847981881E-002
          35          33  7.202264230594865E-003
          35          34   1.32259834871723     
          36          29  2.266403292448855E-003
          36          30  4.704053734436616E-003
          36          31  1.122770083368919E-002
          36          33  1.063428311961741E-002
          36          34  4.380953019875631E-003
          36          35  0.982857650814714     
          37          27  2.330947077318914E-003
          37          28  3.102225649723103E-003
          37          29  2.190340324724656E-003
          37          30  7.448718311030893E-003
          37          32  2.757520701676213E-003
          37          34  6.875750006686582E-003
          37          35  2.117258970542834E-003
          37          36  0.984088682219547     
          38          29  2.181716479291540E-003
          38          30  7.359001189213465E-003
          38          32  2.716575476394624E-003
          38          34  6.875255008877181E-003
          38          35  2.103967642085815E-003
          38          36  0.984454232628012     
          38          37  2.691245111213405E-003
          39          30  6.872830869994106E-003
          39          31  4.641081583244618E-003
          39          33  5.292995438494407E-003
          39          34  7.685251003618021E-003
          39          35  5.267955664729968E-003
          39          36  0.985222971580761     
          39          37  2.201911804694457E-003
          39          38  2.181541924586924E-003
          40          35  6.807807717181060E-003
          40          36  3.994376950540751E-003
          40          37  1.213023272482382E-002
          40          38  1.218279356789349E-002
          40          39   1.43303524612695     
          41          31  3.917700154372101E-003
          41          33  4.509549006906675E-003
          41          35  4.635948938514036E-003
          41          36  1.165010362622747E-002
          41          39  6.335409311576400E-003
          41          40   1.42776952400173     
          42          37  3.094641569817844E-003
          42          38  3.056322468850760E-003
          42          39  0.101666246658336     
          42          40  2.332080796803173E-003
          42          41   1.42134578600150     
          43          31  4.440219991901777E-003
          43          33  5.801271058008337E-003
          43          34  1.280133007681302E-002
          43          35  5.417134659205529E-003
          43          36  1.099992816878210E-002
          43          39  8.704365688535885E-003
          43          40  9.960970123796720E-002
          43          41  6.992650795973357E-003
          43          42   1.46190247798512     
          44          33  1.281426675019644E-002
          44          34  7.439014975343208E-003
          44          35  7.367954993106042E-003
          44          36  4.625718880859789E-003
          44          37  7.005276850163574E-003
          44          38  7.007615319472391E-003
          44          39   1.32939441732991     
          44          40  4.048159968879451E-003
          44          41  8.841015781280584E-002
          44          42  2.797429767248145E-003
          44          43   1.34659348092050     
          45          30  1.182353540240584E-002
          45          31  2.495595956812449E-002
          45          32  1.165590719429327E-002
          45          33  4.033719933175686E-002
          45          34   1.10654397369659     
          45          35  3.755188913963566E-002
          45          36  4.242834852904911E-003
          45          37  3.476720071882519E-003
          45          38  3.429831632340065E-003
          45          39  3.582326143475367E-002
          45          40  1.287110777705200E-002
          45          41  2.562449748589763E-002
          45          42  1.136463391521700E-002
          45          43  4.134413770633801E-002
          45          44   1.10657768896518     
          46          25  1.187947674632298E-002
          46          26  2.240848567220234E-003
          46          27  0.102972435587025     
          46          28  2.287403840531018E-003
          46          29   1.39082427660551     
          46          30  4.981639771942934E-003
          46          31  1.325450986231552E-002
          46          33  2.591846867443208E-003
          46          35  1.176644354970168E-002
          46          38  3.093199535574047E-003
          47          20  2.752405014190198E-003
          47          22  2.714312179967823E-003
          47          24  2.359094242393946E-002
          47          25  5.737084257284068E-003
          47          26   1.38030181829595     
          47          27  2.416195147266831E-003
          47          28  0.102674161633799     
          47          29  2.167823087326097E-003
          47          30  1.085112501230517E-002
          47          38  2.203035401552621E-003
          47          46   1.45352800572762     
          48          20  3.312694995547072E-003
          48          21  2.534751914957738E-002
          48          23  6.082196006621229E-002
          48          24  2.086916090005657E-002
          48          25   1.26359016067257     
          48          26  5.561430389990605E-003
          48          27  1.656984021946508E-002
          48          29  5.293229922780341E-003
          48          47  1.380306189458526E-002
          49          18  2.690337092575296E-003
          49          20  3.365938330794904E-002
          49          22  1.165397101202061E-002
          49          23  9.845749958943759E-003
          49          24  9.216621489088389E-002
          49          25  1.175138625884684E-002
          49          26  1.159550975765465E-002
          49          48   1.56958243299850     
          50          19  1.333188659196665E-002
          50          20  1.179163550123392E-002
          50          21  6.082452260411697E-002
          50          22  9.840347321662887E-003
          50          23   1.23584498014988     
          50          24  2.151609225589554E-002
          50          25  5.435029389883300E-002
          50          27  4.409813873020103E-003
          50          29  3.074136457225841E-003
          50          47  4.466774797315451E-003
          50          48  4.140657508645248E-003
          50          49   1.25509433433676     
          51          16  1.072386061335145E-002
          51          18  2.347456229484853E-002
          51          19  8.339987329048509E-003
          51          20   1.42020648298025     
          51          21  2.088986161702792E-002
          51          22  9.218764974154452E-002
          51          23  2.151042769668510E-002
          51          24  1.220968623931242E-002
          51          48  3.169896006466087E-002
          51          49  7.454770086307579E-003
          51          50   1.24687933646845     
          52           1  2.236677127060801E-003
          52          15  1.075871732750373E-002
          52          16  2.171267706974608E-003
          52          17  0.102817554662592     
          52          18  2.451245901720754E-003
          52          19   1.37294563167642     
          52          20  5.512248007756552E-003
          52          21  1.659455765545543E-002
          52          23  4.461026970799206E-003
          52          25  2.703908291014637E-003
          52          49  2.394231840905049E-003
          52          51  1.925993833387084E-002
          53           1  3.068444852285958E-003
          53          12  2.592942588874269E-003
          53          14  1.316975136181112E-002
          53          15  4.980016816464236E-003
          53          16   1.38546291959084     
          53          17  2.321084734182818E-003
          53          18  0.102711415599702     
          53          19  2.245809895202334E-003
          53          20  1.164871820471512E-002
          53          52   1.46028965560225     
          54           1  2.110485148116353E-003
          54           2  0.982861717801000     
          54           3  2.108420013424583E-003
          54           4  5.261360144711205E-003
          54           5  6.812499394371761E-003
          54           6  4.637068978941703E-003
          54           8  5.419005511521423E-003
          54           9  7.369647595385199E-003
          54          10  3.752651699524934E-002
          54          11   1.32275188447859     
          54          12  7.196034365984679E-003
          54          13  9.878816170770313E-002
          54          14  4.740546447844462E-003
          54          15   1.40725851905365     
          54          16  5.863714694392031E-003
          54          17  1.167665787933922E-002
          54          19  2.002497177165220E-003
          54          53  1.168955862343746E-002
          55           1  0.972584805026568     
          55           4  8.555885003553395E-003
          55          16  2.404015735270785E-003
          55          53  5.563998050179169E-003
          56           1  0.979408396638493     
          56           3  9.530194881569237E-003
          57           1  0.975912182273567     
          57          54  8.494564260440141E-003
          58           1  9.504324796465844E-003
          58           3  0.979452969141204     
          59           3  0.975879000143684     
          59          54  8.463734338338552E-003
          60           3  0.972517604605308     
          60           4  8.528643293678742E-003
          60          16  2.286755228210848E-003
          60          17  5.897561347464691E-003
          61           5  0.965440545367324     
          61           7  1.051547796883768E-002
          61           9  9.609270203086162E-003
          62           4  1.041892625505016E-002
          62           6  0.972665121778868     
          62           8  1.054399229608592E-002
          63           5  1.060132914063280E-002
          63           7  0.972283448545027     
          63           9  1.071722682951266E-002
          64           4  9.045342632385026E-003
          64           6  1.077879915988161E-002
          64           8  0.968661289410601     
          65           4  8.497963026785528E-003
          65          10  0.944356589137292     
          65          54  8.519287207428897E-003
          66          12  0.968047852768625     
          66          14  1.073069267499943E-002
          66          54  9.021634777927305E-003
          67          11  1.076610653285640E-002
          67          13  0.971055053472498     
          67          15  1.061744191885001E-002
          68          12  1.069723731337302E-002
          68          14  0.969243527985466     
          68          54  9.101304323451839E-003
          69          17  0.970139702442423     
          69          19  1.064014357698283E-002
          69          53  9.771203351886646E-003
          70          16  1.039735050664299E-002
          70          18  0.967497241700499     
          70          52  9.881299973481554E-003
          71          21  0.968154856282875     
          71          23  1.164307319388561E-002
          71          51  9.705915823711428E-003
          72          20  1.143697303843881E-002
          72          22  0.967429102394011     
          72          50  8.867444124939956E-003
          73          24  8.942069896261486E-003
          73          27  0.967361395743650     
          73          29  1.063492695081941E-002
          73          47  9.379152183203591E-003
          74          26  1.088243683358471E-002
          74          28  0.969828243216944     
          74          46  9.701615928184868E-003
          75          31  0.969217137336402     
          75          33  1.069796025821912E-002
          75          35  9.105737074559615E-003
          76          30  1.061902185199351E-002
          76          32  0.971051118187896     
          76          34  1.076823953517086E-002
          77          31  1.073112326358138E-002
          77          33  0.968044658674771     
          77          35  9.021736714259758E-003
          78          28  5.677435552083033E-003
          78          29  2.107624543579205E-003
          78          37  0.972646682796913     
          78          39  8.509937411074919E-003
          79          37  0.979443778100022     
          79          38  9.486795385680048E-003
          80          35  8.446598590485270E-003
          80          37  0.975862970173484     
          81          29  2.440908260888203E-003
          81          38  0.972670682975098     
          81          39  8.530576079950194E-003
          81          46  5.588897631983974E-003
          82          37  9.502439560920404E-003
          82          38  0.979433145730832     
          83          35  8.471702124702276E-003
          83          38  0.975773357261442     
          84          40  0.965393872476652     
          84          42  1.051548542363964E-002
          84          44  9.603603519061338E-003
          85          39  1.042059713416005E-002
          85          41  0.972663826726290     
          85          43  1.054426572614610E-002
          86          40  1.060117296118195E-002
          86          42  0.972283985752759     
          86          44  1.071576597489203E-002
          87          39  9.045490265652135E-003
          87          41  1.077804634192006E-002
          87          43  0.968658650129635     
          88          35  8.525471087503182E-003
          88          39  8.491995881273305E-003
          88          45  0.944350869782324     
          89          26  1.063848043823206E-002
          89          28  9.765457968761200E-003
          89          46  0.970215522007648     
          90          27  9.902719152591940E-003
          90          29  1.039085841937116E-002
          90          47  0.967295999541370     
          91          24  9.718413071096565E-003
          91          48  0.967994370280465     
          91          50  1.163615561926108E-002
          92          23  8.866936784479420E-003
          92          25  1.143192463100990E-002
          92          49  0.967434409047578     
          93          16  1.064633473747546E-002
          93          18  9.416949468745599E-003
          93          51  9.150297245851726E-003
          93          52  0.967262108504413     
          94          17  9.700203775500672E-003
          94          19  1.088807681872373E-002
          94          53  0.969912507103859     
