   26
          5          1          5
          3          6          8
          4          9         12
          4         13         16
          4         17         20
          1         21         21
          2         22         23
          2         24         25
          3         26         28
          1         29         29
          1         30         30
          2         31         32
          1         33         33
          3         34         36
          3         37         39
          1         40         40
          2         41         42
          2         43         44
          2         45         46
          3         47         49
          1         50         50
          2         51         52
          1         53         53
          1         54         54
          1         55         55
          1         56         56
