$coord
         24.121024281528        -12.011656854424         -0.492321135475     n 
         22.262584553943        -10.900709422305         -0.408251622134     c 
         19.971836057767         -9.532690963046         -0.307006426163     c 
         17.896179699562        -10.326436271953         -1.727682924126     c 
         15.663848700417         -8.987138862802         -1.617939556663     c 
         15.451819771052         -6.833843600820         -0.110695509650     c 
         13.068395863086         -5.414204658488         -0.017470528481     c 
         10.753289121536         -6.687139379635          0.083354330999     c 
          8.537798779887         -5.340065726200          0.140245215852     c 
          8.551665453511         -2.698819821304          0.089518946209     c 
         10.861093106855         -1.376630525542          0.013965728856     c 
         13.086856288013         -2.794753347080         -0.041740955548     c 
         10.861150754863          1.376763055893         -0.016731187021     c 
         13.086892888908          2.794892218641          0.040190229357     c 
         13.068398193931          5.414341571111          0.015882659773     c 
         15.451635684968          6.834177911699          0.110817248172     c 
         15.662284059547          8.987360177501          1.618424312076     c 
         17.894320471183         10.326993626173          1.729860738944     c 
         19.971087688606          9.533700043582          0.310546099738     c 
         22.261514391463         10.902103936440          0.413738256920     c 
         24.119604741683         12.013490373804          0.499799261742     n 
         19.780255924048          7.387629473104         -1.210438893614     c 
         17.541170611465          6.057255044898         -1.297191921490     c 
         10.753347568630          6.687262623415         -0.086462717135     c 
          8.537901131821          5.340190376403         -0.144493823430     c 
          8.551778157818          2.698952414132         -0.093501342301     c 
          6.180079000107          1.345155120740         -0.084443927911     c 
          4.048014905117          2.638078119987         -0.206305099012     n 
          1.874595178568          1.344087093494         -0.127993189674     c 
         -0.450356628613          2.633672328897         -0.239160234281     c 
         -2.695142707484          1.345409891404         -0.101894280223     c 
         -5.085047682072          2.760387507717         -0.038038199332     c 
         -5.625503722354          4.596749534721         -1.843097188983     c 
         -7.841361427187          5.963096453914         -1.742412206549     c 
         -9.559356846607          5.592008227971          0.226945225128     c 
        -11.762283482023          7.027985069699          0.366847967756     n 
        -13.942228543067          6.068163311421          1.521587648530     c 
        -14.624039209609          3.539835475502          1.226262221710     c 
        -16.753634991975          2.605046234908          2.412964192039     c 
        -18.259410506625          4.175889021578          3.868054233267     c 
        -17.610590797644          6.696941237299          4.139046775403     c 
        -15.464234400880          7.639731959509          2.991597360388     c 
        -11.787344805241          9.518752999111         -0.545350188973     c 
         -9.731476267196         11.118527860831         -0.154272533262     c 
         -9.781967608360         13.566178212839         -1.060739108801     c 
        -11.877757347869         14.460042292282         -2.349780334873     c 
        -13.930842681233         12.881353967069         -2.730879129977     c 
        -13.891586768991         10.426268753255         -1.844608809163     c 
         -9.003710964972          3.770786364187          2.055177168933     c 
         -6.821425434126          2.360072224559          1.900487946980     c 
         -2.695320031542         -1.344273130174          0.098167151529     c 
         -5.085428215298         -2.758942607893          0.035645923176     c 
         -6.823704001274         -2.357646489516         -1.900991206964     c 
         -9.006001205304         -3.768507607360         -2.054518024185     c 
         -9.559595611048         -5.591108082562         -0.227050217735     c 
        -11.761903346389         -7.028097827290         -0.366130253845     n 
        -13.943460942913         -6.069004606487         -1.518366883018     c 
        -15.465881515573         -7.640816474982         -2.987703293244     c 
        -17.614080203588         -6.698902086036         -4.132409954731     c 
        -18.264413829281         -4.178465988716         -3.859302595014     c 
        -16.758189342590         -2.607359903389         -2.404963264075     c 
        -14.626667662691         -3.541293659933         -1.221035189766     c 
        -11.784530239856         -9.519530296209          0.544405289452     c 
        -13.886687645905        -10.429136779444          1.845552193874     c 
        -13.923344159485        -12.884786856267          2.730385582248     c 
        -11.869719483005        -14.461951139110          2.345901900455     c 
         -9.776036864763        -13.566028674256          1.054863878592     c 
         -9.728158293310        -11.117796895216          0.149841816584     c 
         -7.839894746874         -5.962903015784          1.740699481305     c 
         -5.624198017429         -4.596258412339          1.840270188932     c 
         -0.450625200138         -2.632840847348          0.234592079576     c 
          1.874471536002         -1.343553462363          0.123002820822     c 
          4.047797397969         -2.637740503539          0.201325257316     n 
          6.179980481060         -1.344973168388          0.079767786346     c 
         17.540265594269         -6.056473252512          1.298696025390     c 
         19.779619021969         -7.386487757176          1.213629000410     c 
         18.056809326338        -11.984720557727         -2.906953925717     h 
         14.070326695018         -9.587134650609         -2.742719000145     h 
         10.721128859369         -8.726307657985          0.151196351792     h 
          6.729529269644         -6.277598140753          0.215828758500     h 
         14.892088551093         -1.856973949257         -0.167578073674     h 
         14.892069267528          1.857142112423          0.167079700529     h 
         14.067881406458          9.586986461900          2.742151479037     h 
         18.053871275338         11.985191486772          2.909400171330     h 
         21.389623477187          6.787360145293         -2.313319663067     h 
         17.389197956696          4.417868596747         -2.503675171598     h 
         10.721237173267          8.726423917835         -0.154499897068     h 
          6.729663797838          6.277695554823         -0.221123354964     h 
         -0.417506276253          4.669268116197         -0.371155346964     h 
         -4.312071391045          4.915049235302         -3.373827137549     h 
         -8.254295867169          7.340499981466         -3.190695704355     h 
        -13.469336562644          2.324042742676          0.061368749747     h 
        -17.249647729240          0.637106552219          2.195992161735     h 
        -19.926273903668          3.438772701442          4.783699909282     h 
        -18.770543536374          7.935811638862          5.272725881437     h 
        -14.945752158817          9.599114431637          3.233602091747     h 
         -8.104826794198         10.430783246941          0.869512397125     h 
         -8.179522240809         14.789567027472         -0.742454815720     h 
        -11.911827614881         16.375380445944         -3.050223346163     h 
        -15.570258259555         13.561510870276         -3.738447093384     h 
        -15.488384242978          9.191785700269         -2.150866983220     h 
        -10.286775458766          3.484563934354          3.615933630338     h 
         -6.418663949835          0.972741043794          3.342022585484     h 
         -6.422443575499         -0.969481604846         -3.342136455858     h 
        -10.290551166641         -3.481469887144         -3.613906849539     h 
        -14.946293535285         -9.599707739826         -3.231309703200     h 
        -18.774339067696         -7.937961626669         -5.265571290701     h 
        -19.932804313432         -3.442044685312         -4.772725006318     h 
        -17.255382583210         -0.639898202584         -2.186340100832     h 
        -13.471600017836         -2.325334717117         -0.056682580177     h 
        -15.483888578273         -9.195830339172          2.154437001389     h 
        -15.561116132308        -13.566579190529          3.739517877241     h 
        -11.901732799119        -16.377712748841          3.045281648059     h 
         -8.173220844048        -14.788229720537          0.733900302822     h 
         -8.103165903322        -10.428381154528         -0.875450999939     h 
         -8.251344380963         -7.341227233430          3.188529563091     h 
         -4.309458141113         -4.915182781561          3.369743259446     h 
         -0.417985749067         -4.668442796533          0.366547297537     h 
         17.387202585093         -4.417003995008          2.504927174210     h 
         21.388133696792         -6.785846011109          2.317550391935     h 
$end
