 NM
 UV
 MMASS
   578.640799999999     
 LFAKTOR
  0.5
 RFAKTOR
  1.0
 WIDTH
  0.20
 SHIFT
  0.00
 DATXY
   1    3.2435     0.010418     0.002943    -0.226150     0.006573
   2    3.2512     0.002014     0.000257     0.270643     0.109681
   3    3.3032     0.039240     0.023245    -0.805711     0.126104
   4    3.3115     0.056776     0.059081     0.695355    -0.225838
   5    3.6077     0.028505     0.024623    -1.166471    -0.922495
   6    3.6240     0.468233     0.278328     1.054196     0.806536
   7    3.6907     0.271418     0.126859    -0.993618    -0.444019
   8    3.6976     0.112161     0.039387     0.907548     0.425449
   9    4.0620     0.034936     0.014364     0.386918     0.022517
  10    4.0660     0.033945     0.022598    -0.386581    -0.030415
  11    4.5897     0.358079     0.162959    -0.019746     0.026550
  12    4.6727     0.003719     0.020733    -1.994629     0.605824
  13    4.6735     0.013656     0.001681     1.914100    -0.624083
  14    4.8073     0.008289     0.007521     0.076079     0.034565
  15    4.8166     0.005859     0.004622    -0.101140    -0.049611
  16    4.8648     0.136780     0.062122    -0.107696    -0.089992
  17    4.9440     0.167998     0.103718     0.225247     0.117548
  18    4.9504     0.024024     0.029799    -0.206542    -0.021189
  19    5.1787     0.021676     0.014621    -3.613710    -2.728360
  20    5.1811     0.013436     0.010096     3.665729     2.715981
  21    5.2571     0.000235     0.000247     0.000141     0.014369
  22    5.3221     0.009297     0.010202     2.262932     3.433883
  23    5.3268     0.010759     0.007706    -2.233022    -3.411563
  24    5.3404     0.022575     0.008855    -0.196929    -0.033494
  25    5.4744     0.000025     0.003602    -1.048222     0.673693
  26    5.4749     0.008196     0.016823     1.082425    -0.612668
  27    5.6322     0.263268     0.115058    -2.677030    -2.076465
  28    5.6604     1.386659     0.688846     4.086291     2.946725
  29    5.6910     0.348931     0.309225    -2.294455    -1.780643
  30    5.7122     0.005578     0.002171     0.248795     0.213835
  31    5.7189     0.000679     0.000497     0.078528     0.089386
  32    5.7226     0.004657     0.004990     0.335116     0.261574
  33    5.7315     0.000393     0.000647    -0.013405     0.025566
  34    5.7921     0.022122     0.011438    -0.583142    -0.406405
  35    5.7996     0.050433     0.032859     0.957334     0.643737
  36    5.8913     0.106521     0.090098     0.018189     0.084731
  37    5.9503     0.086426     0.104771     0.124049     0.001644
  38    5.9967     0.007552     0.007694    -0.150793    -0.104105
  39    6.0069     0.089758     0.051919    -0.015805    -0.023899
  40    6.0297     0.045374     0.019491     0.256957     0.172613
  41    6.0548     0.010369     0.000377    -0.071621    -0.090552
  42    6.0673     0.046218     0.044772     0.077906     0.054831
  43    6.1383     0.018707     0.000508    -0.164654    -0.209300
  44    6.1431     0.060417     0.070061    -0.047170     0.046183
  45    6.1747     0.078797     0.081937    -0.693776    -0.542325
  46    6.1792     0.200464     0.119000     0.273277     0.249122
  47    6.1973     0.014039     0.001894     0.018106     0.018134
  48    6.2215     0.016910     0.018584     0.052282     0.070336
  49    6.2909     0.017277     0.024256    -0.069291     0.083720
  50    6.3012     0.000016     0.004486     0.202040     0.036647
  51    6.3451     0.028986     0.057064     0.236964    -0.619381
  52    6.3460     0.078160     0.073966    -0.371385     0.589850
  53    6.3635     0.416466     0.262671     0.354581     0.271823
  54    6.4102     0.003398     0.007989    -0.065500    -0.498811
  55    6.4158     0.123831     0.107081     0.427876     5.552336
  56    6.4166     0.017417     0.005613    -0.276433    -4.982929
  57    6.4647     0.300823     0.182626     0.366045     0.251940
  58    6.5220     0.556507     0.296068    -0.183747    -0.191709
  59    6.5529     0.094401     0.061312    -0.109423    -0.075733
  60    6.5820     0.016006     0.019880     0.000644    -0.000870
  61    6.6240     0.263698     0.141857    -0.624433    -0.468094
  62    6.6392     0.003926     0.001077     1.516020     1.013266
  63    6.6453     0.058462     0.031343    -0.849758    -0.469756
  64    6.7122     0.048364     0.013544    -7.907626    -3.188387
  65    6.7129     0.019414     0.007974     7.724898     3.056764
  66    6.7492     0.002191     0.004768    -0.074282    -0.004429
  67    6.7525     0.012227     0.003016     0.128345     0.038170
  68    6.7713     0.002279     0.004965    -0.360753    -0.474226
  69    6.7745     0.040617     0.032404     0.392332     0.515841
  70    6.7781     0.037228     0.007122     0.149251     0.069473
  71    6.8201     0.012263     0.005950    -0.122091    -0.088332
  72    6.8257     0.083978     0.051244     0.027797     0.024650
  73    6.8585     0.008694     0.003627    -0.649792    -0.561894
  74    6.8598     0.003157     0.011593     0.795838     0.701054
  75    6.8787     0.122138     0.211070     0.048267     0.073686
  76    6.9363     0.006344     0.002473     0.008750    -0.126902
  77    6.9712     0.092192     0.065280     0.605600     0.475682
  78    6.9816     0.022434     0.040960    -0.588611    -0.497873
  79    6.9922     0.215362     0.119949     0.726114     0.415702
  80    6.9979     0.075522     0.062826    -1.388009    -1.484947
  81    7.0074     0.021787     0.050037     0.823121     1.230895
  82    7.0218     0.035487     0.020379    -0.817011    -0.622252
  83    7.0222     0.047397     0.021063     0.795637     0.528322
  84    7.0404     0.015779     0.021269    -0.094549     0.052801
  85    7.0614     0.001118     0.000849     0.097207     0.272124
  86    7.0747     0.002714     0.003895    -0.030351     0.001285
  87    7.0757     0.004768     0.005818    -0.470901    -0.654633
  88    7.1141     0.003901     0.003019     0.043385     0.005845
  89    7.1333     0.018673     0.010248    -0.116784    -0.113655
  90    7.1454     0.000502     0.001494    -0.041057    -0.055984
  91    7.1961     0.008924     0.009007     0.000784     0.065247
  92    7.2160     0.316782     0.163501     0.480700     0.372986
  93    7.2181     0.061518     0.026373    -0.773099    -0.415587
  94    7.2395     0.001115     0.000604    -0.068172    -0.063056
  95    7.2492     0.054541     0.017386     0.228679     0.090986
  96    7.2635     0.002210     0.002578     0.094951     0.125409
  97    7.2967     0.007403     0.043412     0.010338     0.039331
  98    7.3050     0.087821     0.078321    -0.513044    -0.739373
  99    7.3194     0.171412     0.167031     1.674032     3.800000
 100    7.3206     0.006293     0.030254    -0.934565    -2.598409
 101    7.3624     0.090510     0.054036     0.478729     0.189842
 102    7.3688     0.054899     0.031768     0.046379    -0.442850
 103    7.3783     0.001795     0.021606    -0.147174     0.620711
 104    7.3797     0.064143     0.042557    -0.138726    -0.415460
 105    7.4185     0.404360     0.229804    -0.458617    -0.571204
 106    7.4223     0.003615     0.002509    -0.167212    -0.168722
 107    7.4292     0.055809     0.017353    -0.036708     0.324590
 108    7.4394     0.395822     0.215320    -0.419783    -0.546322
 109    7.4428     0.043646     0.037158     0.978355     0.869413
 110    7.4599     0.010560     0.013399    -0.196136    -0.443907
 111    7.4754     0.002031     0.017953     0.261788     0.632792
 112    7.4854     0.042197     0.067783    -0.096047     0.060793
 113    7.5130     0.066781     0.031538    -2.300601    -1.320951
 114    7.5133     0.041436     0.016215     2.110073     1.154361
 115    7.5409     0.002536     0.029858    -0.002884    -0.153738
 116    7.5490     0.016062     0.000536     0.284898    -0.442990
 117    7.5600     0.001646     0.008550    -0.754303     0.126158
 118    7.5739     0.000277     0.059522    -0.143613     0.064363
 119    7.5815     0.075380     0.008769     1.000725     0.073512
 120    7.6166     0.007100     0.094013    -1.375216     1.302092
 121    7.6250     0.033150     0.024226     1.204452    -1.242843
 122    7.6356     0.000999     0.075397     0.562115     0.265894
 123    7.6469     0.004104     0.217413    -0.202005    -0.111642
 124    7.6985     0.004534     0.018764     0.148454     1.261128
 125    7.6990     0.007444     0.024918    -0.028328    -1.061517
 126    7.7050     0.014881     0.018854    -0.056098    -0.023502
 127    7.7172     0.000232     0.011981     0.546973     0.261866
 128    7.7252     0.005520     0.001576     0.129122     0.040648
 129    7.7349     0.000006     0.001064    -0.310488    -0.322837
 130    7.7416     0.015680     0.015649    -0.195894    -0.071351
 131    7.7544     0.001060     0.005420    -0.095136    -0.316305
 132    7.7568     0.000895     0.011279     0.133742     0.315032
 133    7.7649     0.010181     0.006443    -0.234502    -0.029001
 134    7.7744     0.009343     0.002746    -0.865486    -0.560181
 135    7.7766     0.001783     0.004003     0.714156     0.196638
 136    7.7894     0.020375     0.002795    -0.310869    -0.116880
 137    7.7949     0.007276     0.008828     0.189128     0.195902
 138    7.8124     0.000669     0.004152     0.096108     0.121115
 139    7.8308     0.001788     0.000487    -0.090405     0.181637
 140    7.8359     0.000386     0.001658     0.024935    -0.248369
 141    7.8555     0.033454     0.024781     0.034985     0.029940
 142    7.8651     0.043484     0.016076    -0.529175    -0.105955
 143    7.8690     0.021229     0.027131     0.582798     0.175731
 144    7.8923     0.000268     0.000192    -0.012083     0.022131
 145    7.8955     0.000927     0.001137     0.049455     0.068883
 146    7.8972     0.000586     0.003396    -0.058920    -0.100756
 147    7.9145     0.011926     0.002046     0.036310     0.021338
 148    7.9218     0.001578     0.002337    -0.047996    -0.015257
 149    7.9582     0.006441     0.004753     0.065475     0.054185
 150    7.9692     0.001936     0.010379     0.174635     0.077541
 151    7.9827     0.032612     0.029680     0.104545     0.157142
 152    8.0038     0.000018     0.001554     0.000459     0.016101
 153    8.0093     0.001596     0.000300    -0.198676    -0.159489
 154    8.0167     0.046442     0.019492    -0.071084    -0.008142
 155    8.0417     0.000040     0.011281    -0.222702    -0.367116
 156    8.0560     0.046603     0.014514    -0.547505    -0.260257
 157    8.0624     0.000053     0.001325    -0.271776    -0.312453
 158    8.0686     0.046097     0.009090     0.399347     0.127616
 159    8.0710     0.023805     0.035077     0.169497    -0.035421
 160    8.0771     0.000126     0.001951    -0.146532    -0.086231
 161    8.0898     0.014494     0.038914     1.545337    -0.104073
 162    8.0963     0.010883     0.000932    -2.034705     0.536426
 163    8.1177     0.000055     0.000054    -0.220205    -0.163648
 164    8.1270     0.146691     0.065927     0.402251     0.273700
 165    8.1554     0.001752     0.004761    -3.097045    -0.378696
 166    8.1557     0.001678     0.004854     3.172651     0.333720
 167    8.1724     0.006344     0.008524    -0.088056     0.001471
 168    8.1932     0.013891     0.023469    -0.073130     0.158939
 169    8.2089     0.000816     0.011487    -0.421735     0.827099
 170    8.2181     0.021170     0.008483    -0.623549     0.032852
 171    8.2240     0.007953     0.007291    -0.104539     1.785146
 172    8.2266     0.056304     0.062313     1.085314    -2.491172
 173    8.2545     0.000029     0.016702    -0.139574     0.123275
 174    8.2599     0.009000     0.012602     0.311152    -0.515637
 175    8.2651     0.000220     0.002883     0.001438     0.036650
 176    8.2680     0.000894     0.003140     0.014758    -0.025330
 177    8.2691     0.001979     0.000229     0.018364    -0.047113
 178    8.2818     0.000662     0.000025    -0.285947    -0.218391
 179    8.3046     0.016496     0.020296     0.193522     0.319492
 180    8.3411     0.098173     0.110266     0.122654     0.061838
 181    8.3528     0.025271     0.006028     0.398650     0.203075
 182    8.3671     0.017463     0.027314    -0.341280    -0.464338
 183    8.3888     0.027375     0.019950    -0.012713    -0.064692
 184    8.3944     0.102153     0.153709     0.666385     0.747264
 185    8.4078     0.018660     0.009836    -0.208746    -0.198812
 186    8.4202     0.001785     0.000079    -0.285218    -0.144277
 187    8.4242     0.007511     0.002827     0.166459     0.117816
 188    8.4320     0.009036     0.004517    -0.081307     0.637244
 189    8.4322     0.002309     0.009369    -0.085283    -0.793539
 190    8.4494     0.050053     0.047674    -0.018610    -0.031551
 191    8.4679     0.007718     0.003211    -0.079101    -0.142152
 192    8.4723     0.010632     0.044553     0.088442     0.116736
 193    8.4770     0.000088     0.000157     0.011125     0.058532
 194    8.5093     0.009254     0.006905    -0.063221    -0.016880
 195    8.5145     0.002079     0.000963     0.030611     0.067776
 196    8.5243     0.001369     0.000860    -0.001148    -0.057031
 197    8.5265     0.000063     0.001595     0.035961     0.018672
 198    8.5317     0.001230     0.001190    -1.070056     0.459661
 199    8.5317     0.000125     0.001286     1.095831    -0.463587
 200    8.5578     0.003091     0.000124    -0.002315     0.002083
 201    8.5771     0.001787     0.003246    -0.025964    -0.048105
 202    8.5919     0.000380     0.000019     0.049144     0.072964
 203    8.5976     0.002545     0.001161    -0.013856    -0.054799
 204    8.6015     0.002386     0.002041     0.174552     0.184260
 205    8.6115     0.000478     0.002546     0.089933     0.204308
 206    8.6167     0.000104     0.000843    -0.136333    -0.247202
 207    8.6301     0.000604     0.004917    -0.006763     0.270343
 208    8.6318     0.004408     0.015159     0.038434     0.597714
 209    8.6398     0.000078     0.007161     0.003287    -0.878623
 210    8.6514     0.000197     0.000062     0.007762    -0.001708
 211    8.6540     0.000148     0.000449    -0.008742    -0.008439
 212    8.6678     0.002906     0.000027    -0.047819     0.000842
 213    8.6756     0.003428     0.013821     1.213204     2.653910
 214    8.6779     0.000612     0.005809    -1.104559    -2.440917
 215    8.6941     0.011941     0.011575    -0.100718    -0.442026
 216    8.6994     0.000124     0.004167    -0.087353     0.228338
 217    8.7009     0.000030     0.000551     0.133545    -0.106218
 218    8.7125     0.008258     0.037523    -0.535030     1.001100
 219    8.7144     0.009501     0.003621     0.160372    -0.165098
 220    8.7188     0.004726     0.032433     0.338198    -1.348811
 221    8.7250     0.001665     0.000798     0.033944    -0.041817
 222    8.7311     0.008880     0.000582    -0.103255     0.350081
 223    8.7424     0.004149     0.009256    -0.689605     0.050949
 224    8.7445     0.009436     0.006280     0.746383    -0.124147
 225    8.7518     0.002392     0.000123     0.028331     0.023328
 226    8.7562     0.000890     0.003478     0.002674     0.007214
 227    8.7603     0.000118     0.004235    -0.019988    -0.025303
 228    8.7630     0.001430     0.003205     0.027089     0.083520
 229    8.7741     0.022846     0.010607     0.096034     0.386871
 230    8.7833     0.000022     0.007639     0.031174     0.139908
 231    8.7922     0.005869     0.011546    -0.121186    -0.259158
 232    8.8280     0.007280     0.002601    -0.033002    -0.055498
 233    8.8340     0.000961     0.001957     0.027951     0.035062
 234    8.8446     0.004801     0.003224    -0.009554     0.012811
 235    8.8510     0.003540     0.007290     3.102405     4.345289
 236    8.8511     0.001104     0.006621    -3.086079    -4.289983
 237    8.8763     0.003908     0.000144    -0.455994    -0.069676
 238    8.8774     0.008904     0.012349     0.488922    -0.002978
 239    8.8816     0.000508     0.000256     0.102316     0.003691
 240    8.8886     0.000659     0.000047     0.042995     0.021139
 241    8.9020     0.039454     0.029422     0.131707     0.142026
 242    8.9083     0.001612     0.004255    -0.286504    -0.141595
 243    8.9131     0.005364     0.005216     0.027894     0.028288
 244    8.9233     0.004101     0.005986     0.050499     0.049500
 245    8.9260     0.002303     0.001077     0.061965     0.020617
 246    8.9355     0.000519     0.004306     0.043378     0.026352
 247    8.9383     0.000447     0.005726     0.051783     0.217650
 248    8.9447     0.000161     0.008224     0.008355    -0.037973
 249    8.9511     0.000661     0.000409     0.016706    -0.039487
 250    8.9603     0.000001     0.000004     0.022909    -0.002363
 251    8.9656     0.009614     0.008043    -0.205411    -0.417806
 252    8.9712     0.002698     0.016633    -0.272920    -0.560354
 253    8.9736     0.000262     0.016443     0.195371     0.700597
 254    8.9792     0.000185     0.011848    -0.020808    -0.080344
 255    8.9909     0.001343     0.006949     0.161210     0.134989
 256    9.0020     0.006052     0.000933    -0.072789    -0.022630
 257    9.0080     0.017905     0.021429     0.977418     1.062168
 258    9.0096     0.000042     0.001086    -0.872948    -0.903356
 259    9.0195     0.000761     0.003664    -0.145803    -0.208117
 260    9.0253     0.013509     0.028773    -0.066625    -0.024257
 261    9.0351     0.052851     0.021829     0.181544     0.496446
 262    9.0387     0.004709     0.000756     0.520501     0.320742
 263    9.0507     0.002837     0.006052    -4.618013    -0.474507
 264    9.0513     0.022961     0.025477     3.932843    -0.828923
 265    9.0586     0.004652     0.005456     0.375198     0.798318
 266    9.0600     0.000040     0.002542    -0.083759    -0.145436
 267    9.0836     0.017656     0.021262    -0.264877    -0.146369
 268    9.0947     0.003032     0.003001    -0.112949    -0.011498
 269    9.1030     0.002254     0.013685     0.096314     0.028455
 270    9.1056     0.013056     0.011890     0.299196     0.301368
 271    9.1158     0.007358     0.008496     0.055049     0.072210
 272    9.1177     0.001147     0.000443    -0.320494    -0.319086
 273    9.1285     0.002845     0.003935    -0.078230    -0.061468
 274    9.1337     0.003077     0.004734    -0.003524    -0.056017
 275    9.1572     0.008885     0.010687    -0.133180    -0.161979
 276    9.1596     0.000062     0.000059     0.267829     0.241152
 277    9.1670     0.013256     0.005852    -0.160987    -0.111135
 278    9.1922     0.002794     0.001899     0.364120     0.342590
 279    9.1946     0.002564     0.006999    -0.362571    -0.239083
 280    9.2037     0.002342     0.000894     0.087077    -0.049123
 281    9.2210     0.004227     0.007968    -0.039479    -0.058574
 282    9.2238     0.002304     0.002847     0.093507     0.107525
 283    9.2290     0.002736     0.005893     0.251934     0.296320
 284    9.2296     0.001165     0.002335    -0.184351    -0.264421
 285    9.2387     0.000924     0.003986    -0.138725    -0.154044
 286    9.2468     0.006038     0.001361    -0.203528    -0.109044
 287    9.2480     0.000238     0.006108     0.160631     0.446554
 288    9.2520     0.000474     0.005322     0.115303    -0.177071
 289    9.2744     0.004504     0.011500     0.016472    -0.034287
 290    9.2862     0.009701     0.013875     0.135019     0.158274
 291    9.2888     0.002779     0.002423    -4.917111    -5.750659
 292    9.2894     0.005518     0.009626     4.686123     5.576543
 293    9.2983     0.000977     0.000268     0.053053    -0.001650
 294    9.3208     0.001732     0.005043    -0.039671    -0.027016
 295    9.3313     0.007468     0.007979     0.061574     0.040757
 296    9.3366     0.000077     0.000541    -0.044375    -0.028441
 297    9.3427     0.002163     0.004020    -0.045862    -0.024975
 298    9.3460     0.000011     0.000032    -0.009502    -0.009079
 299    9.3542     0.005492     0.001989    -0.018643    -0.023328
 300    9.3607     0.000593     0.000272     0.040069     0.022854
 301    9.3783     0.004536     0.000771    -0.169542     0.035632
 302    9.3815     0.001945     0.001492    -0.081972     0.076181
 303    9.3878     0.003680     0.000981     1.795802     1.521597
 304    9.3905     0.012143     0.068497    -1.424035    -1.668050
 305    9.4018     0.005525     0.004550     0.569117     0.569752
 306    9.4074     0.001265     0.001518    -0.440360    -0.393617
 307    9.4106     0.000609     0.000532    -0.082389    -0.086482
 308    9.4152     0.000001     0.000424    -0.035549    -0.026387
 309    9.4436     0.000334     0.013310    -0.032082     0.013142
 310    9.4551     0.000082     0.000104     0.655988     0.379247
 311    9.4575     0.000600     0.001530     0.298360     0.531995
 312    9.4576     0.032328     0.013104    -1.198056    -1.055235
 313    9.4648     0.006843     0.008014     0.133290    -0.042055
 314    9.4695     0.000240     0.000026     0.148583     0.215814
 315    9.5124     0.006574     0.002474     0.218309     0.079102
 316    9.5172     0.003773     0.000541    -0.589751    -0.202101
 317    9.5343     0.005158     0.001016    -0.507528     5.342347
 318    9.5345     0.005810     0.001111     0.864462    -5.251716
 319    9.5495     0.000894     0.012152    -0.046023     0.134684
 320    9.5533     0.000524     0.008319     0.213805     0.556022
 321    9.5550     0.000367     0.001853    -0.194805    -0.601304
 322    9.5737     0.000505     0.000200     0.000813     0.003485
 323    9.5746     0.001378     0.000034     0.031441     0.007625
 324    9.5928     0.000091     0.000876     0.001778     0.009630
 325    9.5961     0.004296     0.000258    -0.286459    -0.274705
 326    9.5972     0.000837     0.000592     0.132968     0.091393
 327    9.6013     0.000098     0.000115     0.030913     0.001025
 328    9.6045     0.005182     0.009695     0.098704     0.153723
 329    9.6087     0.000154     0.001363     0.018433     0.062353
 330    9.6182     0.007978     0.002422    -0.239827    -0.158149
 331    9.6223     0.003344     0.000968     0.300884     0.104372
 332    9.6278     0.001256     0.003134    -0.082061    -0.063772
 333    9.6365     0.004686     0.005149     0.100101     0.091843
 334    9.6402     0.004262     0.001029    -0.076154    -0.070465
 335    9.6551     0.000703     0.000590    -0.675386    -0.074105
 336    9.6571     0.005042     0.001246     0.700777     0.077765
 337    9.6598     0.000216     0.000041    -0.005874    -0.003803
 338    9.6730     0.006817     0.000394    -0.053414    -0.023503
 339    9.6963     0.000039     0.000159    -0.025446    -0.025880
 340    9.6971     0.004744     0.001571     0.299784     0.150168
 341    9.7012     0.002009     0.001445     0.009691    -0.021115
 342    9.7025     0.009201     0.000091    -0.290429    -0.101463
 343    9.7212     0.001380     0.000098    -0.051060     0.094386
 344    9.7215     0.004039     0.001628     0.145873    -0.057112
 345    9.7308     0.000739     0.000149    -0.031903     0.004873
 346    9.7339     0.000002     0.001153     0.060569    -0.005960
 347    9.7416     0.001431     0.000261     1.173948     0.384203
 348    9.7418     0.000418     0.000068    -1.162268    -0.354137
 349    9.7477     0.001738     0.001294    -0.060672     0.028850
 350    9.7508     0.001273     0.000356    -0.050143    -0.161997
 351    9.7529     0.018854     0.017064     0.094651     0.141350
 352    9.7606     0.001455     0.000034     0.177925    -0.138076
 353    9.7618     0.000373     0.003888    -0.138385     0.296053
 354    9.7663     0.002709     0.002188    -0.099090    -0.100473
 355    9.7703     0.000024     0.000265     0.010723    -0.222089
 356    9.7721     0.001209     0.003828     0.011242     0.108980
 357    9.7757     0.001126     0.004387     0.032658     0.024235
 358    9.7871     0.002755     0.000519     0.131267     0.130177
 359    9.7885     0.003744     0.003127    -0.252339    -0.144669
 360    9.7901     0.000149     0.001869     0.098420    -0.029173
 361    9.8062     0.012594     0.007763    -0.072057    -0.063721
 362    9.8240     0.000693     0.005413     0.040735    -0.059448
 363    9.8321     0.001503     0.000661     0.232314     0.082389
 364    9.8330     0.002264     0.002866     0.230840     0.239504
 365    9.8343     0.007123     0.002408    -0.485923    -0.461617
 366    9.8426     0.000764     0.007595     0.045088     0.095971
 367    9.8467     0.000817     0.000084     0.096247     0.058531
 368    9.8550     0.000036     0.001255     0.041361     0.132934
 369    9.8637     0.000003     0.002192    -0.016246    -0.065950
 370    9.8700     0.001195     0.008814     0.101456     0.094429
 371    9.8712     0.001341     0.000400    -0.199403    -0.105463
 372    9.8746     0.004730     0.000834     0.152832     0.107855
 373    9.8763     0.000003     0.002492    -0.157699    -0.147345
 374    9.8979     0.000975     0.011267     0.121310    -0.095562
 375    9.9040     0.000853     0.005100    -0.053142    -0.001218
 376    9.9151     0.002052     0.003199    -0.099995     0.024400
 377    9.9219     0.005048     0.001278     0.076785    -0.342276
 378    9.9236     0.000688     0.003848    -0.106717     0.430048
 379    9.9447     0.004978     0.000875     0.033700     0.160237
 380    9.9551     0.007149     0.015982   -12.744211    -7.124748
 381    9.9554     0.007034     0.017195    12.749429     7.351257
 382    9.9621     0.004568     0.010709     0.067504    -0.297766
 383    9.9689     0.010695     0.005932    -0.023408     0.359826
 384    9.9723     0.004400     0.002463    -0.134799    -0.271602
 385    9.9815     0.000977     0.001200     1.798109    -0.570359
 386    9.9832     0.002265     0.013201    -1.849432     0.563752
 387    9.9904     0.000516     0.001648     0.053716     0.108990
 388    9.9922     0.001007     0.007065     0.128476     0.129341
 389    9.9928     0.002541     0.011234    -0.880279    -0.628636
