$coord
        -18.660601465758          8.417364212923         -4.330214819341     c 
        -19.394791413643          5.955555080767         -4.828765255158     c 
        -18.082980437279          3.954812016738         -3.779554833541     c 
        -16.006453327227          4.385208208748         -2.221192436810     c 
        -14.609092089981          2.261331494738         -1.096002326821     c 
        -15.893893800688          0.183020580265         -0.123379184226     c 
        -14.587345636179         -1.833283878166          0.945937774007     c 
        -15.961503175885         -4.023043322821          1.968711530602     c 
        -15.083730096281         -6.468139670282          1.545533695869     c 
        -16.381291935419         -8.528556584719          2.491596945439     c 
        -18.569261123668         -8.180154270647          3.884221821660     c 
        -19.454261656132         -5.756801242291          4.322630244889     c 
        -18.165273230730         -3.694327353984          3.369047515475     c 
        -11.963889985371         -1.755138344346          1.031586419741     c 
        -10.636312295441          0.308810657825          0.072930604011     c 
         -7.872360188841          0.375823880924          0.177896821728     c 
         -6.438540220126         -1.565448865109         -1.033134137893     c 
         -7.611312571157         -3.459047743893         -2.452721492029     c 
         -6.217286586571         -5.302062894369         -3.710912240415     c 
         -3.617134759566         -5.224610817747         -3.641902522917     c 
         -2.397545180935         -3.311632558838         -2.304871559207     c 
         -3.746080806508         -1.498924309177         -0.940904912705     c 
         -2.495901333346          0.508485582529          0.381060162024     c 
          0.250170988831          0.582769220539          0.460613818244     c 
          1.591398658597          2.725168646414         -0.333569373523     c 
          4.189246276551          2.751045136591         -0.335839291352     c 
          5.565620911231          0.640901794815          0.465456123511     c 
          8.296684666777          0.763548569641          0.367356352641     c 
          9.580824092317          2.852695888595          0.731966960095     n 
         12.052034879121          2.219614079219          0.502086589113     c 
         14.198347253584          3.817510227322          0.795142493158     c 
         14.004951708378          6.362998998964          1.413995342880     c 
         16.163312929881          7.812413432218          1.708465190628     c 
         18.521005747566          6.744305627325          1.383188329011     c 
         18.784043893903          4.193201090289          0.747699494509     c 
         21.205725418819          3.075725845427          0.380259043087     c 
         21.434090125918          0.620372816896         -0.286266068960     c 
         19.268744532191         -0.944966982558         -0.633328117792     c 
         19.518463487157         -3.466654140775         -1.378547030095     c 
         17.411516576556         -4.950215358124         -1.760726149550     c 
         15.013407453665         -3.985816206982         -1.356096945383     c 
         14.675058064374         -1.499839362860         -0.551971860431     c 
         16.830787749755          0.085632254555         -0.232234229304     c 
         16.596688435234          2.679005685048          0.445733957098     c 
         12.291307530244         -0.350542643461         -0.060711769270     c 
          9.859822601614         -1.266876807870         -0.119954733419     n 
          9.026621764986         -3.743167312417         -0.627447871633     c 
          7.524027137564         -4.198945450039         -2.733317161282     c 
          6.632682483239         -6.613259730082         -3.188594730542     c 
          7.238338313006         -8.570354282327         -1.559938188617     c 
          8.741675388001         -8.114406467887          0.535185912731     c 
          9.633817742091         -5.705830766501          1.014469509099     c 
          4.242392999417         -1.463192426420          1.357237415585     c 
          1.642342818504         -1.492841455221          1.333429950951     c 
         -3.940057732251          2.441321434374          1.610618177505     c 
         -2.785534221657          4.302918119109          3.081862852738     c 
         -4.193072185052          6.148428377742          4.326041374454     c 
         -6.791634094575          6.106575338458          4.190008354017     c 
         -7.997584768447          4.208892165146          2.822949448135     c 
         -6.631311177210          2.379302627432          1.495848594910     c 
        -11.985749999768          2.308677462213         -0.985754393532     c 
        -15.279452394831          6.868433635932         -1.738296282743     c 
        -16.600222026685          8.866677219825         -2.780704625858     c 
        -19.689533388821          9.979440269135         -5.146817908990     h 
        -20.995500973995          5.593632397582         -6.043545217296     h 
        -18.646124520034          2.037675261463         -4.199989008337     h 
        -17.932758691568          0.134288009798         -0.199226050032     h 
        -13.392203929054         -6.754430223155          0.438025677359     h 
        -15.685070302157        -10.415320227814          2.138910425535     h 
        -19.580178162260         -9.790679450330          4.625785140506     h 
        -21.155403093751         -5.473302455796          5.415608477632     h 
        -18.848144844206         -1.806773545810          3.743171907126     h 
        -10.932189773168         -3.272825757064          1.926486707034     h 
         -9.644554467587         -3.477846658443         -2.609586329627     h 
         -7.187179800206         -6.756887240902         -4.763424015416     h 
         -2.508662337911         -6.615896553546         -4.642169533688     h 
         -0.360859428476         -3.223023665554         -2.358825703537     h 
          0.556942781429          4.339148791456         -1.035583329822     h 
          5.217607797776          4.387150630740         -0.985665074910     h 
         12.146570184459          7.162684502866          1.663649555501     h 
         16.000965447619          9.788483562720          2.195518871663     h 
         20.203095600334          7.880486506600          1.611531895909     h 
         22.857957965997          4.249588382201          0.634781966645     h 
         23.273861315868         -0.216894259789         -0.581452277739     h 
         21.387227536738         -4.233585805273         -1.676538581858     h 
         17.621197075426         -6.884374944633         -2.380178271636     h 
         13.396030911699         -5.178592584212         -1.693778709670     h 
          7.059405643101         -2.657940186946         -3.988008327250     h 
          5.463802730100         -6.965547169125         -4.823065953147     h 
          6.538604593365        -10.452153392140         -1.920513918939     h 
          9.213788237433         -9.636964782223          1.808689806637     h 
         10.797367520286         -5.325626398034          2.648515586769     h 
          5.247279919975         -3.064919200063          2.122514053435     h 
          0.645446217962         -3.115150665345          2.070710106502     h 
         -0.758033517576          4.302853111477          3.296517585992     h 
         -3.231410457058          7.581184626410          5.414882246478     h 
         -7.906903019582          7.509292008414          5.166419080417     h 
        -10.035679493972          4.133518625514          2.820663410499     h 
        -10.963903862888          3.875862284528         -1.803222151568     h 
        -13.689875312313          7.232830743285         -0.509436315142     h 
        -16.022257837993         10.783607742515         -2.380637507387     h 
$end
