 NM
 VELO
 MMASS
   1316.61640000000     
 LFAKTOR
  0.5
 RFAKTOR
  1.0
 WIDTH
  0.20
 SHIFT
  0.00
 DATXY
   1    3.4816     0.000000     0.000000     0.000000     0.000000
   2    3.5096     0.000000     0.000000     0.000000     0.000000
   3    3.5404     0.000000     0.000000     0.000000     0.000000
   4    3.5671     0.000000     0.000000     0.000000     0.000000
   5    3.5706     0.000000     0.000000     0.000000     0.000000
   6    3.5885     0.000000     0.000000     0.000000     0.000000
   7    3.6035     0.000000     0.000000     0.000000     0.000000
   8    3.6140     0.000000     0.000000     0.000000     0.000000
   9    3.6275     0.000000     0.000000     0.000000     0.000000
  10    3.6415     0.000000     0.000000     0.000000     0.000000
  11    3.7180     0.000000     0.000000     0.000000     0.000000
  12    3.7271     0.000000     0.000000     0.000000     0.000000
  13    3.7631     0.000000     0.000000     0.000000     0.000000
  14    3.8935     0.000000     0.000000     0.000000     0.000000
  15    3.9151     0.000000     0.000000     0.000000     0.000000
  16    3.9232     0.000000     0.000000     0.000000     0.000000
  17    3.9462     0.000000     0.000000     0.000000     0.000000
  18    3.9736     0.000000     0.000000     0.000000     0.000000
  19    4.0728     0.000000     0.000000     0.000000     0.000000
  20    4.1249     0.000000     0.000000     0.000000     0.000000
  21    4.2288     0.000000     0.000000     0.000000     0.000000
  22    4.2471     0.000000     0.000000     0.000000     0.000000
  23    4.2771     0.000000     0.000000     0.000000     0.000000
  24    4.3985     0.000000     0.000000     0.000000     0.000000
  25    4.4376     0.000000     0.000000     0.000000     0.000000
  26    4.4493     0.000000     0.000000     0.000000     0.000000
  27    4.5914     0.000000     0.000000     0.000000     0.000000
  28    4.6320     0.000000     0.000000     0.000000     0.000000
  29    4.7851     0.000000     0.000000     0.000000     0.000000
  30    4.8119     0.000000     0.000000     0.000000     0.000000
  31    4.8690     0.000000     0.000000     0.000000     0.000000
  32    4.9083     0.000000     0.000000     0.000000     0.000000
  33    4.9535     0.000000     0.000000     0.000000     0.000000
  34    5.0047     0.000000     0.000000     0.000000     0.000000
  35    5.0449     0.000000     0.000000     0.000000     0.000000
  36    5.0537     0.000000     0.000000     0.000000     0.000000
  37    5.0645     0.000000     0.000000     0.000000     0.000000
  38    5.0759     0.000000     0.000000     0.000000     0.000000
  39    5.1216     0.000000     0.000000     0.000000     0.000000
  40    5.1953     0.000000     0.000000     0.000000     0.000000
  41    5.2183     0.000000     0.000000     0.000000     0.000000
  42    5.2512     0.000000     0.000000     0.000000     0.000000
  43    5.2980     0.000000     0.000000     0.000000     0.000000
  44    5.3271     0.000000     0.000000     0.000000     0.000000
  45    5.3436     0.000000     0.000000     0.000000     0.000000
  46    5.3458     0.000000     0.000000     0.000000     0.000000
  47    5.3505     0.000000     0.000000     0.000000     0.000000
  48    5.3573     0.000000     0.000000     0.000000     0.000000
  49    5.3607     0.000000     0.000000     0.000000     0.000000
  50    5.3765     0.000000     0.000000     0.000000     0.000000
  51    5.3944     0.000000     0.000000     0.000000     0.000000
  52    5.3983     0.000000     0.000000     0.000000     0.000000
  53    5.4000     0.000000     0.000000     0.000000     0.000000
  54    5.4075     0.000000     0.000000     0.000000     0.000000
  55    5.4167     0.000000     0.000000     0.000000     0.000000
  56    5.4192     0.000000     0.000000     0.000000     0.000000
  57    5.4334     0.000000     0.000000     0.000000     0.000000
  58    5.4584     0.000000     0.000000     0.000000     0.000000
  59    5.4849     0.000000     0.000000     0.000000     0.000000
  60    5.5171     0.000000     0.000000     0.000000     0.000000
  61    5.5255     0.000000     0.000000     0.000000     0.000000
  62    5.5429     0.000000     0.000000     0.000000     0.000000
  63    5.5446     0.000000     0.000000     0.000000     0.000000
  64    5.5514     0.000000     0.000000     0.000000     0.000000
  65    5.5531     0.000000     0.000000     0.000000     0.000000
  66    5.5581     0.000000     0.000000     0.000000     0.000000
  67    5.5848     0.000000     0.000000     0.000000     0.000000
  68    5.6097     0.000000     0.000000     0.000000     0.000000
  69    5.6349     0.000000     0.000000     0.000000     0.000000
  70    5.6379     0.000000     0.000000     0.000000     0.000000
  71    5.6521     0.000000     0.000000     0.000000     0.000000
  72    5.6584     0.000000     0.000000     0.000000     0.000000
  73    5.6777     0.000000     0.000000     0.000000     0.000000
  74    5.6804     0.000000     0.000000     0.000000     0.000000
  75    5.6873     0.000000     0.000000     0.000000     0.000000
  76    5.6975     0.000000     0.000000     0.000000     0.000000
  77    5.7318     0.000000     0.000000     0.000000     0.000000
  78    5.7627     0.000000     0.000000     0.000000     0.000000
  79    5.7698     0.000000     0.000000     0.000000     0.000000
  80    5.7734     0.000000     0.000000     0.000000     0.000000
  81    5.7772     0.000000     0.000000     0.000000     0.000000
  82    5.7959     0.000000     0.000000     0.000000     0.000000
  83    5.7969     0.000000     0.000000     0.000000     0.000000
  84    5.8014     0.000000     0.000000     0.000000     0.000000
  85    5.8089     0.000000     0.000000     0.000000     0.000000
  86    5.8246     0.000000     0.000000     0.000000     0.000000
  87    5.8714     0.000000     0.000000     0.000000     0.000000
  88    5.8786     0.000000     0.000000     0.000000     0.000000
  89    5.8858     0.000000     0.000000     0.000000     0.000000
  90    5.9003     0.000000     0.000000     0.000000     0.000000
  91    5.9227     0.000000     0.000000     0.000000     0.000000
  92    5.9465     0.000000     0.000000     0.000000     0.000000
  93    5.9674     0.000000     0.000000     0.000000     0.000000
  94    5.9800     0.000000     0.000000     0.000000     0.000000
  95    5.9944     0.000000     0.000000     0.000000     0.000000
  96    6.0011     0.000000     0.000000     0.000000     0.000000
  97    6.0050     0.000000     0.000000     0.000000     0.000000
  98    6.0067     0.000000     0.000000     0.000000     0.000000
  99    6.0283     0.000000     0.000000     0.000000     0.000000
 100    6.0307     0.000000     0.000000     0.000000     0.000000
 101    6.0385     0.000000     0.000000     0.000000     0.000000
 102    6.0499     0.000000     0.000000     0.000000     0.000000
 103    6.0617     0.000000     0.000000     0.000000     0.000000
 104    6.0832     0.000000     0.000000     0.000000     0.000000
 105    6.0907     0.000000     0.000000     0.000000     0.000000
 106    6.1035     0.000000     0.000000     0.000000     0.000000
 107    6.1220     0.000000     0.000000     0.000000     0.000000
 108    6.1276     0.000000     0.000000     0.000000     0.000000
 109    6.1347     0.000000     0.000000     0.000000     0.000000
 110    6.1396     0.000000     0.000000     0.000000     0.000000
 111    6.1451     0.000000     0.000000     0.000000     0.000000
 112    6.1679     0.000000     0.000000     0.000000     0.000000
 113    6.1785     0.000000     0.000000     0.000000     0.000000
 114    6.1999     0.000000     0.000000     0.000000     0.000000
 115    6.2100     0.000000     0.000000     0.000000     0.000000
 116    6.2287     0.000000     0.000000     0.000000     0.000000
 117    6.2343     0.000000     0.000000     0.000000     0.000000
 118    6.2624     0.000000     0.000000     0.000000     0.000000
 119    6.2880     0.000000     0.000000     0.000000     0.000000
 120    6.3063     0.000000     0.000000     0.000000     0.000000
 121    6.3212     0.000000     0.000000     0.000000     0.000000
 122    6.3273     0.000000     0.000000     0.000000     0.000000
 123    6.3287     0.000000     0.000000     0.000000     0.000000
 124    6.3382     0.000000     0.000000     0.000000     0.000000
 125    6.3571     0.000000     0.000000     0.000000     0.000000
 126    6.3655     0.000000     0.000000     0.000000     0.000000
 127    6.3847     0.000000     0.000000     0.000000     0.000000
 128    6.4168     0.000000     0.000000     0.000000     0.000000
 129    6.4212     0.000000     0.000000     0.000000     0.000000
 130    6.4316     0.000000     0.000000     0.000000     0.000000
 131    6.4412     0.000000     0.000000     0.000000     0.000000
 132    6.4554     0.000000     0.000000     0.000000     0.000000
 133    6.4565     0.000000     0.000000     0.000000     0.000000
 134    6.4641     0.000000     0.000000     0.000000     0.000000
 135    6.4726     0.000000     0.000000     0.000000     0.000000
 136    6.4809     0.000000     0.000000     0.000000     0.000000
 137    6.4931     0.000000     0.000000     0.000000     0.000000
 138    6.4980     0.000000     0.000000     0.000000     0.000000
 139    6.5141     0.000000     0.000000     0.000000     0.000000
 140    6.5160     0.000000     0.000000     0.000000     0.000000
 141    6.5203     0.000000     0.000000     0.000000     0.000000
 142    6.5254     0.000000     0.000000     0.000000     0.000000
 143    6.5343     0.000000     0.000000     0.000000     0.000000
 144    6.5424     0.000000     0.000000     0.000000     0.000000
 145    6.5499     0.000000     0.000000     0.000000     0.000000
 146    6.5601     0.000000     0.000000     0.000000     0.000000
 147    6.5763     0.000000     0.000000     0.000000     0.000000
 148    6.5797     0.000000     0.000000     0.000000     0.000000
 149    6.5821     0.000000     0.000000     0.000000     0.000000
 150    6.6150     0.000000     0.000000     0.000000     0.000000
 151    6.6207     0.000000     0.000000     0.000000     0.000000
 152    6.6277     0.000000     0.000000     0.000000     0.000000
 153    6.6479     0.000000     0.000000     0.000000     0.000000
 154    6.6500     0.000000     0.000000     0.000000     0.000000
 155    6.6595     0.000000     0.000000     0.000000     0.000000
 156    6.6741     0.000000     0.000000     0.000000     0.000000
 157    6.6818     0.000000     0.000000     0.000000     0.000000
 158    6.6859     0.000000     0.000000     0.000000     0.000000
 159    6.6904     0.000000     0.000000     0.000000     0.000000
 160    6.7062     0.000000     0.000000     0.000000     0.000000
 161    6.7116     0.000000     0.000000     0.000000     0.000000
 162    6.7150     0.000000     0.000000     0.000000     0.000000
 163    6.7278     0.000000     0.000000     0.000000     0.000000
 164    6.7564     0.000000     0.000000     0.000000     0.000000
 165    6.7612     0.000000     0.000000     0.000000     0.000000
 166    6.7681     0.000000     0.000000     0.000000     0.000000
 167    6.7752     0.000000     0.000000     0.000000     0.000000
 168    6.8474     0.000000     0.000000     0.000000     0.000000
 169    6.8581     0.000000     0.000000     0.000000     0.000000
 170    6.8667     0.000000     0.000000     0.000000     0.000000
 171    6.8699     0.000000     0.000000     0.000000     0.000000
 172    6.8823     0.000000     0.000000     0.000000     0.000000
 173    6.8896     0.000000     0.000000     0.000000     0.000000
 174    6.8915     0.000000     0.000000     0.000000     0.000000
 175    6.9071     0.000000     0.000000     0.000000     0.000000
 176    6.9081     0.000000     0.000000     0.000000     0.000000
 177    6.9096     0.000000     0.000000     0.000000     0.000000
 178    6.9151     0.000000     0.000000     0.000000     0.000000
 179    6.9170     0.000000     0.000000     0.000000     0.000000
 180    6.9220     0.000000     0.000000     0.000000     0.000000
 181    6.9266     0.000000     0.000000     0.000000     0.000000
 182    6.9313     0.000000     0.000000     0.000000     0.000000
 183    6.9335     0.000000     0.000000     0.000000     0.000000
 184    6.9350     0.000000     0.000000     0.000000     0.000000
 185    6.9429     0.000000     0.000000     0.000000     0.000000
 186    6.9481     0.000000     0.000000     0.000000     0.000000
 187    6.9499     0.000000     0.000000     0.000000     0.000000
 188    6.9516     0.000000     0.000000     0.000000     0.000000
 189    6.9630     0.000000     0.000000     0.000000     0.000000
 190    6.9685     0.000000     0.000000     0.000000     0.000000
 191    6.9754     0.000000     0.000000     0.000000     0.000000
 192    6.9802     0.000000     0.000000     0.000000     0.000000
 193    6.9840     0.000000     0.000000     0.000000     0.000000
 194    6.9939     0.000000     0.000000     0.000000     0.000000
 195    6.9980     0.000000     0.000000     0.000000     0.000000
 196    7.0043     0.000000     0.000000     0.000000     0.000000
 197    7.0151     0.000000     0.000000     0.000000     0.000000
 198    7.0216     0.000000     0.000000     0.000000     0.000000
 199    7.0278     0.000000     0.000000     0.000000     0.000000
 200    7.0385     0.000000     0.000000     0.000000     0.000000
 201    7.0407     0.000000     0.000000     0.000000     0.000000
 202    7.0500     0.000000     0.000000     0.000000     0.000000
 203    7.0538     0.000000     0.000000     0.000000     0.000000
 204    7.0661     0.000000     0.000000     0.000000     0.000000
 205    7.0696     0.000000     0.000000     0.000000     0.000000
 206    7.0854     0.000000     0.000000     0.000000     0.000000
 207    7.0878     0.000000     0.000000     0.000000     0.000000
 208    7.0972     0.000000     0.000000     0.000000     0.000000
 209    7.1205     0.000000     0.000000     0.000000     0.000000
 210    7.1237     0.000000     0.000000     0.000000     0.000000
 211    7.1314     0.000000     0.000000     0.000000     0.000000
 212    7.1352     0.000000     0.000000     0.000000     0.000000
 213    7.1424     0.000000     0.000000     0.000000     0.000000
 214    7.1438     0.000000     0.000000     0.000000     0.000000
 215    7.1490     0.000000     0.000000     0.000000     0.000000
 216    7.1578     0.000000     0.000000     0.000000     0.000000
 217    7.1647     0.000000     0.000000     0.000000     0.000000
 218    7.1726     0.000000     0.000000     0.000000     0.000000
 219    7.1760     0.000000     0.000000     0.000000     0.000000
 220    7.1967     0.000000     0.000000     0.000000     0.000000
 221    7.2016     0.000000     0.000000     0.000000     0.000000
 222    7.2075     0.000000     0.000000     0.000000     0.000000
 223    7.2140     0.000000     0.000000     0.000000     0.000000
 224    7.2208     0.000000     0.000000     0.000000     0.000000
 225    7.2315     0.000000     0.000000     0.000000     0.000000
 226    7.2363     0.000000     0.000000     0.000000     0.000000
 227    7.2386     0.000000     0.000000     0.000000     0.000000
 228    7.2458     0.000000     0.000000     0.000000     0.000000
 229    7.2588     0.000000     0.000000     0.000000     0.000000
 230    7.2613     0.000000     0.000000     0.000000     0.000000
 231    7.2648     0.000000     0.000000     0.000000     0.000000
 232    7.2673     0.000000     0.000000     0.000000     0.000000
 233    7.2730     0.000000     0.000000     0.000000     0.000000
 234    7.2767     0.000000     0.000000     0.000000     0.000000
 235    7.2823     0.000000     0.000000     0.000000     0.000000
 236    7.2898     0.000000     0.000000     0.000000     0.000000
 237    7.2928     0.000000     0.000000     0.000000     0.000000
 238    7.2970     0.000000     0.000000     0.000000     0.000000
 239    7.3051     0.000000     0.000000     0.000000     0.000000
 240    7.3120     0.000000     0.000000     0.000000     0.000000
 241    7.3143     0.000000     0.000000     0.000000     0.000000
 242    7.3170     0.000000     0.000000     0.000000     0.000000
 243    7.3242     0.000000     0.000000     0.000000     0.000000
 244    7.3323     0.000000     0.000000     0.000000     0.000000
 245    7.3386     0.000000     0.000000     0.000000     0.000000
 246    7.3456     0.000000     0.000000     0.000000     0.000000
 247    7.3469     0.000000     0.000000     0.000000     0.000000
 248    7.3520     0.000000     0.000000     0.000000     0.000000
 249    7.3527     0.000000     0.000000     0.000000     0.000000
 250    7.3572     0.000000     0.000000     0.000000     0.000000
 251    7.3587     0.000000     0.000000     0.000000     0.000000
 252    7.3629     0.000000     0.000000     0.000000     0.000000
 253    7.3652     0.000000     0.000000     0.000000     0.000000
 254    7.3660     0.000000     0.000000     0.000000     0.000000
 255    7.3678     0.000000     0.000000     0.000000     0.000000
 256    7.3713     0.000000     0.000000     0.000000     0.000000
 257    7.3816     0.000000     0.000000     0.000000     0.000000
 258    7.3828     0.000000     0.000000     0.000000     0.000000
 259    7.3847     0.000000     0.000000     0.000000     0.000000
 260    7.3967     0.000000     0.000000     0.000000     0.000000
 261    7.4019     0.000000     0.000000     0.000000     0.000000
 262    7.4083     0.000000     0.000000     0.000000     0.000000
 263    7.4103     0.000000     0.000000     0.000000     0.000000
 264    7.4123     0.000000     0.000000     0.000000     0.000000
 265    7.4155     0.000000     0.000000     0.000000     0.000000
 266    7.4210     0.000000     0.000000     0.000000     0.000000
 267    7.4215     0.000000     0.000000     0.000000     0.000000
 268    7.4233     0.000000     0.000000     0.000000     0.000000
 269    7.4293     0.000000     0.000000     0.000000     0.000000
 270    7.4303     0.000000     0.000000     0.000000     0.000000
 271    7.4397     0.000000     0.000000     0.000000     0.000000
 272    7.4434     0.000000     0.000000     0.000000     0.000000
 273    7.4498     0.000000     0.000000     0.000000     0.000000
 274    7.4544     0.000000     0.000000     0.000000     0.000000
 275    7.4560     0.000000     0.000000     0.000000     0.000000
 276    7.4569     0.000000     0.000000     0.000000     0.000000
 277    7.4655     0.000000     0.000000     0.000000     0.000000
 278    7.4714     0.000000     0.000000     0.000000     0.000000
 279    7.4768     0.000000     0.000000     0.000000     0.000000
 280    7.4843     0.000000     0.000000     0.000000     0.000000
 281    7.4867     0.000000     0.000000     0.000000     0.000000
 282    7.4877     0.000000     0.000000     0.000000     0.000000
 283    7.4910     0.000000     0.000000     0.000000     0.000000
 284    7.4960     0.000000     0.000000     0.000000     0.000000
 285    7.4993     0.000000     0.000000     0.000000     0.000000
 286    7.5013     0.000000     0.000000     0.000000     0.000000
 287    7.5037     0.000000     0.000000     0.000000     0.000000
 288    7.5046     0.000000     0.000000     0.000000     0.000000
 289    7.5073     0.000000     0.000000     0.000000     0.000000
 290    7.5095     0.000000     0.000000     0.000000     0.000000
 291    7.5114     0.000000     0.000000     0.000000     0.000000
 292    7.5130     0.000000     0.000000     0.000000     0.000000
 293    7.5196     0.000000     0.000000     0.000000     0.000000
 294    7.5218     0.000000     0.000000     0.000000     0.000000
 295    7.5278     0.000000     0.000000     0.000000     0.000000
 296    7.5329     0.000000     0.000000     0.000000     0.000000
 297    7.5360     0.000000     0.000000     0.000000     0.000000
 298    7.5369     0.000000     0.000000     0.000000     0.000000
 299    7.5438     0.000000     0.000000     0.000000     0.000000
 300    7.5481     0.000000     0.000000     0.000000     0.000000
 301    7.5495     0.000000     0.000000     0.000000     0.000000
 302    7.5540     0.000000     0.000000     0.000000     0.000000
 303    7.5601     0.000000     0.000000     0.000000     0.000000
 304    7.5666     0.000000     0.000000     0.000000     0.000000
 305    7.5670     0.000000     0.000000     0.000000     0.000000
 306    7.5727     0.000000     0.000000     0.000000     0.000000
 307    7.5768     0.000000     0.000000     0.000000     0.000000
 308    7.5860     0.000000     0.000000     0.000000     0.000000
 309    7.5960     0.000000     0.000000     0.000000     0.000000
 310    7.6006     0.000000     0.000000     0.000000     0.000000
 311    7.6028     0.000000     0.000000     0.000000     0.000000
 312    7.6074     0.000000     0.000000     0.000000     0.000000
 313    7.6106     0.000000     0.000000     0.000000     0.000000
 314    7.6143     0.000000     0.000000     0.000000     0.000000
 315    7.6164     0.000000     0.000000     0.000000     0.000000
 316    7.6206     0.000000     0.000000     0.000000     0.000000
 317    7.6226     0.000000     0.000000     0.000000     0.000000
 318    7.6273     0.000000     0.000000     0.000000     0.000000
 319    7.6296     0.000000     0.000000     0.000000     0.000000
 320    7.6356     0.000000     0.000000     0.000000     0.000000
 321    7.6371     0.000000     0.000000     0.000000     0.000000
 322    7.6409     0.000000     0.000000     0.000000     0.000000
 323    7.6442     0.000000     0.000000     0.000000     0.000000
 324    7.6489     0.000000     0.000000     0.000000     0.000000
 325    7.6515     0.000000     0.000000     0.000000     0.000000
 326    7.6591     0.000000     0.000000     0.000000     0.000000
 327    7.6643     0.000000     0.000000     0.000000     0.000000
 328    7.6660     0.000000     0.000000     0.000000     0.000000
 329    7.6689     0.000000     0.000000     0.000000     0.000000
 330    7.6701     0.000000     0.000000     0.000000     0.000000
 331    7.6762     0.000000     0.000000     0.000000     0.000000
 332    7.6773     0.000000     0.000000     0.000000     0.000000
 333    7.6808     0.000000     0.000000     0.000000     0.000000
 334    7.6879     0.000000     0.000000     0.000000     0.000000
 335    7.6915     0.000000     0.000000     0.000000     0.000000
 336    7.6958     0.000000     0.000000     0.000000     0.000000
 337    7.7006     0.000000     0.000000     0.000000     0.000000
 338    7.7049     0.000000     0.000000     0.000000     0.000000
 339    7.7072     0.000000     0.000000     0.000000     0.000000
 340    7.7079     0.000000     0.000000     0.000000     0.000000
 341    7.7103     0.000000     0.000000     0.000000     0.000000
 342    7.7122     0.000000     0.000000     0.000000     0.000000
 343    7.7142     0.000000     0.000000     0.000000     0.000000
 344    7.7158     0.000000     0.000000     0.000000     0.000000
 345    7.7165     0.000000     0.000000     0.000000     0.000000
 346    7.7223     0.000000     0.000000     0.000000     0.000000
 347    7.7233     0.000000     0.000000     0.000000     0.000000
 348    7.7246     0.000000     0.000000     0.000000     0.000000
 349    7.7269     0.000000     0.000000     0.000000     0.000000
 350    7.7322     0.000000     0.000000     0.000000     0.000000
 351    7.7409     0.000000     0.000000     0.000000     0.000000
 352    7.7447     0.000000     0.000000     0.000000     0.000000
 353    7.7470     0.000000     0.000000     0.000000     0.000000
 354    7.7475     0.000000     0.000000     0.000000     0.000000
 355    7.7503     0.000000     0.000000     0.000000     0.000000
 356    7.7554     0.000000     0.000000     0.000000     0.000000
 357    7.7615     0.000000     0.000000     0.000000     0.000000
 358    7.7630     0.000000     0.000000     0.000000     0.000000
 359    7.7658     0.000000     0.000000     0.000000     0.000000
 360    7.7735     0.000000     0.000000     0.000000     0.000000
 361    7.7783     0.000000     0.000000     0.000000     0.000000
 362    7.7788     0.000000     0.000000     0.000000     0.000000
 363    7.7814     0.000000     0.000000     0.000000     0.000000
 364    7.7837     0.000000     0.000000     0.000000     0.000000
 365    7.7909     0.000000     0.000000     0.000000     0.000000
 366    7.7953     0.000000     0.000000     0.000000     0.000000
 367    7.7995     0.000000     0.000000     0.000000     0.000000
 368    7.8022     0.000000     0.000000     0.000000     0.000000
 369    7.8082     0.000000     0.000000     0.000000     0.000000
 370    7.8105     0.000000     0.000000     0.000000     0.000000
 371    7.8119     0.000000     0.000000     0.000000     0.000000
 372    7.8168     0.000000     0.000000     0.000000     0.000000
 373    7.8194     0.000000     0.000000     0.000000     0.000000
 374    7.8221     0.000000     0.000000     0.000000     0.000000
 375    7.8256     0.000000     0.000000     0.000000     0.000000
 376    7.8263     0.000000     0.000000     0.000000     0.000000
 377    7.8284     0.000000     0.000000     0.000000     0.000000
 378    7.8295     0.000000     0.000000     0.000000     0.000000
 379    7.8378     0.000000     0.000000     0.000000     0.000000
 380    7.8419     0.000000     0.000000     0.000000     0.000000
 381    7.8478     0.000000     0.000000     0.000000     0.000000
 382    7.8493     0.000000     0.000000     0.000000     0.000000
 383    7.8502     0.000000     0.000000     0.000000     0.000000
 384    7.8598     0.000000     0.000000     0.000000     0.000000
 385    7.8702     0.000000     0.000000     0.000000     0.000000
 386    7.8728     0.000000     0.000000     0.000000     0.000000
 387    7.8768     0.000000     0.000000     0.000000     0.000000
 388    7.8795     0.000000     0.000000     0.000000     0.000000
 389    7.8809     0.000000     0.000000     0.000000     0.000000
 390    7.8833     0.000000     0.000000     0.000000     0.000000
 391    7.8886     0.000000     0.000000     0.000000     0.000000
 392    7.8936     0.000000     0.000000     0.000000     0.000000
 393    7.8974     0.000000     0.000000     0.000000     0.000000
 394    7.9011     0.000000     0.000000     0.000000     0.000000
 395    7.9039     0.000000     0.000000     0.000000     0.000000
 396    7.9048     0.000000     0.000000     0.000000     0.000000
 397    7.9067     0.000000     0.000000     0.000000     0.000000
 398    7.9091     0.000000     0.000000     0.000000     0.000000
 399    7.9219     0.000000     0.000000     0.000000     0.000000
 400    7.9242     0.000000     0.000000     0.000000     0.000000
 401    7.9292     0.000000     0.000000     0.000000     0.000000
 402    7.9328     0.000000     0.000000     0.000000     0.000000
 403    7.9398     0.000000     0.000000     0.000000     0.000000
 404    7.9483     0.000000     0.000000     0.000000     0.000000
 405    7.9497     0.000000     0.000000     0.000000     0.000000
 406    7.9590     0.000000     0.000000     0.000000     0.000000
 407    7.9624     0.000000     0.000000     0.000000     0.000000
 408    7.9653     0.000000     0.000000     0.000000     0.000000
 409    7.9677     0.000000     0.000000     0.000000     0.000000
 410    7.9736     0.000000     0.000000     0.000000     0.000000
 411    7.9741     0.000000     0.000000     0.000000     0.000000
 412    7.9779     0.000000     0.000000     0.000000     0.000000
 413    7.9815     0.000000     0.000000     0.000000     0.000000
 414    7.9864     0.000000     0.000000     0.000000     0.000000
 415    7.9951     0.000000     0.000000     0.000000     0.000000
 416    8.0005     0.000000     0.000000     0.000000     0.000000
 417    8.0040     0.000000     0.000000     0.000000     0.000000
 418    8.0169     0.000000     0.000000     0.000000     0.000000
 419    8.0219     0.000000     0.000000     0.000000     0.000000
 420    8.0221     0.000000     0.000000     0.000000     0.000000
 421    8.0241     0.000000     0.000000     0.000000     0.000000
 422    8.0318     0.000000     0.000000     0.000000     0.000000
 423    8.0357     0.000000     0.000000     0.000000     0.000000
 424    8.0382     0.000000     0.000000     0.000000     0.000000
 425    8.0407     0.000000     0.000000     0.000000     0.000000
 426    8.0422     0.000000     0.000000     0.000000     0.000000
 427    8.0448     0.000000     0.000000     0.000000     0.000000
 428    8.0463     0.000000     0.000000     0.000000     0.000000
 429    8.0524     0.000000     0.000000     0.000000     0.000000
 430    8.0547     0.000000     0.000000     0.000000     0.000000
 431    8.0640     0.000000     0.000000     0.000000     0.000000
 432    8.0649     0.000000     0.000000     0.000000     0.000000
 433    8.0719     0.000000     0.000000     0.000000     0.000000
 434    8.0738     0.000000     0.000000     0.000000     0.000000
 435    8.0806     0.000000     0.000000     0.000000     0.000000
 436    8.0881     0.000000     0.000000     0.000000     0.000000
 437    8.0902     0.000000     0.000000     0.000000     0.000000
 438    8.0971     0.000000     0.000000     0.000000     0.000000
 439    8.0998     0.000000     0.000000     0.000000     0.000000
 440    8.1006     0.000000     0.000000     0.000000     0.000000
 441    8.1013     0.000000     0.000000     0.000000     0.000000
 442    8.1040     0.000000     0.000000     0.000000     0.000000
 443    8.1063     0.000000     0.000000     0.000000     0.000000
 444    8.1075     0.000000     0.000000     0.000000     0.000000
 445    8.1105     0.000000     0.000000     0.000000     0.000000
 446    8.1145     0.000000     0.000000     0.000000     0.000000
 447    8.1177     0.000000     0.000000     0.000000     0.000000
 448    8.1207     0.000000     0.000000     0.000000     0.000000
 449    8.1233     0.000000     0.000000     0.000000     0.000000
 450    8.1254     0.000000     0.000000     0.000000     0.000000
 451    8.1306     0.000000     0.000000     0.000000     0.000000
 452    8.1365     0.000000     0.000000     0.000000     0.000000
 453    8.1391     0.000000     0.000000     0.000000     0.000000
 454    8.1410     0.000000     0.000000     0.000000     0.000000
 455    8.1504     0.000000     0.000000     0.000000     0.000000
 456    8.1532     0.000000     0.000000     0.000000     0.000000
 457    8.1581     0.000000     0.000000     0.000000     0.000000
 458    8.1644     0.000000     0.000000     0.000000     0.000000
 459    8.1700     0.000000     0.000000     0.000000     0.000000
 460    8.1750     0.000000     0.000000     0.000000     0.000000
 461    8.1780     0.000000     0.000000     0.000000     0.000000
 462    8.1798     0.000000     0.000000     0.000000     0.000000
 463    8.1810     0.000000     0.000000     0.000000     0.000000
 464    8.1879     0.000000     0.000000     0.000000     0.000000
 465    8.1906     0.000000     0.000000     0.000000     0.000000
 466    8.1917     0.000000     0.000000     0.000000     0.000000
 467    8.1939     0.000000     0.000000     0.000000     0.000000
 468    8.1968     0.000000     0.000000     0.000000     0.000000
 469    8.1987     0.000000     0.000000     0.000000     0.000000
 470    8.2049     0.000000     0.000000     0.000000     0.000000
 471    8.2077     0.000000     0.000000     0.000000     0.000000
 472    8.2098     0.000000     0.000000     0.000000     0.000000
 473    8.2149     0.000000     0.000000     0.000000     0.000000
 474    8.2169     0.000000     0.000000     0.000000     0.000000
 475    8.2206     0.000000     0.000000     0.000000     0.000000
 476    8.2247     0.000000     0.000000     0.000000     0.000000
 477    8.2271     0.000000     0.000000     0.000000     0.000000
 478    8.2311     0.000000     0.000000     0.000000     0.000000
 479    8.2366     0.000000     0.000000     0.000000     0.000000
 480    8.2390     0.000000     0.000000     0.000000     0.000000
 481    8.2424     0.000000     0.000000     0.000000     0.000000
 482    8.2444     0.000000     0.000000     0.000000     0.000000
 483    8.2468     0.000000     0.000000     0.000000     0.000000
 484    8.2492     0.000000     0.000000     0.000000     0.000000
 485    8.2541     0.000000     0.000000     0.000000     0.000000
 486    8.2556     0.000000     0.000000     0.000000     0.000000
 487    8.2583     0.000000     0.000000     0.000000     0.000000
 488    8.2586     0.000000     0.000000     0.000000     0.000000
 489    8.2618     0.000000     0.000000     0.000000     0.000000
 490    8.2632     0.000000     0.000000     0.000000     0.000000
 491    8.2679     0.000000     0.000000     0.000000     0.000000
 492    8.2702     0.000000     0.000000     0.000000     0.000000
 493    8.2723     0.000000     0.000000     0.000000     0.000000
 494    8.2740     0.000000     0.000000     0.000000     0.000000
 495    8.2782     0.000000     0.000000     0.000000     0.000000
 496    8.2797     0.000000     0.000000     0.000000     0.000000
 497    8.2812     0.000000     0.000000     0.000000     0.000000
 498    8.2820     0.000000     0.000000     0.000000     0.000000
 499    8.2845     0.000000     0.000000     0.000000     0.000000
 500    8.2866     0.000000     0.000000     0.000000     0.000000
 501    8.2888     0.000000     0.000000     0.000000     0.000000
 502    8.2965     0.000000     0.000000     0.000000     0.000000
 503    8.2970     0.000000     0.000000     0.000000     0.000000
 504    8.2987     0.000000     0.000000     0.000000     0.000000
 505    8.3018     0.000000     0.000000     0.000000     0.000000
 506    8.3039     0.000000     0.000000     0.000000     0.000000
 507    8.3066     0.000000     0.000000     0.000000     0.000000
 508    8.3078     0.000000     0.000000     0.000000     0.000000
 509    8.3090     0.000000     0.000000     0.000000     0.000000
 510    8.3130     0.000000     0.000000     0.000000     0.000000
 511    8.3132     0.000000     0.000000     0.000000     0.000000
 512    8.3189     0.000000     0.000000     0.000000     0.000000
 513    8.3204     0.000000     0.000000     0.000000     0.000000
 514    8.3235     0.000000     0.000000     0.000000     0.000000
 515    8.3293     0.000000     0.000000     0.000000     0.000000
 516    8.3300     0.000000     0.000000     0.000000     0.000000
 517    8.3339     0.000000     0.000000     0.000000     0.000000
 518    8.3355     0.000000     0.000000     0.000000     0.000000
 519    8.3385     0.000000     0.000000     0.000000     0.000000
 520    8.3401     0.000000     0.000000     0.000000     0.000000
 521    8.3429     0.000000     0.000000     0.000000     0.000000
 522    8.3447     0.000000     0.000000     0.000000     0.000000
 523    8.3472     0.000000     0.000000     0.000000     0.000000
 524    8.3535     0.000000     0.000000     0.000000     0.000000
 525    8.3579     0.000000     0.000000     0.000000     0.000000
 526    8.3603     0.000000     0.000000     0.000000     0.000000
 527    8.3650     0.000000     0.000000     0.000000     0.000000
 528    8.3666     0.000000     0.000000     0.000000     0.000000
 529    8.3762     0.000000     0.000000     0.000000     0.000000
 530    8.3790     0.000000     0.000000     0.000000     0.000000
 531    8.3827     0.000000     0.000000     0.000000     0.000000
 532    8.3849     0.000000     0.000000     0.000000     0.000000
 533    8.3873     0.000000     0.000000     0.000000     0.000000
 534    8.3910     0.000000     0.000000     0.000000     0.000000
 535    8.3930     0.000000     0.000000     0.000000     0.000000
 536    8.4000     0.000000     0.000000     0.000000     0.000000
 537    8.4029     0.000000     0.000000     0.000000     0.000000
 538    8.4068     0.000000     0.000000     0.000000     0.000000
 539    8.4077     0.000000     0.000000     0.000000     0.000000
 540    8.4113     0.000000     0.000000     0.000000     0.000000
 541    8.4154     0.000000     0.000000     0.000000     0.000000
 542    8.4195     0.000000     0.000000     0.000000     0.000000
 543    8.4216     0.000000     0.000000     0.000000     0.000000
 544    8.4236     0.000000     0.000000     0.000000     0.000000
 545    8.4260     0.000000     0.000000     0.000000     0.000000
 546    8.4293     0.000000     0.000000     0.000000     0.000000
 547    8.4320     0.000000     0.000000     0.000000     0.000000
 548    8.4334     0.000000     0.000000     0.000000     0.000000
 549    8.4345     0.000000     0.000000     0.000000     0.000000
 550    8.4387     0.000000     0.000000     0.000000     0.000000
 551    8.4393     0.000000     0.000000     0.000000     0.000000
 552    8.4400     0.000000     0.000000     0.000000     0.000000
 553    8.4447     0.000000     0.000000     0.000000     0.000000
 554    8.4455     0.000000     0.000000     0.000000     0.000000
 555    8.4474     0.000000     0.000000     0.000000     0.000000
 556    8.4515     0.000000     0.000000     0.000000     0.000000
 557    8.4557     0.000000     0.000000     0.000000     0.000000
 558    8.4584     0.000000     0.000000     0.000000     0.000000
 559    8.4605     0.000000     0.000000     0.000000     0.000000
 560    8.4651     0.000000     0.000000     0.000000     0.000000
 561    8.4666     0.000000     0.000000     0.000000     0.000000
 562    8.4684     0.000000     0.000000     0.000000     0.000000
 563    8.4701     0.000000     0.000000     0.000000     0.000000
 564    8.4751     0.000000     0.000000     0.000000     0.000000
 565    8.4754     0.000000     0.000000     0.000000     0.000000
 566    8.4778     0.000000     0.000000     0.000000     0.000000
 567    8.4794     0.000000     0.000000     0.000000     0.000000
 568    8.4810     0.000000     0.000000     0.000000     0.000000
 569    8.4817     0.000000     0.000000     0.000000     0.000000
 570    8.4843     0.000000     0.000000     0.000000     0.000000
 571    8.4851     0.000000     0.000000     0.000000     0.000000
 572    8.4867     0.000000     0.000000     0.000000     0.000000
 573    8.4890     0.000000     0.000000     0.000000     0.000000
 574    8.4905     0.000000     0.000000     0.000000     0.000000
 575    8.4936     0.000000     0.000000     0.000000     0.000000
 576    8.4977     0.000000     0.000000     0.000000     0.000000
 577    8.4990     0.000000     0.000000     0.000000     0.000000
 578    8.5009     0.000000     0.000000     0.000000     0.000000
 579    8.5034     0.000000     0.000000     0.000000     0.000000
 580    8.5067     0.000000     0.000000     0.000000     0.000000
 581    8.5072     0.000000     0.000000     0.000000     0.000000
 582    8.5086     0.000000     0.000000     0.000000     0.000000
 583    8.5114     0.000000     0.000000     0.000000     0.000000
 584    8.5131     0.000000     0.000000     0.000000     0.000000
 585    8.5155     0.000000     0.000000     0.000000     0.000000
 586    8.5160     0.000000     0.000000     0.000000     0.000000
 587    8.5185     0.000000     0.000000     0.000000     0.000000
 588    8.5228     0.000000     0.000000     0.000000     0.000000
 589    8.5255     0.000000     0.000000     0.000000     0.000000
 590    8.5284     0.000000     0.000000     0.000000     0.000000
 591    8.5322     0.000000     0.000000     0.000000     0.000000
 592    8.5347     0.000000     0.000000     0.000000     0.000000
 593    8.5354     0.000000     0.000000     0.000000     0.000000
 594    8.5372     0.000000     0.000000     0.000000     0.000000
 595    8.5393     0.000000     0.000000     0.000000     0.000000
 596    8.5431     0.000000     0.000000     0.000000     0.000000
 597    8.5476     0.000000     0.000000     0.000000     0.000000
 598    8.5496     0.000000     0.000000     0.000000     0.000000
 599    8.5501     0.000000     0.000000     0.000000     0.000000
 600    8.5517     0.000000     0.000000     0.000000     0.000000
 601    8.5535     0.000000     0.000000     0.000000     0.000000
 602    8.5543     0.000000     0.000000     0.000000     0.000000
 603    8.5584     0.000000     0.000000     0.000000     0.000000
 604    8.5610     0.000000     0.000000     0.000000     0.000000
 605    8.5629     0.000000     0.000000     0.000000     0.000000
 606    8.5654     0.000000     0.000000     0.000000     0.000000
 607    8.5675     0.000000     0.000000     0.000000     0.000000
 608    8.5678     0.000000     0.000000     0.000000     0.000000
 609    8.5688     0.000000     0.000000     0.000000     0.000000
 610    8.5725     0.000000     0.000000     0.000000     0.000000
 611    8.5759     0.000000     0.000000     0.000000     0.000000
 612    8.5783     0.000000     0.000000     0.000000     0.000000
 613    8.5821     0.000000     0.000000     0.000000     0.000000
 614    8.5836     0.000000     0.000000     0.000000     0.000000
 615    8.5850     0.000000     0.000000     0.000000     0.000000
 616    8.5887     0.000000     0.000000     0.000000     0.000000
 617    8.5911     0.000000     0.000000     0.000000     0.000000
 618    8.5935     0.000000     0.000000     0.000000     0.000000
 619    8.5964     0.000000     0.000000     0.000000     0.000000
 620    8.6014     0.000000     0.000000     0.000000     0.000000
 621    8.6027     0.000000     0.000000     0.000000     0.000000
 622    8.6060     0.000000     0.000000     0.000000     0.000000
 623    8.6082     0.000000     0.000000     0.000000     0.000000
 624    8.6100     0.000000     0.000000     0.000000     0.000000
 625    8.6137     0.000000     0.000000     0.000000     0.000000
 626    8.6156     0.000000     0.000000     0.000000     0.000000
 627    8.6221     0.000000     0.000000     0.000000     0.000000
 628    8.6229     0.000000     0.000000     0.000000     0.000000
 629    8.6275     0.000000     0.000000     0.000000     0.000000
 630    8.6313     0.000000     0.000000     0.000000     0.000000
 631    8.6342     0.000000     0.000000     0.000000     0.000000
 632    8.6381     0.000000     0.000000     0.000000     0.000000
 633    8.6422     0.000000     0.000000     0.000000     0.000000
 634    8.6452     0.000000     0.000000     0.000000     0.000000
 635    8.6463     0.000000     0.000000     0.000000     0.000000
 636    8.6486     0.000000     0.000000     0.000000     0.000000
 637    8.6501     0.000000     0.000000     0.000000     0.000000
 638    8.6530     0.000000     0.000000     0.000000     0.000000
 639    8.6554     0.000000     0.000000     0.000000     0.000000
 640    8.6569     0.000000     0.000000     0.000000     0.000000
 641    8.6595     0.000000     0.000000     0.000000     0.000000
 642    8.6613     0.000000     0.000000     0.000000     0.000000
 643    8.6662     0.000000     0.000000     0.000000     0.000000
 644    8.6673     0.000000     0.000000     0.000000     0.000000
 645    8.6692     0.000000     0.000000     0.000000     0.000000
 646    8.6716     0.000000     0.000000     0.000000     0.000000
 647    8.6733     0.000000     0.000000     0.000000     0.000000
 648    8.6784     0.000000     0.000000     0.000000     0.000000
 649    8.6807     0.000000     0.000000     0.000000     0.000000
 650    8.6811     0.000000     0.000000     0.000000     0.000000
 651    8.6840     0.000000     0.000000     0.000000     0.000000
 652    8.6888     0.000000     0.000000     0.000000     0.000000
 653    8.6898     0.000000     0.000000     0.000000     0.000000
 654    8.6921     0.000000     0.000000     0.000000     0.000000
 655    8.6927     0.000000     0.000000     0.000000     0.000000
 656    8.6955     0.000000     0.000000     0.000000     0.000000
 657    8.6994     0.000000     0.000000     0.000000     0.000000
 658    8.6996     0.000000     0.000000     0.000000     0.000000
 659    8.7026     0.000000     0.000000     0.000000     0.000000
 660    8.7040     0.000000     0.000000     0.000000     0.000000
 661    8.7084     0.000000     0.000000     0.000000     0.000000
 662    8.7123     0.000000     0.000000     0.000000     0.000000
 663    8.7136     0.000000     0.000000     0.000000     0.000000
 664    8.7148     0.000000     0.000000     0.000000     0.000000
 665    8.7154     0.000000     0.000000     0.000000     0.000000
 666    8.7179     0.000000     0.000000     0.000000     0.000000
 667    8.7191     0.000000     0.000000     0.000000     0.000000
 668    8.7209     0.000000     0.000000     0.000000     0.000000
 669    8.7225     0.000000     0.000000     0.000000     0.000000
 670    8.7247     0.000000     0.000000     0.000000     0.000000
 671    8.7262     0.000000     0.000000     0.000000     0.000000
 672    8.7303     0.000000     0.000000     0.000000     0.000000
 673    8.7329     0.000000     0.000000     0.000000     0.000000
 674    8.7366     0.000000     0.000000     0.000000     0.000000
 675    8.7384     0.000000     0.000000     0.000000     0.000000
 676    8.7410     0.000000     0.000000     0.000000     0.000000
 677    8.7423     0.000000     0.000000     0.000000     0.000000
 678    8.7451     0.000000     0.000000     0.000000     0.000000
 679    8.7470     0.000000     0.000000     0.000000     0.000000
 680    8.7484     0.000000     0.000000     0.000000     0.000000
 681    8.7503     0.000000     0.000000     0.000000     0.000000
 682    8.7542     0.000000     0.000000     0.000000     0.000000
 683    8.7575     0.000000     0.000000     0.000000     0.000000
 684    8.7592     0.000000     0.000000     0.000000     0.000000
 685    8.7604     0.000000     0.000000     0.000000     0.000000
 686    8.7612     0.000000     0.000000     0.000000     0.000000
 687    8.7633     0.000000     0.000000     0.000000     0.000000
 688    8.7658     0.000000     0.000000     0.000000     0.000000
 689    8.7681     0.000000     0.000000     0.000000     0.000000
 690    8.7703     0.000000     0.000000     0.000000     0.000000
 691    8.7717     0.000000     0.000000     0.000000     0.000000
 692    8.7733     0.000000     0.000000     0.000000     0.000000
 693    8.7769     0.000000     0.000000     0.000000     0.000000
 694    8.7787     0.000000     0.000000     0.000000     0.000000
 695    8.7798     0.000000     0.000000     0.000000     0.000000
 696    8.7822     0.000000     0.000000     0.000000     0.000000
 697    8.7867     0.000000     0.000000     0.000000     0.000000
 698    8.7875     0.000000     0.000000     0.000000     0.000000
 699    8.7908     0.000000     0.000000     0.000000     0.000000
 700    8.7919     0.000000     0.000000     0.000000     0.000000
 701    8.7934     0.000000     0.000000     0.000000     0.000000
 702    8.7945     0.000000     0.000000     0.000000     0.000000
 703    8.7955     0.000000     0.000000     0.000000     0.000000
 704    8.8005     0.000000     0.000000     0.000000     0.000000
 705    8.8035     0.000000     0.000000     0.000000     0.000000
 706    8.8046     0.000000     0.000000     0.000000     0.000000
 707    8.8066     0.000000     0.000000     0.000000     0.000000
 708    8.8094     0.000000     0.000000     0.000000     0.000000
 709    8.8109     0.000000     0.000000     0.000000     0.000000
 710    8.8127     0.000000     0.000000     0.000000     0.000000
 711    8.8149     0.000000     0.000000     0.000000     0.000000
 712    8.8171     0.000000     0.000000     0.000000     0.000000
 713    8.8220     0.000000     0.000000     0.000000     0.000000
 714    8.8247     0.000000     0.000000     0.000000     0.000000
 715    8.8272     0.000000     0.000000     0.000000     0.000000
 716    8.8293     0.000000     0.000000     0.000000     0.000000
 717    8.8298     0.000000     0.000000     0.000000     0.000000
 718    8.8319     0.000000     0.000000     0.000000     0.000000
 719    8.8331     0.000000     0.000000     0.000000     0.000000
 720    8.8360     0.000000     0.000000     0.000000     0.000000
 721    8.8370     0.000000     0.000000     0.000000     0.000000
 722    8.8413     0.000000     0.000000     0.000000     0.000000
 723    8.8460     0.000000     0.000000     0.000000     0.000000
 724    8.8482     0.000000     0.000000     0.000000     0.000000
 725    8.8511     0.000000     0.000000     0.000000     0.000000
 726    8.8520     0.000000     0.000000     0.000000     0.000000
 727    8.8533     0.000000     0.000000     0.000000     0.000000
 728    8.8542     0.000000     0.000000     0.000000     0.000000
 729    8.8574     0.000000     0.000000     0.000000     0.000000
 730    8.8593     0.000000     0.000000     0.000000     0.000000
 731    8.8608     0.000000     0.000000     0.000000     0.000000
 732    8.8624     0.000000     0.000000     0.000000     0.000000
 733    8.8639     0.000000     0.000000     0.000000     0.000000
 734    8.8648     0.000000     0.000000     0.000000     0.000000
 735    8.8651     0.000000     0.000000     0.000000     0.000000
 736    8.8672     0.000000     0.000000     0.000000     0.000000
 737    8.8692     0.000000     0.000000     0.000000     0.000000
 738    8.8725     0.000000     0.000000     0.000000     0.000000
 739    8.8765     0.000000     0.000000     0.000000     0.000000
 740    8.8784     0.000000     0.000000     0.000000     0.000000
 741    8.8789     0.000000     0.000000     0.000000     0.000000
 742    8.8811     0.000000     0.000000     0.000000     0.000000
 743    8.8837     0.000000     0.000000     0.000000     0.000000
 744    8.8840     0.000000     0.000000     0.000000     0.000000
 745    8.8864     0.000000     0.000000     0.000000     0.000000
 746    8.8879     0.000000     0.000000     0.000000     0.000000
 747    8.8955     0.000000     0.000000     0.000000     0.000000
 748    8.8965     0.000000     0.000000     0.000000     0.000000
 749    8.8988     0.000000     0.000000     0.000000     0.000000
 750    8.9012     0.000000     0.000000     0.000000     0.000000
 751    8.9027     0.000000     0.000000     0.000000     0.000000
 752    8.9049     0.000000     0.000000     0.000000     0.000000
 753    8.9062     0.000000     0.000000     0.000000     0.000000
 754    8.9071     0.000000     0.000000     0.000000     0.000000
 755    8.9102     0.000000     0.000000     0.000000     0.000000
 756    8.9110     0.000000     0.000000     0.000000     0.000000
 757    8.9128     0.000000     0.000000     0.000000     0.000000
 758    8.9153     0.000000     0.000000     0.000000     0.000000
 759    8.9160     0.000000     0.000000     0.000000     0.000000
 760    8.9170     0.000000     0.000000     0.000000     0.000000
 761    8.9196     0.000000     0.000000     0.000000     0.000000
 762    8.9200     0.000000     0.000000     0.000000     0.000000
 763    8.9214     0.000000     0.000000     0.000000     0.000000
 764    8.9237     0.000000     0.000000     0.000000     0.000000
 765    8.9252     0.000000     0.000000     0.000000     0.000000
 766    8.9285     0.000000     0.000000     0.000000     0.000000
 767    8.9310     0.000000     0.000000     0.000000     0.000000
 768    8.9323     0.000000     0.000000     0.000000     0.000000
 769    8.9358     0.000000     0.000000     0.000000     0.000000
 770    8.9364     0.000000     0.000000     0.000000     0.000000
 771    8.9433     0.000000     0.000000     0.000000     0.000000
 772    8.9447     0.000000     0.000000     0.000000     0.000000
 773    8.9453     0.000000     0.000000     0.000000     0.000000
 774    8.9476     0.000000     0.000000     0.000000     0.000000
 775    8.9493     0.000000     0.000000     0.000000     0.000000
 776    8.9527     0.000000     0.000000     0.000000     0.000000
 777    8.9547     0.000000     0.000000     0.000000     0.000000
 778    8.9565     0.000000     0.000000     0.000000     0.000000
 779    8.9573     0.000000     0.000000     0.000000     0.000000
 780    8.9610     0.000000     0.000000     0.000000     0.000000
 781    8.9615     0.000000     0.000000     0.000000     0.000000
 782    8.9625     0.000000     0.000000     0.000000     0.000000
 783    8.9674     0.000000     0.000000     0.000000     0.000000
 784    8.9678     0.000000     0.000000     0.000000     0.000000
 785    8.9708     0.000000     0.000000     0.000000     0.000000
 786    8.9719     0.000000     0.000000     0.000000     0.000000
 787    8.9762     0.000000     0.000000     0.000000     0.000000
 788    8.9782     0.000000     0.000000     0.000000     0.000000
 789    8.9815     0.000000     0.000000     0.000000     0.000000
 790    8.9839     0.000000     0.000000     0.000000     0.000000
 791    8.9877     0.000000     0.000000     0.000000     0.000000
 792    8.9913     0.000000     0.000000     0.000000     0.000000
 793    8.9925     0.000000     0.000000     0.000000     0.000000
 794    8.9928     0.000000     0.000000     0.000000     0.000000
 795    8.9948     0.000000     0.000000     0.000000     0.000000
 796    8.9994     0.000000     0.000000     0.000000     0.000000
 797    9.0033     0.000000     0.000000     0.000000     0.000000
 798    9.0051     0.000000     0.000000     0.000000     0.000000
 799    9.0074     0.000000     0.000000     0.000000     0.000000
 800    9.0084     0.000000     0.000000     0.000000     0.000000
 801    9.0115     0.000000     0.000000     0.000000     0.000000
 802    9.0140     0.000000     0.000000     0.000000     0.000000
 803    9.0170     0.000000     0.000000     0.000000     0.000000
 804    9.0180     0.000000     0.000000     0.000000     0.000000
 805    9.0201     0.000000     0.000000     0.000000     0.000000
 806    9.0240     0.000000     0.000000     0.000000     0.000000
 807    9.0245     0.000000     0.000000     0.000000     0.000000
 808    9.0273     0.000000     0.000000     0.000000     0.000000
 809    9.0280     0.000000     0.000000     0.000000     0.000000
 810    9.0296     0.000000     0.000000     0.000000     0.000000
 811    9.0333     0.000000     0.000000     0.000000     0.000000
 812    9.0348     0.000000     0.000000     0.000000     0.000000
 813    9.0362     0.000000     0.000000     0.000000     0.000000
 814    9.0403     0.000000     0.000000     0.000000     0.000000
 815    9.0424     0.000000     0.000000     0.000000     0.000000
 816    9.0455     0.000000     0.000000     0.000000     0.000000
 817    9.0461     0.000000     0.000000     0.000000     0.000000
 818    9.0477     0.000000     0.000000     0.000000     0.000000
 819    9.0485     0.000000     0.000000     0.000000     0.000000
 820    9.0523     0.000000     0.000000     0.000000     0.000000
 821    9.0536     0.000000     0.000000     0.000000     0.000000
 822    9.0565     0.000000     0.000000     0.000000     0.000000
 823    9.0605     0.000000     0.000000     0.000000     0.000000
 824    9.0622     0.000000     0.000000     0.000000     0.000000
 825    9.0624     0.000000     0.000000     0.000000     0.000000
 826    9.0651     0.000000     0.000000     0.000000     0.000000
 827    9.0698     0.000000     0.000000     0.000000     0.000000
 828    9.0714     0.000000     0.000000     0.000000     0.000000
 829    9.0721     0.000000     0.000000     0.000000     0.000000
 830    9.0753     0.000000     0.000000     0.000000     0.000000
 831    9.0770     0.000000     0.000000     0.000000     0.000000
 832    9.0788     0.000000     0.000000     0.000000     0.000000
 833    9.0805     0.000000     0.000000     0.000000     0.000000
 834    9.0828     0.000000     0.000000     0.000000     0.000000
 835    9.0859     0.000000     0.000000     0.000000     0.000000
 836    9.0867     0.000000     0.000000     0.000000     0.000000
 837    9.0897     0.000000     0.000000     0.000000     0.000000
 838    9.0921     0.000000     0.000000     0.000000     0.000000
 839    9.0955     0.000000     0.000000     0.000000     0.000000
 840    9.0967     0.000000     0.000000     0.000000     0.000000
 841    9.0973     0.000000     0.000000     0.000000     0.000000
 842    9.1008     0.000000     0.000000     0.000000     0.000000
 843    9.1019     0.000000     0.000000     0.000000     0.000000
 844    9.1046     0.000000     0.000000     0.000000     0.000000
 845    9.1102     0.000000     0.000000     0.000000     0.000000
 846    9.1119     0.000000     0.000000     0.000000     0.000000
 847    9.1128     0.000000     0.000000     0.000000     0.000000
 848    9.1135     0.000000     0.000000     0.000000     0.000000
 849    9.1156     0.000000     0.000000     0.000000     0.000000
 850    9.1168     0.000000     0.000000     0.000000     0.000000
 851    9.1183     0.000000     0.000000     0.000000     0.000000
 852    9.1191     0.000000     0.000000     0.000000     0.000000
 853    9.1196     0.000000     0.000000     0.000000     0.000000
 854    9.1215     0.000000     0.000000     0.000000     0.000000
 855    9.1225     0.000000     0.000000     0.000000     0.000000
 856    9.1271     0.000000     0.000000     0.000000     0.000000
 857    9.1292     0.000000     0.000000     0.000000     0.000000
 858    9.1301     0.000000     0.000000     0.000000     0.000000
 859    9.1317     0.000000     0.000000     0.000000     0.000000
 860    9.1329     0.000000     0.000000     0.000000     0.000000
 861    9.1357     0.000000     0.000000     0.000000     0.000000
 862    9.1378     0.000000     0.000000     0.000000     0.000000
 863    9.1389     0.000000     0.000000     0.000000     0.000000
 864    9.1397     0.000000     0.000000     0.000000     0.000000
 865    9.1423     0.000000     0.000000     0.000000     0.000000
 866    9.1443     0.000000     0.000000     0.000000     0.000000
 867    9.1453     0.000000     0.000000     0.000000     0.000000
 868    9.1479     0.000000     0.000000     0.000000     0.000000
 869    9.1504     0.000000     0.000000     0.000000     0.000000
 870    9.1512     0.000000     0.000000     0.000000     0.000000
 871    9.1530     0.000000     0.000000     0.000000     0.000000
 872    9.1556     0.000000     0.000000     0.000000     0.000000
 873    9.1560     0.000000     0.000000     0.000000     0.000000
 874    9.1569     0.000000     0.000000     0.000000     0.000000
 875    9.1609     0.000000     0.000000     0.000000     0.000000
 876    9.1623     0.000000     0.000000     0.000000     0.000000
 877    9.1638     0.000000     0.000000     0.000000     0.000000
 878    9.1648     0.000000     0.000000     0.000000     0.000000
 879    9.1659     0.000000     0.000000     0.000000     0.000000
 880    9.1671     0.000000     0.000000     0.000000     0.000000
 881    9.1711     0.000000     0.000000     0.000000     0.000000
 882    9.1732     0.000000     0.000000     0.000000     0.000000
 883    9.1776     0.000000     0.000000     0.000000     0.000000
 884    9.1792     0.000000     0.000000     0.000000     0.000000
 885    9.1810     0.000000     0.000000     0.000000     0.000000
 886    9.1834     0.000000     0.000000     0.000000     0.000000
 887    9.1846     0.000000     0.000000     0.000000     0.000000
 888    9.1851     0.000000     0.000000     0.000000     0.000000
 889    9.1864     0.000000     0.000000     0.000000     0.000000
 890    9.1876     0.000000     0.000000     0.000000     0.000000
 891    9.1899     0.000000     0.000000     0.000000     0.000000
 892    9.1929     0.000000     0.000000     0.000000     0.000000
 893    9.1938     0.000000     0.000000     0.000000     0.000000
 894    9.1960     0.000000     0.000000     0.000000     0.000000
 895    9.1972     0.000000     0.000000     0.000000     0.000000
 896    9.2008     0.000000     0.000000     0.000000     0.000000
 897    9.2024     0.000000     0.000000     0.000000     0.000000
 898    9.2073     0.000000     0.000000     0.000000     0.000000
 899    9.2087     0.000000     0.000000     0.000000     0.000000
 900    9.2105     0.000000     0.000000     0.000000     0.000000
 901    9.2121     0.000000     0.000000     0.000000     0.000000
 902    9.2163     0.000000     0.000000     0.000000     0.000000
 903    9.2172     0.000000     0.000000     0.000000     0.000000
 904    9.2190     0.000000     0.000000     0.000000     0.000000
 905    9.2207     0.000000     0.000000     0.000000     0.000000
 906    9.2235     0.000000     0.000000     0.000000     0.000000
 907    9.2255     0.000000     0.000000     0.000000     0.000000
 908    9.2263     0.000000     0.000000     0.000000     0.000000
 909    9.2290     0.000000     0.000000     0.000000     0.000000
 910    9.2358     0.000000     0.000000     0.000000     0.000000
 911    9.2369     0.000000     0.000000     0.000000     0.000000
 912    9.2381     0.000000     0.000000     0.000000     0.000000
 913    9.2403     0.000000     0.000000     0.000000     0.000000
 914    9.2414     0.000000     0.000000     0.000000     0.000000
 915    9.2454     0.000000     0.000000     0.000000     0.000000
 916    9.2472     0.000000     0.000000     0.000000     0.000000
 917    9.2493     0.000000     0.000000     0.000000     0.000000
 918    9.2512     0.000000     0.000000     0.000000     0.000000
 919    9.2527     0.000000     0.000000     0.000000     0.000000
 920    9.2538     0.000000     0.000000     0.000000     0.000000
 921    9.2546     0.000000     0.000000     0.000000     0.000000
 922    9.2565     0.000000     0.000000     0.000000     0.000000
 923    9.2578     0.000000     0.000000     0.000000     0.000000
 924    9.2606     0.000000     0.000000     0.000000     0.000000
 925    9.2635     0.000000     0.000000     0.000000     0.000000
 926    9.2649     0.000000     0.000000     0.000000     0.000000
 927    9.2659     0.000000     0.000000     0.000000     0.000000
 928    9.2675     0.000000     0.000000     0.000000     0.000000
 929    9.2703     0.000000     0.000000     0.000000     0.000000
 930    9.2725     0.000000     0.000000     0.000000     0.000000
 931    9.2746     0.000000     0.000000     0.000000     0.000000
 932    9.2749     0.000000     0.000000     0.000000     0.000000
 933    9.2774     0.000000     0.000000     0.000000     0.000000
 934    9.2791     0.000000     0.000000     0.000000     0.000000
 935    9.2806     0.000000     0.000000     0.000000     0.000000
 936    9.2831     0.000000     0.000000     0.000000     0.000000
 937    9.2847     0.000000     0.000000     0.000000     0.000000
 938    9.2864     0.000000     0.000000     0.000000     0.000000
 939    9.2892     0.000000     0.000000     0.000000     0.000000
 940    9.2900     0.000000     0.000000     0.000000     0.000000
 941    9.2918     0.000000     0.000000     0.000000     0.000000
 942    9.2935     0.000000     0.000000     0.000000     0.000000
 943    9.2951     0.000000     0.000000     0.000000     0.000000
 944    9.2964     0.000000     0.000000     0.000000     0.000000
 945    9.2995     0.000000     0.000000     0.000000     0.000000
 946    9.3004     0.000000     0.000000     0.000000     0.000000
 947    9.3019     0.000000     0.000000     0.000000     0.000000
 948    9.3038     0.000000     0.000000     0.000000     0.000000
 949    9.3044     0.000000     0.000000     0.000000     0.000000
 950    9.3065     0.000000     0.000000     0.000000     0.000000
 951    9.3075     0.000000     0.000000     0.000000     0.000000
 952    9.3094     0.000000     0.000000     0.000000     0.000000
 953    9.3138     0.000000     0.000000     0.000000     0.000000
 954    9.3176     0.000000     0.000000     0.000000     0.000000
 955    9.3202     0.000000     0.000000     0.000000     0.000000
 956    9.3210     0.000000     0.000000     0.000000     0.000000
 957    9.3216     0.000000     0.000000     0.000000     0.000000
 958    9.3227     0.000000     0.000000     0.000000     0.000000
 959    9.3246     0.000000     0.000000     0.000000     0.000000
 960    9.3254     0.000000     0.000000     0.000000     0.000000
 961    9.3289     0.000000     0.000000     0.000000     0.000000
 962    9.3306     0.000000     0.000000     0.000000     0.000000
 963    9.3319     0.000000     0.000000     0.000000     0.000000
 964    9.3338     0.000000     0.000000     0.000000     0.000000
 965    9.3346     0.000000     0.000000     0.000000     0.000000
 966    9.3374     0.000000     0.000000     0.000000     0.000000
 967    9.3405     0.000000     0.000000     0.000000     0.000000
 968    9.3440     0.000000     0.000000     0.000000     0.000000
 969    9.3441     0.000000     0.000000     0.000000     0.000000
 970    9.3469     0.000000     0.000000     0.000000     0.000000
 971    9.3478     0.000000     0.000000     0.000000     0.000000
 972    9.3516     0.000000     0.000000     0.000000     0.000000
 973    9.3562     0.000000     0.000000     0.000000     0.000000
 974    9.3612     0.000000     0.000000     0.000000     0.000000
 975    9.3633     0.000000     0.000000     0.000000     0.000000
 976    9.3655     0.000000     0.000000     0.000000     0.000000
 977    9.3669     0.000000     0.000000     0.000000     0.000000
 978    9.3675     0.000000     0.000000     0.000000     0.000000
 979    9.3685     0.000000     0.000000     0.000000     0.000000
 980    9.3694     0.000000     0.000000     0.000000     0.000000
 981    9.3709     0.000000     0.000000     0.000000     0.000000
 982    9.3710     0.000000     0.000000     0.000000     0.000000
 983    9.3744     0.000000     0.000000     0.000000     0.000000
 984    9.3752     0.000000     0.000000     0.000000     0.000000
 985    9.3770     0.000000     0.000000     0.000000     0.000000
 986    9.3791     0.000000     0.000000     0.000000     0.000000
 987    9.3803     0.000000     0.000000     0.000000     0.000000
 988    9.3829     0.000000     0.000000     0.000000     0.000000
 989    9.3843     0.000000     0.000000     0.000000     0.000000
 990    9.3886     0.000000     0.000000     0.000000     0.000000
 991    9.3890     0.000000     0.000000     0.000000     0.000000
 992    9.3905     0.000000     0.000000     0.000000     0.000000
 993    9.3912     0.000000     0.000000     0.000000     0.000000
 994    9.3936     0.000000     0.000000     0.000000     0.000000
 995    9.3956     0.000000     0.000000     0.000000     0.000000
 996    9.3977     0.000000     0.000000     0.000000     0.000000
 997    9.3979     0.000000     0.000000     0.000000     0.000000
 998    9.3997     0.000000     0.000000     0.000000     0.000000
 999    9.4006     0.000000     0.000000     0.000000     0.000000
1000    9.4035     0.000000     0.000000     0.000000     0.000000
1001    9.4062     0.000000     0.000000     0.000000     0.000000
1002    9.4073     0.000000     0.000000     0.000000     0.000000
1003    9.4081     0.000000     0.000000     0.000000     0.000000
1004    9.4095     0.000000     0.000000     0.000000     0.000000
1005    9.4113     0.000000     0.000000     0.000000     0.000000
1006    9.4137     0.000000     0.000000     0.000000     0.000000
1007    9.4143     0.000000     0.000000     0.000000     0.000000
1008    9.4170     0.000000     0.000000     0.000000     0.000000
1009    9.4175     0.000000     0.000000     0.000000     0.000000
1010    9.4197     0.000000     0.000000     0.000000     0.000000
1011    9.4215     0.000000     0.000000     0.000000     0.000000
1012    9.4226     0.000000     0.000000     0.000000     0.000000
1013    9.4241     0.000000     0.000000     0.000000     0.000000
1014    9.4262     0.000000     0.000000     0.000000     0.000000
1015    9.4295     0.000000     0.000000     0.000000     0.000000
1016    9.4318     0.000000     0.000000     0.000000     0.000000
1017    9.4335     0.000000     0.000000     0.000000     0.000000
1018    9.4346     0.000000     0.000000     0.000000     0.000000
1019    9.4363     0.000000     0.000000     0.000000     0.000000
1020    9.4371     0.000000     0.000000     0.000000     0.000000
1021    9.4393     0.000000     0.000000     0.000000     0.000000
1022    9.4405     0.000000     0.000000     0.000000     0.000000
1023    9.4429     0.000000     0.000000     0.000000     0.000000
1024    9.4435     0.000000     0.000000     0.000000     0.000000
1025    9.4449     0.000000     0.000000     0.000000     0.000000
1026    9.4456     0.000000     0.000000     0.000000     0.000000
1027    9.4479     0.000000     0.000000     0.000000     0.000000
1028    9.4493     0.000000     0.000000     0.000000     0.000000
1029    9.4498     0.000000     0.000000     0.000000     0.000000
1030    9.4535     0.000000     0.000000     0.000000     0.000000
1031    9.4552     0.000000     0.000000     0.000000     0.000000
1032    9.4560     0.000000     0.000000     0.000000     0.000000
1033    9.4582     0.000000     0.000000     0.000000     0.000000
1034    9.4597     0.000000     0.000000     0.000000     0.000000
1035    9.4624     0.000000     0.000000     0.000000     0.000000
1036    9.4642     0.000000     0.000000     0.000000     0.000000
1037    9.4653     0.000000     0.000000     0.000000     0.000000
1038    9.4673     0.000000     0.000000     0.000000     0.000000
1039    9.4683     0.000000     0.000000     0.000000     0.000000
1040    9.4702     0.000000     0.000000     0.000000     0.000000
1041    9.4713     0.000000     0.000000     0.000000     0.000000
1042    9.4724     0.000000     0.000000     0.000000     0.000000
1043    9.4760     0.000000     0.000000     0.000000     0.000000
1044    9.4772     0.000000     0.000000     0.000000     0.000000
1045    9.4783     0.000000     0.000000     0.000000     0.000000
1046    9.4795     0.000000     0.000000     0.000000     0.000000
1047    9.4819     0.000000     0.000000     0.000000     0.000000
1048    9.4829     0.000000     0.000000     0.000000     0.000000
1049    9.4845     0.000000     0.000000     0.000000     0.000000
1050    9.4864     0.000000     0.000000     0.000000     0.000000
1051    9.4874     0.000000     0.000000     0.000000     0.000000
1052    9.4890     0.000000     0.000000     0.000000     0.000000
1053    9.4893     0.000000     0.000000     0.000000     0.000000
1054    9.4915     0.000000     0.000000     0.000000     0.000000
1055    9.4942     0.000000     0.000000     0.000000     0.000000
1056    9.4965     0.000000     0.000000     0.000000     0.000000
1057    9.4988     0.000000     0.000000     0.000000     0.000000
1058    9.4995     0.000000     0.000000     0.000000     0.000000
1059    9.5010     0.000000     0.000000     0.000000     0.000000
1060    9.5026     0.000000     0.000000     0.000000     0.000000
1061    9.5037     0.000000     0.000000     0.000000     0.000000
1062    9.5061     0.000000     0.000000     0.000000     0.000000
1063    9.5067     0.000000     0.000000     0.000000     0.000000
1064    9.5082     0.000000     0.000000     0.000000     0.000000
1065    9.5094     0.000000     0.000000     0.000000     0.000000
1066    9.5129     0.000000     0.000000     0.000000     0.000000
1067    9.5145     0.000000     0.000000     0.000000     0.000000
1068    9.5160     0.000000     0.000000     0.000000     0.000000
1069    9.5165     0.000000     0.000000     0.000000     0.000000
1070    9.5181     0.000000     0.000000     0.000000     0.000000
1071    9.5196     0.000000     0.000000     0.000000     0.000000
1072    9.5201     0.000000     0.000000     0.000000     0.000000
1073    9.5214     0.000000     0.000000     0.000000     0.000000
1074    9.5234     0.000000     0.000000     0.000000     0.000000
1075    9.5249     0.000000     0.000000     0.000000     0.000000
1076    9.5261     0.000000     0.000000     0.000000     0.000000
1077    9.5263     0.000000     0.000000     0.000000     0.000000
1078    9.5281     0.000000     0.000000     0.000000     0.000000
1079    9.5282     0.000000     0.000000     0.000000     0.000000
1080    9.5289     0.000000     0.000000     0.000000     0.000000
1081    9.5292     0.000000     0.000000     0.000000     0.000000
1082    9.5314     0.000000     0.000000     0.000000     0.000000
1083    9.5328     0.000000     0.000000     0.000000     0.000000
1084    9.5340     0.000000     0.000000     0.000000     0.000000
1085    9.5349     0.000000     0.000000     0.000000     0.000000
1086    9.5366     0.000000     0.000000     0.000000     0.000000
1087    9.5368     0.000000     0.000000     0.000000     0.000000
1088    9.5394     0.000000     0.000000     0.000000     0.000000
1089    9.5413     0.000000     0.000000     0.000000     0.000000
1090    9.5424     0.000000     0.000000     0.000000     0.000000
1091    9.5436     0.000000     0.000000     0.000000     0.000000
1092    9.5446     0.000000     0.000000     0.000000     0.000000
1093    9.5465     0.000000     0.000000     0.000000     0.000000
1094    9.5484     0.000000     0.000000     0.000000     0.000000
1095    9.5493     0.000000     0.000000     0.000000     0.000000
1096    9.5495     0.000000     0.000000     0.000000     0.000000
1097    9.5503     0.000000     0.000000     0.000000     0.000000
1098    9.5521     0.000000     0.000000     0.000000     0.000000
1099    9.5539     0.000000     0.000000     0.000000     0.000000
1100    9.5548     0.000000     0.000000     0.000000     0.000000
1101    9.5569     0.000000     0.000000     0.000000     0.000000
1102    9.5601     0.000000     0.000000     0.000000     0.000000
1103    9.5610     0.000000     0.000000     0.000000     0.000000
1104    9.5635     0.000000     0.000000     0.000000     0.000000
1105    9.5651     0.000000     0.000000     0.000000     0.000000
1106    9.5678     0.000000     0.000000     0.000000     0.000000
1107    9.5700     0.000000     0.000000     0.000000     0.000000
1108    9.5707     0.000000     0.000000     0.000000     0.000000
1109    9.5710     0.000000     0.000000     0.000000     0.000000
1110    9.5741     0.000000     0.000000     0.000000     0.000000
1111    9.5759     0.000000     0.000000     0.000000     0.000000
1112    9.5765     0.000000     0.000000     0.000000     0.000000
1113    9.5800     0.000000     0.000000     0.000000     0.000000
1114    9.5817     0.000000     0.000000     0.000000     0.000000
1115    9.5830     0.000000     0.000000     0.000000     0.000000
1116    9.5834     0.000000     0.000000     0.000000     0.000000
1117    9.5846     0.000000     0.000000     0.000000     0.000000
1118    9.5865     0.000000     0.000000     0.000000     0.000000
1119    9.5877     0.000000     0.000000     0.000000     0.000000
1120    9.5897     0.000000     0.000000     0.000000     0.000000
1121    9.5903     0.000000     0.000000     0.000000     0.000000
1122    9.5934     0.000000     0.000000     0.000000     0.000000
1123    9.5940     0.000000     0.000000     0.000000     0.000000
1124    9.5953     0.000000     0.000000     0.000000     0.000000
1125    9.5974     0.000000     0.000000     0.000000     0.000000
1126    9.6003     0.000000     0.000000     0.000000     0.000000
1127    9.6016     0.000000     0.000000     0.000000     0.000000
1128    9.6035     0.000000     0.000000     0.000000     0.000000
1129    9.6072     0.000000     0.000000     0.000000     0.000000
1130    9.6084     0.000000     0.000000     0.000000     0.000000
1131    9.6091     0.000000     0.000000     0.000000     0.000000
1132    9.6118     0.000000     0.000000     0.000000     0.000000
1133    9.6131     0.000000     0.000000     0.000000     0.000000
1134    9.6152     0.000000     0.000000     0.000000     0.000000
1135    9.6168     0.000000     0.000000     0.000000     0.000000
1136    9.6189     0.000000     0.000000     0.000000     0.000000
1137    9.6228     0.000000     0.000000     0.000000     0.000000
1138    9.6251     0.000000     0.000000     0.000000     0.000000
1139    9.6268     0.000000     0.000000     0.000000     0.000000
1140    9.6281     0.000000     0.000000     0.000000     0.000000
1141    9.6284     0.000000     0.000000     0.000000     0.000000
1142    9.6334     0.000000     0.000000     0.000000     0.000000
1143    9.6362     0.000000     0.000000     0.000000     0.000000
1144    9.6374     0.000000     0.000000     0.000000     0.000000
1145    9.6386     0.000000     0.000000     0.000000     0.000000
1146    9.6407     0.000000     0.000000     0.000000     0.000000
1147    9.6420     0.000000     0.000000     0.000000     0.000000
1148    9.6445     0.000000     0.000000     0.000000     0.000000
1149    9.6476     0.000000     0.000000     0.000000     0.000000
1150    9.6490     0.000000     0.000000     0.000000     0.000000
1151    9.6509     0.000000     0.000000     0.000000     0.000000
1152    9.6526     0.000000     0.000000     0.000000     0.000000
1153    9.6539     0.000000     0.000000     0.000000     0.000000
1154    9.6544     0.000000     0.000000     0.000000     0.000000
1155    9.6561     0.000000     0.000000     0.000000     0.000000
1156    9.6583     0.000000     0.000000     0.000000     0.000000
1157    9.6598     0.000000     0.000000     0.000000     0.000000
1158    9.6626     0.000000     0.000000     0.000000     0.000000
1159    9.6647     0.000000     0.000000     0.000000     0.000000
1160    9.6661     0.000000     0.000000     0.000000     0.000000
1161    9.6691     0.000000     0.000000     0.000000     0.000000
1162    9.6698     0.000000     0.000000     0.000000     0.000000
1163    9.6730     0.000000     0.000000     0.000000     0.000000
1164    9.6738     0.000000     0.000000     0.000000     0.000000
1165    9.6773     0.000000     0.000000     0.000000     0.000000
1166    9.6799     0.000000     0.000000     0.000000     0.000000
1167    9.6804     0.000000     0.000000     0.000000     0.000000
1168    9.6824     0.000000     0.000000     0.000000     0.000000
1169    9.6839     0.000000     0.000000     0.000000     0.000000
1170    9.6863     0.000000     0.000000     0.000000     0.000000
1171    9.6894     0.000000     0.000000     0.000000     0.000000
1172    9.6914     0.000000     0.000000     0.000000     0.000000
1173    9.6923     0.000000     0.000000     0.000000     0.000000
1174    9.6960     0.000000     0.000000     0.000000     0.000000
1175    9.6972     0.000000     0.000000     0.000000     0.000000
1176    9.6999     0.000000     0.000000     0.000000     0.000000
1177    9.7007     0.000000     0.000000     0.000000     0.000000
1178    9.7039     0.000000     0.000000     0.000000     0.000000
1179    9.7047     0.000000     0.000000     0.000000     0.000000
1180    9.7054     0.000000     0.000000     0.000000     0.000000
1181    9.7065     0.000000     0.000000     0.000000     0.000000
1182    9.7083     0.000000     0.000000     0.000000     0.000000
1183    9.7101     0.000000     0.000000     0.000000     0.000000
1184    9.7109     0.000000     0.000000     0.000000     0.000000
1185    9.7117     0.000000     0.000000     0.000000     0.000000
1186    9.7135     0.000000     0.000000     0.000000     0.000000
1187    9.7148     0.000000     0.000000     0.000000     0.000000
1188    9.7180     0.000000     0.000000     0.000000     0.000000
1189    9.7212     0.000000     0.000000     0.000000     0.000000
1190    9.7221     0.000000     0.000000     0.000000     0.000000
1191    9.7231     0.000000     0.000000     0.000000     0.000000
1192    9.7258     0.000000     0.000000     0.000000     0.000000
1193    9.7284     0.000000     0.000000     0.000000     0.000000
1194    9.7295     0.000000     0.000000     0.000000     0.000000
1195    9.7306     0.000000     0.000000     0.000000     0.000000
1196    9.7332     0.000000     0.000000     0.000000     0.000000
1197    9.7354     0.000000     0.000000     0.000000     0.000000
1198    9.7366     0.000000     0.000000     0.000000     0.000000
1199    9.7386     0.000000     0.000000     0.000000     0.000000
1200    9.7408     0.000000     0.000000     0.000000     0.000000
1201    9.7424     0.000000     0.000000     0.000000     0.000000
1202    9.7434     0.000000     0.000000     0.000000     0.000000
1203    9.7448     0.000000     0.000000     0.000000     0.000000
1204    9.7459     0.000000     0.000000     0.000000     0.000000
1205    9.7478     0.000000     0.000000     0.000000     0.000000
1206    9.7500     0.000000     0.000000     0.000000     0.000000
1207    9.7504     0.000000     0.000000     0.000000     0.000000
1208    9.7508     0.000000     0.000000     0.000000     0.000000
1209    9.7510     0.000000     0.000000     0.000000     0.000000
1210    9.7552     0.000000     0.000000     0.000000     0.000000
1211    9.7566     0.000000     0.000000     0.000000     0.000000
1212    9.7567     0.000000     0.000000     0.000000     0.000000
1213    9.7592     0.000000     0.000000     0.000000     0.000000
1214    9.7598     0.000000     0.000000     0.000000     0.000000
1215    9.7613     0.000000     0.000000     0.000000     0.000000
1216    9.7624     0.000000     0.000000     0.000000     0.000000
1217    9.7630     0.000000     0.000000     0.000000     0.000000
1218    9.7640     0.000000     0.000000     0.000000     0.000000
1219    9.7653     0.000000     0.000000     0.000000     0.000000
1220    9.7671     0.000000     0.000000     0.000000     0.000000
1221    9.7688     0.000000     0.000000     0.000000     0.000000
1222    9.7712     0.000000     0.000000     0.000000     0.000000
1223    9.7723     0.000000     0.000000     0.000000     0.000000
1224    9.7741     0.000000     0.000000     0.000000     0.000000
1225    9.7753     0.000000     0.000000     0.000000     0.000000
1226    9.7774     0.000000     0.000000     0.000000     0.000000
1227    9.7787     0.000000     0.000000     0.000000     0.000000
1228    9.7796     0.000000     0.000000     0.000000     0.000000
1229    9.7804     0.000000     0.000000     0.000000     0.000000
1230    9.7841     0.000000     0.000000     0.000000     0.000000
1231    9.7858     0.000000     0.000000     0.000000     0.000000
1232    9.7872     0.000000     0.000000     0.000000     0.000000
1233    9.7890     0.000000     0.000000     0.000000     0.000000
1234    9.7897     0.000000     0.000000     0.000000     0.000000
1235    9.7901     0.000000     0.000000     0.000000     0.000000
1236    9.7927     0.000000     0.000000     0.000000     0.000000
1237    9.7933     0.000000     0.000000     0.000000     0.000000
1238    9.7957     0.000000     0.000000     0.000000     0.000000
1239    9.7959     0.000000     0.000000     0.000000     0.000000
1240    9.7975     0.000000     0.000000     0.000000     0.000000
1241    9.8001     0.000000     0.000000     0.000000     0.000000
1242    9.8030     0.000000     0.000000     0.000000     0.000000
1243    9.8037     0.000000     0.000000     0.000000     0.000000
1244    9.8052     0.000000     0.000000     0.000000     0.000000
1245    9.8070     0.000000     0.000000     0.000000     0.000000
1246    9.8076     0.000000     0.000000     0.000000     0.000000
1247    9.8086     0.000000     0.000000     0.000000     0.000000
1248    9.8106     0.000000     0.000000     0.000000     0.000000
1249    9.8115     0.000000     0.000000     0.000000     0.000000
1250    9.8124     0.000000     0.000000     0.000000     0.000000
1251    9.8132     0.000000     0.000000     0.000000     0.000000
1252    9.8150     0.000000     0.000000     0.000000     0.000000
1253    9.8159     0.000000     0.000000     0.000000     0.000000
1254    9.8173     0.000000     0.000000     0.000000     0.000000
1255    9.8182     0.000000     0.000000     0.000000     0.000000
1256    9.8214     0.000000     0.000000     0.000000     0.000000
1257    9.8227     0.000000     0.000000     0.000000     0.000000
1258    9.8234     0.000000     0.000000     0.000000     0.000000
1259    9.8265     0.000000     0.000000     0.000000     0.000000
1260    9.8281     0.000000     0.000000     0.000000     0.000000
1261    9.8285     0.000000     0.000000     0.000000     0.000000
1262    9.8288     0.000000     0.000000     0.000000     0.000000
1263    9.8305     0.000000     0.000000     0.000000     0.000000
1264    9.8313     0.000000     0.000000     0.000000     0.000000
1265    9.8320     0.000000     0.000000     0.000000     0.000000
1266    9.8343     0.000000     0.000000     0.000000     0.000000
1267    9.8358     0.000000     0.000000     0.000000     0.000000
1268    9.8372     0.000000     0.000000     0.000000     0.000000
1269    9.8386     0.000000     0.000000     0.000000     0.000000
1270    9.8393     0.000000     0.000000     0.000000     0.000000
1271    9.8414     0.000000     0.000000     0.000000     0.000000
1272    9.8435     0.000000     0.000000     0.000000     0.000000
1273    9.8448     0.000000     0.000000     0.000000     0.000000
1274    9.8474     0.000000     0.000000     0.000000     0.000000
1275    9.8493     0.000000     0.000000     0.000000     0.000000
1276    9.8512     0.000000     0.000000     0.000000     0.000000
1277    9.8546     0.000000     0.000000     0.000000     0.000000
1278    9.8561     0.000000     0.000000     0.000000     0.000000
1279    9.8581     0.000000     0.000000     0.000000     0.000000
1280    9.8587     0.000000     0.000000     0.000000     0.000000
1281    9.8616     0.000000     0.000000     0.000000     0.000000
1282    9.8629     0.000000     0.000000     0.000000     0.000000
1283    9.8641     0.000000     0.000000     0.000000     0.000000
1284    9.8656     0.000000     0.000000     0.000000     0.000000
1285    9.8668     0.000000     0.000000     0.000000     0.000000
1286    9.8684     0.000000     0.000000     0.000000     0.000000
1287    9.8695     0.000000     0.000000     0.000000     0.000000
1288    9.8709     0.000000     0.000000     0.000000     0.000000
1289    9.8723     0.000000     0.000000     0.000000     0.000000
1290    9.8739     0.000000     0.000000     0.000000     0.000000
1291    9.8760     0.000000     0.000000     0.000000     0.000000
1292    9.8787     0.000000     0.000000     0.000000     0.000000
1293    9.8800     0.000000     0.000000     0.000000     0.000000
1294    9.8808     0.000000     0.000000     0.000000     0.000000
1295    9.8832     0.000000     0.000000     0.000000     0.000000
1296    9.8835     0.000000     0.000000     0.000000     0.000000
1297    9.8840     0.000000     0.000000     0.000000     0.000000
1298    9.8866     0.000000     0.000000     0.000000     0.000000
1299    9.8886     0.000000     0.000000     0.000000     0.000000
1300    9.8893     0.000000     0.000000     0.000000     0.000000
1301    9.8914     0.000000     0.000000     0.000000     0.000000
1302    9.8931     0.000000     0.000000     0.000000     0.000000
1303    9.8938     0.000000     0.000000     0.000000     0.000000
1304    9.8956     0.000000     0.000000     0.000000     0.000000
1305    9.8973     0.000000     0.000000     0.000000     0.000000
1306    9.8974     0.000000     0.000000     0.000000     0.000000
1307    9.8992     0.000000     0.000000     0.000000     0.000000
1308    9.9006     0.000000     0.000000     0.000000     0.000000
1309    9.9028     0.000000     0.000000     0.000000     0.000000
1310    9.9044     0.000000     0.000000     0.000000     0.000000
1311    9.9064     0.000000     0.000000     0.000000     0.000000
1312    9.9071     0.000000     0.000000     0.000000     0.000000
1313    9.9079     0.000000     0.000000     0.000000     0.000000
1314    9.9105     0.000000     0.000000     0.000000     0.000000
1315    9.9112     0.000000     0.000000     0.000000     0.000000
1316    9.9140     0.000000     0.000000     0.000000     0.000000
1317    9.9155     0.000000     0.000000     0.000000     0.000000
1318    9.9164     0.000000     0.000000     0.000000     0.000000
1319    9.9184     0.000000     0.000000     0.000000     0.000000
1320    9.9189     0.000000     0.000000     0.000000     0.000000
1321    9.9203     0.000000     0.000000     0.000000     0.000000
1322    9.9222     0.000000     0.000000     0.000000     0.000000
1323    9.9235     0.000000     0.000000     0.000000     0.000000
1324    9.9241     0.000000     0.000000     0.000000     0.000000
1325    9.9250     0.000000     0.000000     0.000000     0.000000
1326    9.9258     0.000000     0.000000     0.000000     0.000000
1327    9.9278     0.000000     0.000000     0.000000     0.000000
1328    9.9289     0.000000     0.000000     0.000000     0.000000
1329    9.9294     0.000000     0.000000     0.000000     0.000000
1330    9.9299     0.000000     0.000000     0.000000     0.000000
1331    9.9315     0.000000     0.000000     0.000000     0.000000
1332    9.9325     0.000000     0.000000     0.000000     0.000000
1333    9.9345     0.000000     0.000000     0.000000     0.000000
1334    9.9357     0.000000     0.000000     0.000000     0.000000
1335    9.9376     0.000000     0.000000     0.000000     0.000000
1336    9.9392     0.000000     0.000000     0.000000     0.000000
1337    9.9402     0.000000     0.000000     0.000000     0.000000
1338    9.9419     0.000000     0.000000     0.000000     0.000000
1339    9.9430     0.000000     0.000000     0.000000     0.000000
1340    9.9438     0.000000     0.000000     0.000000     0.000000
1341    9.9458     0.000000     0.000000     0.000000     0.000000
1342    9.9471     0.000000     0.000000     0.000000     0.000000
1343    9.9493     0.000000     0.000000     0.000000     0.000000
1344    9.9502     0.000000     0.000000     0.000000     0.000000
1345    9.9521     0.000000     0.000000     0.000000     0.000000
1346    9.9530     0.000000     0.000000     0.000000     0.000000
1347    9.9545     0.000000     0.000000     0.000000     0.000000
1348    9.9567     0.000000     0.000000     0.000000     0.000000
1349    9.9597     0.000000     0.000000     0.000000     0.000000
1350    9.9603     0.000000     0.000000     0.000000     0.000000
1351    9.9626     0.000000     0.000000     0.000000     0.000000
1352    9.9663     0.000000     0.000000     0.000000     0.000000
1353    9.9678     0.000000     0.000000     0.000000     0.000000
1354    9.9684     0.000000     0.000000     0.000000     0.000000
1355    9.9705     0.000000     0.000000     0.000000     0.000000
1356    9.9706     0.000000     0.000000     0.000000     0.000000
1357    9.9723     0.000000     0.000000     0.000000     0.000000
1358    9.9738     0.000000     0.000000     0.000000     0.000000
1359    9.9753     0.000000     0.000000     0.000000     0.000000
1360    9.9755     0.000000     0.000000     0.000000     0.000000
1361    9.9784     0.000000     0.000000     0.000000     0.000000
1362    9.9789     0.000000     0.000000     0.000000     0.000000
1363    9.9797     0.000000     0.000000     0.000000     0.000000
1364    9.9800     0.000000     0.000000     0.000000     0.000000
1365    9.9822     0.000000     0.000000     0.000000     0.000000
1366    9.9839     0.000000     0.000000     0.000000     0.000000
1367    9.9846     0.000000     0.000000     0.000000     0.000000
1368    9.9853     0.000000     0.000000     0.000000     0.000000
1369    9.9862     0.000000     0.000000     0.000000     0.000000
1370    9.9881     0.000000     0.000000     0.000000     0.000000
1371    9.9893     0.000000     0.000000     0.000000     0.000000
1372    9.9900     0.000000     0.000000     0.000000     0.000000
1373    9.9917     0.000000     0.000000     0.000000     0.000000
1374    9.9934     0.000000     0.000000     0.000000     0.000000
1375    9.9946     0.000000     0.000000     0.000000     0.000000
1376    9.9966     0.000000     0.000000     0.000000     0.000000
1377    9.9974     0.000000     0.000000     0.000000     0.000000
1378    9.9984     0.000000     0.000000     0.000000     0.000000
1379    9.9989     0.000000     0.000000     0.000000     0.000000
