 NM
 UV
 MMASS
   590.738199999999     
 LFAKTOR
  0.5
 RFAKTOR
  1.0
 WIDTH
  0.20
 SHIFT
  0.00
 DATXY
   1    3.7293     0.127450     0.101005    -4.951335    -5.806198
   2    3.9220     0.023247     0.007677   -25.169329   -12.233751
   3    3.9606     0.009816     0.002737    13.189007     7.710602
   4    4.0013     0.100735     0.072414   -25.555593   -18.391099
   5    4.0674     0.441966     0.280651     5.477843    11.421922
   6    4.1906     0.046047     0.007216   -18.064224   -11.798475
   7    4.4019     0.017177     0.010058     7.940836     6.709624
   8    4.6803     0.464341     0.270462   162.770049   103.579463
   9    4.7145     0.035229     0.031044   -67.950383   -57.406098
  10    4.8732     0.409672     0.258987  -132.033627   -98.073547
  11    5.0277     0.001042     0.000889     0.666763     0.410169
  12    5.0780     0.000326     0.014532     4.050473    -0.866607
  13    5.1492     0.183701     0.131244    21.924911    15.471026
  14    5.3485     0.309559     0.222525    49.984997    47.364485
  15    5.4259     0.024953     0.018219   -22.212602   -20.016154
  16    5.4444     0.481556     0.330597  -277.439202  -226.515122
  17    5.6174     0.051406     0.034846   -49.572259   -50.671389
  18    5.6762     0.030318     0.013267   -46.566734   -28.735028
  19    5.7268     0.010093     0.003051    26.570693     7.942495
  20    5.7323     0.016548     0.008997    15.239465     7.128744
  21    5.7928     0.142181     0.080174    16.057966    28.913209
  22    5.8049     0.011638     0.007440    49.488208    24.112483
  23    5.8357     0.278189     0.227432    90.597163    46.233298
  24    5.8666     0.035863     0.030677    -5.205660   -11.467997
  25    5.8879     0.037882     0.022780    -3.301183    -1.856707
  26    5.9755     0.007033     0.005275    -4.823628    -4.764278
  27    5.9881     0.031083     0.012672  -100.477799    -6.826384
  28    6.0077     0.014549     0.010626     9.233112    11.056329
  29    6.0902     0.041653     0.010301    -8.030513    -4.836608
  30    6.1335     0.032780     0.023823    33.847211    23.794376
  31    6.1804     0.067000     0.077297   -60.996503   -73.831777
  32    6.2067     0.154536     0.162995   145.125182   160.391958
  33    6.2462     0.029508     0.025996    -6.543366    -5.685582
  34    6.2661     0.001614     0.009587    -6.806475    -9.129899
  35    6.2936     0.185943     0.114718    38.603538    -8.484771
  36    6.3043     0.002946     0.031435    -6.898422    -9.458255
  37    6.3093     0.033806     0.014254   -11.508617   -18.516937
  38    6.4198     0.050523     0.037060   -19.270145   -17.974512
  39    6.4279     0.046105     0.028786    14.925666     2.221870
  40    6.4624     0.669286     0.397995    47.041273    23.295099
  41    6.4807     0.069012     0.060278   144.633906    67.996768
  42    6.4970     0.014417     0.008844    12.098165    10.960727
  43    6.5350     0.017321     0.018099    54.058113    49.792305
  44    6.5579     0.028289     0.027291   -37.959692   -37.270137
  45    6.5649     0.030324     0.016469   -42.637713   -37.901575
  46    6.5840     0.021574     0.021504    14.623673    24.252161
  47    6.6254     0.031810     0.019414   -24.009485   -20.480806
  48    6.6476     0.012726     0.010759   -18.027431   -15.430379
  49    6.6796     0.126223     0.093944   -35.722775   -29.147775
  50    6.6834     0.002889     0.001367    -4.990753    -3.177054
  51    6.7187     0.359883     0.244731    24.614130    66.360293
  52    6.7670     0.388303     0.212290   123.492860    90.897466
  53    6.7853     0.339643     0.241125   -89.781295  -100.623727
  54    6.8460     0.088255     0.055626   -38.505741   -16.429409
  55    6.8667     0.168141     0.142304  -152.088106  -169.468075
  56    6.8850     0.104011     0.079668   209.855109   196.755768
  57    6.8909     0.028874     0.016684    36.720922    33.590656
  58    6.9020     0.160255     0.105706   219.777226   191.073345
  59    6.9076     0.018361     0.008350   -48.302141   -38.023942
  60    6.9182     0.005276     0.011388    17.723171    27.385720
  61    6.9315     0.000203     0.000313    -0.178770    -0.109856
  62    6.9471     0.044258     0.029786   -74.742464   -44.112326
  63    6.9677     0.002709     0.045354    18.340457     9.705793
  64    6.9766     0.350490     0.189792  -128.007513   -59.766494
  65    6.9814     0.137839     0.147404  -322.756794  -344.495628
  66    6.9880     0.039023     0.016931    77.353669    68.992132
  67    6.9923     0.019709     0.008711   -57.394994   -25.542149
  68    7.0026     0.048904     0.023161   -75.955757     8.681179
  69    7.0093     0.050456     0.053591    -9.947441    43.149604
  70    7.0405     0.017522     0.009193    -8.753838    -2.612552
  71    7.0655     0.042076     0.061650  -129.765313  -155.526187
  72    7.0697     0.235033     0.150349   -46.225421   -33.977238
  73    7.0814     0.038999     0.019077    53.318396    16.218730
  74    7.0941     0.007774     0.005116   -27.356505    -8.575742
  75    7.1150     0.002006     0.003726    13.368689    24.223313
  76    7.1242     0.048803     0.034207    38.268555    -8.483989
  77    7.1293     0.044432     0.027978    -3.564534   -17.371677
  78    7.1360     0.130531     0.130179   -33.648191   -52.145368
  79    7.1455     0.089557     0.037546   -23.217804    -9.790740
  80    7.1844     0.102230     0.064896    48.206936   -36.608558
  81    7.1911     0.051126     0.017677    67.229815    55.053231
  82    7.1998     0.114845     0.069693   -20.149117    61.523376
  83    7.2023     0.157358     0.109265   211.194957   202.982963
  84    7.2292     0.213113     0.098497    46.786772    69.040276
  85    7.2500     0.016386     0.011324    45.551235    28.897114
  86    7.2578     0.034351     0.028414   -61.260999   -28.998691
  87    7.2625     0.020488     0.033823   -63.851135   -73.616483
  88    7.2815     0.027147     0.010095    -7.947642    10.041727
  89    7.3008     0.056601     0.081280   -53.856148    22.287495
  90    7.3155     0.403445     0.226198   224.609520   102.562214
  91    7.3239     0.066398     0.140662   106.885687    65.249251
  92    7.3329     0.001711     0.003704    -0.482302    -8.575617
  93    7.3843     0.077726     0.024594   -37.098799    58.042079
  94    7.3972     0.031843     0.041852    13.170181    19.124900
  95    7.4149     0.052471     0.038537   -31.886798   -67.288767
  96    7.4218     0.089551     0.052646    50.646516    39.577213
  97    7.4403     0.013012     0.007455   -10.431970    -9.040274
  98    7.4522     0.005112     0.001156    15.600249     6.585108
  99    7.5041     0.005766     0.002378    -0.172189     3.469190
 100    7.5053     0.003374     0.011492     5.711308    -8.551108
 101    7.5137     0.003286     0.002508   -11.423885    -8.258483
 102    7.5319     0.003336     0.018805     8.032657    27.885005
 103    7.5436     0.008350     0.006778    25.120323    17.295836
 104    7.5560     0.010402     0.022338   -53.625133    -0.758172
 105    7.5674     0.008410     0.019827   -10.803932   -30.390823
 106    7.5771     0.001328     0.000531    -3.193921     0.178940
 107    7.6042     0.007532     0.009600    11.801245    12.408871
 108    7.6539     0.001411     0.002504     0.074306     1.291429
 109    7.6648     0.007189     0.003780     0.209470     1.069229
 110    7.6980     0.040634     0.027698   -31.109749   -28.303218
 111    7.7104     0.029868     0.016882    13.533521     5.537993
 112    7.7235     0.003995     0.002781     1.039215    -2.238830
 113    7.7351     0.042919     0.039434   -32.418201   -16.271951
 114    7.7417     0.027875     0.018674    43.017638    25.259271
 115    7.7671     0.045653     0.042712   -69.659354   -72.163806
 116    7.7764     0.021934     0.010254   -44.774876   -30.504921
 117    7.7831     0.009563     0.005736    23.037162    19.536415
 118    7.7913     0.006993     0.036874   -33.191215    88.356322
 119    7.7986     0.011705     0.031637   105.589625   -53.059170
 120    7.8256     0.013189     0.015402     3.260896    -5.688358
 121    7.8464     0.028666     0.074031   -45.778737   -25.456368
 122    7.8603     0.002694     0.043561   -31.506221    19.611498
 123    7.8672     0.009456     0.014869   -24.174474    22.728860
 124    7.8704     0.001170     0.000914    -1.106174    -0.803013
 125    7.9024     0.004440     0.008395     4.406286     5.154693
 126    7.9060     0.008086     0.003041     6.439876    -2.101563
 127    7.9275     0.023070     0.021168   -39.274243   -40.669728
 128    7.9350     0.010757     0.012170     6.834843   -16.694423
 129    7.9385     0.003198     0.011694    15.655105    32.008578
 130    7.9454     0.009257     0.049645   114.390210   110.332656
 131    7.9511     0.008541     0.066121   -46.700517   -41.666532
 132    7.9526     0.000557     0.049163     3.316075    17.455425
 133    7.9737     0.036668     0.032045    25.870773   -82.620003
 134    7.9756     0.027489     0.022720    22.121552    15.819347
 135    7.9848     0.011811     0.005832    35.270355    21.056269
 136    8.0043     0.039551     0.029701     3.738423     1.248487
 137    8.0344     0.002578     0.003223     1.661229     0.372128
 138    8.0520     0.026031     0.020442    38.483610    35.671381
 139    8.0649     0.007962     0.005124   -14.721950   -11.899826
 140    8.0773     0.002284     0.007067   -17.290638   -22.778556
 141    8.1155     0.004007     0.001585    -1.753459     0.291868
 142    8.1365     0.075280     0.066879  -106.391806  -121.705284
 143    8.1424     0.021087     0.020108     8.446657     8.544076
 144    8.1466     0.005287     0.002924    -1.997740    -1.434465
 145    8.1499     0.063098     0.061050    18.916909    10.479272
 146    8.1700     0.001846     0.003264     9.016535    10.252248
 147    8.1714     0.001028     0.017006     5.668124   -12.791287
 148    8.1766     0.007968     0.010412    22.701385    31.541687
 149    8.1908     0.005369     0.006345    10.296811    29.671351
 150    8.1926     0.009650     0.008017     6.064260     0.315394
 151    8.1982     0.024226     0.009886    11.182889    22.428572
 152    8.2061     0.006621     0.008479     1.893525     5.307601
 153    8.2197     0.004685     0.017259   -19.971744   -34.503811
 154    8.2216     0.008177     0.065873    -0.832643     4.252595
 155    8.2243     0.003366     0.001843    -0.188601    -0.128682
 156    8.2246     0.013299     0.067636    17.877100    25.496943
 157    8.2361     0.028772     0.026719   -66.145488    -9.278654
 158    8.2388     0.006973     0.023009    -3.212861    -2.228797
 159    8.2413     0.006084     0.031134   -25.640389   -40.305556
 160    8.2573     0.001281     0.003906    -0.040094    10.070324
 161    8.2737     0.005373     0.006804    18.876052    11.398955
 162    8.2885     0.002080     0.002430    -5.055900    -5.606908
 163    8.2965     0.001284     0.005959    13.903509     9.671339
 164    8.3018     0.008389     0.006016     4.979207     2.870746
 165    8.3134     0.004056     0.012252     0.471040     7.967619
 166    8.3160     0.006169     0.011029    40.255024    -9.507965
 167    8.3257     0.001408     0.000620     0.405598    -0.626352
 168    8.3314     0.018375     0.018749   -34.302764   -18.556486
 169    8.3379     0.016491     0.013078   -21.443629   -15.725761
 170    8.3395     0.069688     0.048567    23.789813    16.938435
 171    8.3507     0.010520     0.008662     3.648576     0.271377
 172    8.3637     0.009177     0.012527     7.555754     9.967323
 173    8.3672     0.002815     0.005466    -8.211758   -11.471307
 174    8.3696     0.003395     0.001991     3.910205     1.895780
 175    8.3733     0.001806     0.001174    -2.840269    -3.252598
 176    8.3794     0.011759     0.005423     5.518157     2.035626
 177    8.3828     0.020697     0.004197    18.910853     4.192336
 178    8.4249     0.001613     0.001449     7.078105     0.777884
 179    8.4305     0.002434     0.001854     1.059373     1.375396
 180    8.4431     0.004628     0.002547    -9.539923    -5.121902
 181    8.4492     0.005159     0.001985     2.059964     1.299322
 182    8.4748     0.030547     0.020263    30.564349     1.956307
 183    8.4922     0.006553     0.011852    16.943721    18.696695
 184    8.5000     0.007647     0.006378     1.402304    -1.915551
 185    8.5135     0.001509     0.001003    -3.680630    -2.707919
 186    8.5204     0.011089     0.005570    13.504836     5.805477
 187    8.5353     0.038212     0.025465   -15.649731    -5.212658
 188    8.5556     0.004928     0.006461     8.612706     9.256806
 189    8.5692     0.013410     0.010108   -21.297995    -9.176044
 190    8.5755     0.044357     0.023674    -7.327265    -7.069186
 191    8.5796     0.006105     0.005191     9.419110     6.264481
 192    8.5944     0.002141     0.000787    -1.629220    -0.779305
 193    8.6179     0.007552     0.011038    -5.723419   -10.831371
 194    8.6274     0.017335     0.011978    14.426443     7.237598
 195    8.6302     0.050932     0.028587    27.397862    21.183669
 196    8.6348     0.003551     0.005690   -16.438267   -23.078662
 197    8.6452     0.001681     0.001876    -5.227555    -4.622494
 198    8.6592     0.016539     0.006958     0.826900     0.971391
 199    8.6643     0.002261     0.007119    -5.366838    -9.681163
 200    8.6793     0.010747     0.005958    27.424017    25.196601
 201    8.6831     0.018429     0.008515     6.928240    -2.156253
 202    8.6924     0.021660     0.028408   -23.714577   -28.211633
 203    8.7098     0.008027     0.007098    18.909569     6.441896
 204    8.7163     0.014884     0.007120   -15.451313    -2.549305
 205    8.7219     0.010435     0.014931    17.803246    15.237724
 206    8.7262     0.003608     0.002803    -9.940808    -9.204189
 207    8.7355     0.002421     0.008646    -0.272121     4.703868
 208    8.7404     0.009923     0.012897   -22.206071   -11.043750
 209    8.7456     0.003691     0.007433     0.447581     0.985167
 210    8.7526     0.005305     0.005849   -13.809090   -12.585513
 211    8.7557     0.006326     0.005139    -7.277817    -9.277256
 212    8.7615     0.002342     0.003188    -5.736244    -6.634751
 213    8.7674     0.015955     0.021710   -24.449648   -33.486588
 214    8.7690     0.002036     0.002446     2.013352     0.461104
 215    8.7761     0.001610     0.001685     4.872307     5.704062
 216    8.7831     0.002056     0.002754    -3.211544    -1.678262
 217    8.7898     0.000813     0.001147     0.494299     2.064554
 218    8.7917     0.000683     0.001890    -1.585850    -3.223915
 219    8.8010     0.003794     0.001294    -1.611535     1.486991
 220    8.8053     0.000306     0.001920     0.745275    -3.757180
 221    8.8076     0.006045     0.011405    -1.745766    -8.771994
 222    8.8115     0.019750     0.007806    28.268384    17.252032
 223    8.8217     0.004765     0.002914    -6.560615    -5.522063
 224    8.8243     0.022247     0.013290    14.552909     9.645348
 225    8.8295     0.008241     0.004994     7.582095     6.374987
 226    8.8359     0.003232     0.001672     1.340728   -10.582191
 227    8.8426     0.001039     0.008837    20.687129    17.473382
 228    8.8459     0.009174     0.005536    -3.023073    -2.140963
 229    8.8560     0.062037     0.036103    15.536036    17.581177
 230    8.8661     0.011388     0.004715   -16.459734    -7.829283
 231    8.8681     0.002303     0.005074     0.593564    -3.645313
 232    8.8696     0.015482     0.012404   -10.646666   -19.969577
 233    8.8710     0.023474     0.011269   -20.149913   -15.088415
 234    8.8746     0.034734     0.015904     7.752784    -1.680361
 235    8.8935     0.002356     0.000837     5.824061     8.006477
 236    8.8966     0.004622     0.005255   -15.998131    -9.640720
 237    8.8995     0.004199     0.004930    -1.824839     1.150789
 238    8.9023     0.007882     0.007925    13.422171    19.072282
 239    8.9209     0.005866     0.014808    33.576888    25.538380
 240    8.9247     0.001954     0.001742    -4.827899    -1.313671
 241    8.9343     0.004394     0.006578     9.236185     7.440571
 242    8.9373     0.007643     0.008174    -8.108129   -11.588848
 243    8.9556     0.021698     0.018809     7.363009    10.395160
 244    8.9586     0.005545     0.003884     2.333220     3.429545
 245    8.9707     0.000608     0.000923     0.540027     0.809653
 246    8.9750     0.002912     0.002464     2.201023     6.842455
 247    8.9815     0.000182     0.001378     0.212708    -1.713784
 248    8.9882     0.010010     0.014455   -15.173069   -13.903821
 249    8.9921     0.001136     0.001487    -0.262872    -0.709292
 250    9.0021     0.000760     0.000377     3.035900    -0.521526
 251    9.0110     0.016732     0.010430     3.120767    -5.783678
 252    9.0134     0.006734     0.008477    15.501653    16.631241
 253    9.0243     0.000091     0.000445    -1.626612    -0.645972
 254    9.0322     0.004288     0.003073     5.737828     0.870179
 255    9.0363     0.001134     0.000523     1.007221    -1.146548
 256    9.0585     0.008816     0.006540     8.152356    -2.626311
 257    9.0631     0.001350     0.016850   -10.045658     2.359391
 258    9.0684     0.000338     0.000463     2.036522    -0.742907
 259    9.0754     0.003926     0.003435     3.077134     2.122328
 260    9.0809     0.015109     0.013639    -6.530052    -7.449188
 261    9.1183     0.007138     0.009208    -2.837338    -8.188851
 262    9.1239     0.001274     0.001813    -0.074573    -0.927404
 263    9.1269     0.003499     0.035759   -16.121270     9.512954
 264    9.1300     0.000919     0.006704     0.703532    -0.694361
 265    9.1370     0.000813     0.001436    -1.937429    -1.020080
 266    9.1495     0.000746     0.011719     1.140996    -6.170862
 267    9.1540     0.007581     0.005207   -12.212126     1.154355
 268    9.1607     0.003029     0.004987    -6.437097    10.299102
 269    9.1682     0.003793     0.007276   -19.925264    11.277735
 270    9.1857     0.000633     0.002769     4.618704     4.739303
 271    9.1904     0.010134     0.010285    -6.127430     3.149047
 272    9.1933     0.002847     0.031327     0.043229   -18.412609
 273    9.1983     0.006173     0.007883    -7.700929    -2.082493
 274    9.2111     0.002663     0.007083     1.202606    -3.480614
 275    9.2276     0.001518     0.001287    -4.134962    -3.319583
 276    9.2343     0.005955     0.006162    -3.351242    -0.618884
 277    9.2472     0.002755     0.001047     7.332082    -3.989182
 278    9.2590     0.000852     0.009752     1.601023     1.826380
 279    9.2672     0.000092     0.000615    -0.175563     1.641969
 280    9.2729     0.003788     0.001413    -1.335731     2.287157
 281    9.2776     0.000533     0.001048    -1.144061    -0.704625
 282    9.2828     0.000456     0.001080     0.259836     4.126296
 283    9.2952     0.001363     0.002940     1.993095     1.772333
 284    9.3005     0.001625     0.001667    -1.944568    -2.189621
 285    9.3142     0.001292     0.005818     3.077475     3.089569
 286    9.3195     0.002188     0.003584    -1.847038    -6.372073
 287    9.3217     0.009560     0.013829     8.904430    16.130740
 288    9.3332     0.004529     0.006145    -5.342257    -3.335187
 289    9.3346     0.009822     0.015365     1.131609     4.822967
 290    9.3405     0.000044     0.001706    -0.035313    -2.325323
 291    9.3483     0.003156     0.004190     5.109169     3.023295
 292    9.3538     0.002519     0.004861     1.593231     4.216725
 293    9.3558     0.000930     0.000411     3.142377     0.230710
 294    9.3665     0.006424     0.012690     7.350382     0.578488
 295    9.3782     0.001686     0.000774    -8.482618     0.050985
 296    9.3818     0.001791     0.001662     7.089464     6.601128
 297    9.3969     0.003634     0.001546   -13.622876    -4.513627
 298    9.3996     0.003685     0.004920     6.139770    -5.723855
 299    9.4015     0.001195     0.001001     3.809810     0.430794
 300    9.4198     0.002132     0.013836    20.182228    -1.378822
 301    9.4209     0.000864     0.002599     2.618230    -0.649679
 302    9.4353     0.000229     0.001970    -0.759222    -0.076753
 303    9.4365     0.000388     0.000517     1.482553     1.055732
 304    9.4442     0.003391     0.019116   -10.841330     1.424703
 305    9.4560     0.000907     0.003163     4.974967     8.100103
 306    9.4743     0.005800     0.001977    -5.227729    -0.809987
 307    9.4805     0.000862     0.005561    -2.981838     3.725591
 308    9.4853     0.001202     0.004151     2.086998     2.706939
 309    9.4912     0.000014     0.000088     0.006675    -0.220823
 310    9.4991     0.001417     0.002560    -1.568544     0.005144
 311    9.5004     0.000440     0.001144     3.188519     2.996152
 312    9.5093     0.002827     0.001885    -0.216578    -4.818806
 313    9.5171     0.000915     0.000860     2.518023     4.008983
 314    9.5197     0.000922     0.000561     0.332518    -0.054243
 315    9.5338     0.002625     0.002158     3.853680     3.591360
 316    9.5475     0.004811     0.001775    15.056250     4.869235
 317    9.5574     0.001923     0.010571    -1.713583    -0.604353
 318    9.5609     0.004868     0.012022   -11.443755    -5.916277
 319    9.5672     0.000335     0.000275     0.656557     0.527354
 320    9.5754     0.001979     0.013261     7.215885    16.360077
 321    9.5807     0.002073     0.000633    -6.520667    -0.131220
 322    9.5862     0.001204     0.011045    -1.623038     2.603344
 323    9.5876     0.002875     0.001316    -4.125148    -5.495010
 324    9.5906     0.005906     0.029731     6.148968    16.113694
 325    9.6003     0.004438     0.004142     2.434603     6.047108
 326    9.6043     0.000760     0.001945    -0.126773     1.714276
 327    9.6075     0.004659     0.002943    13.306060     8.998573
 328    9.6165     0.001201     0.002342     8.501175    -0.269166
 329    9.6214     0.000264     0.000753     1.079629     2.073862
 330    9.6226     0.001155     0.000696     0.969069     0.489414
 331    9.6314     0.006314     0.002503    18.885626    11.506116
 332    9.6329     0.004155     0.001761   -15.467584   -10.320761
 333    9.6401     0.001161     0.004632     3.154548    -1.312562
 334    9.6515     0.001064     0.001081     1.060232     0.780779
 335    9.6565     0.008477     0.009859    -7.753203   -13.335884
 336    9.6676     0.003476     0.004141    -9.273243    -5.979147
 337    9.6815     0.001462     0.006306     4.621975    -7.250218
 338    9.6920     0.003301     0.006988    -0.274315     8.791122
 339    9.6992     0.002767     0.000544    -7.408227     1.569513
 340    9.7045     0.003383     0.001610     3.168831     2.660348
 341    9.7107     0.000374     0.002979     2.548644    -2.438872
 342    9.7181     0.000347     0.001805    -0.418649     0.088411
 343    9.7256     0.000440     0.001221    -0.891008    -2.610664
 344    9.7445     0.000600     0.002109    -0.664748    -1.258864
 345    9.7490     0.002627     0.000918    -3.927996     1.749620
 346    9.7570     0.003646     0.001621     7.317112    -2.927572
 347    9.7600     0.000471     0.002700    -1.205301     1.789706
 348    9.7700     0.004710     0.002029    -3.039699     0.521578
 349    9.7740     0.001838     0.001354     1.598704     2.132835
 350    9.7787     0.000770     0.000336    -1.901038     0.934406
 351    9.7845     0.001964     0.000468     7.539250     3.138362
 352    9.7859     0.001797     0.004034     1.344972    -2.370855
 353    9.7924     0.003758     0.002273     1.906877     5.576856
 354    9.7952     0.002231     0.004221     6.680893     3.044962
 355    9.8046     0.000803     0.001961    -2.275139    -9.075882
 356    9.8078     0.004411     0.004188    -6.272862    -6.759350
 357    9.8126     0.000605     0.003733    -3.057826    -2.861342
 358    9.8138     0.022661     0.005151    16.009906    12.612227
 359    9.8150     0.008378     0.007031    -3.313560    -2.307546
 360    9.8211     0.014084     0.009188    -5.643399    -4.252318
 361    9.8267     0.001819     0.002161     4.146562     9.462970
 362    9.8331     0.005000     0.004721   -13.125609    -6.239245
 363    9.8366     0.005767     0.004549    -4.807228    -4.390117
 364    9.8409     0.005134     0.004948    -9.009437   -10.505109
 365    9.8430     0.002625     0.001413    -9.328618     9.659277
 366    9.8538     0.003287     0.009831    -2.073425    -4.340504
 367    9.8564     0.002120     0.004107   -11.106782   -15.920968
 368    9.8615     0.001604     0.005888    -7.133513    14.851214
 369    9.8711     0.001456     0.000592    -0.375573     0.958369
 370    9.8774     0.000494     0.000753    -0.388852     1.055550
 371    9.8833     0.001611     0.002284    -7.573061     5.340442
 372    9.8893     0.000092     0.000101    -0.080213    -0.111983
 373    9.8912     0.000367     0.001945    -3.047785    -7.761832
 374    9.8994     0.000999     0.002735    -4.495574   -10.161332
 375    9.9015     0.003923     0.003983    -3.311129    -1.587477
 376    9.9069     0.002413     0.006558    12.210911    11.663072
 377    9.9115     0.001803     0.002570     1.778084     2.401299
 378    9.9139     0.000058     0.000367    -0.148917     0.113016
 379    9.9172     0.010914     0.004990    -5.629793     6.008468
 380    9.9249     0.000201     0.005923     0.825770     0.535615
 381    9.9290     0.000325     0.002771    -1.070599     3.059345
 382    9.9356     0.001405     0.000498     5.286430     0.037130
 383    9.9385     0.002849     0.000585    -3.315217    -1.078537
 384    9.9448     0.002468     0.003434    -1.134205    -0.382688
 385    9.9468     0.001482     0.001749    -0.731321    -2.071080
 386    9.9562     0.000935     0.006620    -2.038764     2.165453
 387    9.9630     0.002151     0.000785     2.172382     0.071647
 388    9.9641     0.003576     0.003033    -2.242948     3.844275
 389    9.9669     0.003647     0.002342   -14.696408     1.386789
 390    9.9741     0.004525     0.005133    -3.891911     0.332589
 391    9.9799     0.007302     0.004271     2.845310     4.888266
 392    9.9830     0.000300     0.001213    -0.253921     0.516181
 393    9.9860     0.003129     0.005315    10.587933    14.380238
 394    9.9888     0.007591     0.001882     7.982948     0.879503
 395    9.9902     0.010409     0.005886     4.022445     4.829886
 396    9.9933     0.000218     0.003147    -1.413088     1.730397
 397    9.9971     0.014606     0.016667     9.559750     5.446365
