 NM
 VELO
 MMASS
   611.703999999999     
 LFAKTOR
  0.5
 RFAKTOR
  1.0
 WIDTH
  0.20
 SHIFT
  0.00
 DATXY
   1    2.7032     0.220923     0.044103   -50.739661    10.526243
   2    3.2230     0.033911     0.321982    56.974464    -6.288999
   3    3.8156     0.028229     0.020507   -11.210082     6.714443
   4    3.9627     0.295638     0.061052   -30.411552     1.584706
   5    3.9982     0.325577     0.070878   -33.685395    -9.071721
   6    4.1461     0.008108     0.002659     9.803027     9.130301
   7    4.1618     0.177972     0.045093    -2.130037    -5.646191
   8    4.2526     0.581791     0.123596    54.506561    21.574452
   9    4.4251     0.004464     0.000923    -1.151488    -0.959890
  10    4.4971     0.001186     0.000294    11.916368     9.531242
  11    4.5450     0.015809     0.001553    -3.687696    -0.000747
  12    4.6316     0.000190     0.000099    -0.410140    -0.376963
  13    4.6453     0.316706     0.066232   -20.810336   -11.923294
  14    4.6909     0.232467     0.071692   -27.141905    -2.518991
  15    4.7171     0.061811     0.047635    12.045387    -8.561559
  16    4.7547     0.010816     0.003113     0.855620     0.907605
  17    4.8924     0.011745     0.258255    -0.868738     5.531746
  18    4.9139     0.000057     0.001471    -2.575323    -0.435306
  19    4.9226     0.236628     0.050461   -25.621181   -23.378094
  20    4.9513     0.011025     0.001198    -5.179213    -5.643384
  21    4.9607     0.027166     0.002127     7.047626   -10.182696
  22    5.0336     0.028046     0.004649     2.337145     5.047284
  23    5.1158     0.833912     0.228589   -14.834914   -33.194209
  24    5.2212     0.037190     0.024973     6.027967    39.711380
  25    5.2268     0.154720     0.032325    -8.135185    -8.446843
  26    5.2388     0.753446     0.135686    29.867510     2.471952
  27    5.2580     0.046088     0.018346    19.936622    24.467033
  28    5.3098     0.128447     0.012499     7.391887    12.334566
  29    5.3700     0.487573     0.043869    15.175994    19.387439
  30    5.4285     0.019237     0.004333    11.347903    14.558563
  31    5.4441     0.015594     0.003175     0.014783    -9.797583
  32    5.4865     0.284530     0.042572    22.550062     9.767526
  33    5.6093     0.016279     0.003849    -9.619908    -3.998108
  34    5.6558     0.000617     0.000243   -27.766220   -17.791483
  35    5.6781     0.007601     0.001220     8.432887     7.465585
  36    5.7098     0.000813     0.000751    -8.715525   -10.783878
  37    5.8010     0.074676     0.014300    17.600781     9.796629
  38    5.8513     0.264454     0.054234    38.291658    25.989176
  39    5.9480     0.676676     0.102864   256.362906   195.133403
  40    5.9648     0.140643     0.021038  -185.618228  -147.657509
  41    6.0168     0.090899     0.022808    -0.717937    -0.030495
  42    6.0692     0.193932     0.041982    -8.735117   -10.432190
  43    6.0806     0.000269     0.000442     0.374377     0.116112
  44    6.0869     0.009595     0.008223     7.650629     8.167515
  45    6.0995     0.006751     0.030460     5.014135   -17.764156
  46    6.1315     0.013347     0.008981     3.222838    12.857142
  47    6.1859     0.013595     0.018355     3.723277    -1.284849
  48    6.2003     0.126772     0.031784   -19.666372    -8.065495
  49    6.2567     0.016839     0.017616    -1.273411   -10.768279
  50    6.2706     0.003590     0.014930    -1.347003     9.837383
  51    6.3198     0.013245     0.007274    -1.381173    -0.479094
  52    6.3267     0.010960     0.002936    -3.750188    -2.479148
  53    6.3789     0.000717     0.001292    -0.578148     2.677764
  54    6.4077     0.022099     0.005842    -3.818934    -2.291544
  55    6.4129     0.038040     0.009713    37.026058    27.589769
  56    6.4152     0.153071     0.036216   -40.815794   -33.387564
  57    6.4425     0.046941     0.008998     6.151851     6.695358
  58    6.4554     0.041904     0.006502    -8.639529    -5.259667
  59    6.4699     0.028148     0.006785     2.660622     0.764167
  60    6.4806     0.056290     0.009500    -6.046927    -2.691215
  61    6.5053     0.005616     0.002554    20.457833    13.841392
  62    6.5303     0.003211     0.001552    -2.827526    -2.602240
  63    6.5477     0.052338     0.011513    -8.698872    -5.448487
  64    6.5846     0.023871     0.006836     7.996535     8.034037
  65    6.5904     0.055520     0.013146    -5.386011    -2.249042
  66    6.6120     0.197604     0.076660     5.535323    -1.979075
  67    6.6442     0.429305     0.096351    44.900614    36.306450
  68    6.6646     0.028951     0.014777   -14.281089   -12.766938
  69    6.6699     0.028612     0.011700     0.179825    -3.538098
  70    6.6838     0.059378     0.023474   -19.495802   -19.500525
  71    6.6913     0.157304     0.066187  -142.247777  -108.674648
  72    6.6998     0.143389     0.085026    59.023526    44.773265
  73    6.7555     0.179849     0.000413   -43.418727   -18.389555
  74    6.8029     0.094761     0.013659  -152.492446   -94.105962
  75    6.8131     0.455702     0.135797    19.550382    -1.865765
  76    6.8402     0.039601     0.009846    27.370071    22.780590
  77    6.8479     0.050699     0.017695    30.260895    17.427885
  78    6.8574     0.209996     0.025740    45.397240    29.440225
  79    6.8618     0.094237     0.020285    29.263949    24.129343
  80    6.8739     0.033449     0.005879   -28.418946   -31.676509
  81    6.9186     0.011073     0.000191   -20.826532   -12.043763
  82    6.9268     0.000918     0.003533     8.128940    -0.259577
  83    6.9405     0.085187     0.031070    33.422826    24.718034
  84    6.9422     0.047300     0.057951    10.790166    24.340134
  85    6.9548     0.002033     0.000787   -12.357857    -9.844961
  86    6.9799     0.080935     0.014718    10.858007    23.069459
  87    6.9868     0.003474     0.000800     2.578344     5.328838
  88    6.9889     0.041489     0.007658     7.265318    22.333864
  89    6.9957     0.023331     0.014022    23.457212    -2.774291
  90    7.0032     0.028180     0.010479     3.439203     3.619217
  91    7.0140     0.293537     0.070971    72.597134    53.562988
  92    7.0327     0.001844     0.000666     9.271083     7.601407
  93    7.0527     0.011385     0.007956     4.126325    -4.286924
  94    7.0574     0.083774     0.025967   -16.920851    -9.520456
  95    7.0737     0.521127     0.153304   -23.625898    16.364547
  96    7.0900     0.075657     0.023239   -92.559940  -100.187089
  97    7.0962     0.072324     0.017559   -32.589410    11.758522
  98    7.1087     0.077929     0.032329    41.391287   -10.043425
  99    7.1107     0.052508     0.024069    19.139564    15.326028
 100    7.1252     0.061761     0.012652   139.886613    78.953058
 101    7.1309     0.031527     0.007110     2.424874     2.009909
 102    7.1335     0.071249     0.022553    24.142217    15.957903
 103    7.1466     0.009241     0.010592     4.328006    -6.036071
 104    7.1670     0.005351     0.003908     7.276747     4.363665
 105    7.1727     0.004784     0.004337    49.404018    31.735254
 106    7.1759     0.007867     0.007149   -20.306750   -19.183027
 107    7.1918     0.079989     0.009440  -154.898437   -78.913273
 108    7.1999     0.042654     0.041886   -27.385239  -101.247908
 109    7.2262     0.054055     0.106733   124.774767   118.286889
 110    7.2496     0.016207     0.017939    -0.569521    11.692983
 111    7.2516     0.032346     0.011119    20.464724     6.306314
 112    7.2697     0.045861     0.020071   -17.557024   -13.912097
 113    7.2809     0.023561     0.019484   -28.966236   -32.677173
 114    7.3071     0.022699     0.003189   -47.200886   -29.696566
 115    7.3110     0.016804     0.007227    23.860541    33.397751
 116    7.3162     0.007557     0.001280   -31.699205   -17.992326
 117    7.3198     0.128817     0.038036   -19.921830   -19.352796
 118    7.3313     0.063679     0.014143    19.498825     5.037203
 119    7.3330     0.068440     0.016626    21.401269     6.951370
 120    7.3360     0.018214     0.008698    -0.220501    -2.136778
 121    7.3461     0.069129     0.009904    51.074664    32.600152
 122    7.3772     0.090127     0.017430   -49.542113   -34.954338
 123    7.3867     0.003760     0.016431   -15.365101   -68.426551
 124    7.3877     0.001401     0.000993    -3.067849    -6.647056
 125    7.3977     0.066725     0.011452    44.487266    25.483617
 126    7.4010     0.254196     0.055528    96.194527   103.293914
 127    7.4148     0.000650     0.000395    -0.143809     0.639198
 128    7.4229     0.017550     0.004794   -14.703374   -10.898263
 129    7.4410     0.023949     0.002221    38.397495    14.645774
 130    7.4574     0.007046     0.001896    -7.401600    -4.125753
 131    7.4663     0.053879     0.008837    11.634087    -2.552496
 132    7.4882     0.005984     0.001451    -9.937327    -2.580210
 133    7.5100     0.113502     0.054353    45.324625    36.433952
 134    7.5622     0.023080     0.006803    20.599961     5.850412
 135    7.5645     0.149939     0.026706  -101.458115   -50.653628
 136    7.5812     0.070108     0.012762   -63.737125   -47.840474
 137    7.5866     0.036253     0.028381    85.044347    67.277536
 138    7.5892     0.101813     0.024976    -9.316579    -1.400349
 139    7.5900     0.009007     0.003568    52.203495    15.803344
 140    7.5931     0.012281     0.005934   -42.084413   -17.251733
 141    7.6058     0.041119     0.014656    -7.098396    -3.881102
 142    7.6153     0.004694     0.001945    -6.588468    -5.332843
 143    7.6343     0.011694     0.003662    10.309005     4.295731
 144    7.6437     0.004004     0.000429    -1.296913    -2.373409
 145    7.6659     0.032363     0.011827   -16.171588   -17.639224
 146    7.6749     0.015263     0.012397    58.518264    63.560054
 147    7.6777     0.035973     0.009916   -17.527627   -19.033947
 148    7.7042     0.017069     0.007837    -8.565963    -7.017005
 149    7.7099     0.066075     0.024381   -12.809129   -18.418316
 150    7.7158     0.120644     0.032674  -130.542297   -77.716365
 151    7.7286     0.062838     0.014608    86.733508    55.455969
 152    7.7623     0.039309     0.024416   -12.508497     0.949954
 153    7.7945     0.038699     0.021960   -23.447576    11.730348
 154    7.8033     0.001910     0.016086    -5.562179     3.552965
 155    7.8170     0.024795     0.032333     3.181743    28.816654
 156    7.8287     0.004514     0.002181   -17.666580    -3.080352
 157    7.8385     0.019414     0.044110    10.457987    28.939713
 158    7.8406     0.007970     0.025048    23.738258    11.528845
 159    7.8534     0.018000     0.011460   -15.378943    -5.431489
 160    7.8570     0.005616     0.015470   -16.357448    33.327195
 161    7.8662     0.002023     0.018978    20.218734    19.844899
 162    7.8808     0.026430     0.011689   -12.402613    -6.256933
 163    7.8889     0.023856     0.016313    -6.606435    -7.534542
 164    7.8994     0.013482     0.010087     4.119366    -6.164857
 165    7.9055     0.047016     0.013866   -33.584988   -13.814906
 166    7.9321     0.000077     0.000006     0.839450     0.799318
 167    7.9414     0.000835     0.002902    -1.151936   -12.406166
 168    7.9550     0.007273     0.058776    28.446823  -113.813324
 169    7.9682     0.063505     0.058020   -63.007978  -105.404833
 170    7.9857     0.048529     0.027990    29.464936     1.402786
 171    7.9929     0.056384     0.072588    46.606998    85.959126
 172    7.9966     0.019650     0.080362   -84.350549     8.821373
 173    8.0015     0.003348     0.016177   -37.232647   -30.686869
 174    8.0057     0.023059     0.007165   -20.758231   -20.409584
 175    8.0201     0.383985     0.081605   131.042548   207.112317
 176    8.0369     0.201953     0.142566   -71.286611  -130.608605
 177    8.0523     0.106334     0.018957    62.357288    35.477066
 178    8.0933     0.074387     0.013159  -128.321452   -84.167944
 179    8.0946     0.106425     0.027142   -86.700831   -64.898191
 180    8.1103     0.275797     0.054188    98.874594    75.103629
 181    8.1328     0.055478     0.015889    19.713548    15.732852
 182    8.1368     0.235609     0.047864   -63.589232   -49.049384
 183    8.1552     0.074265     0.029173    -9.739646   -16.158671
 184    8.1613     0.069790     0.043788     9.610875    28.880821
 185    8.1770     0.034013     0.020404    26.988210    22.382799
 186    8.1828     0.013942     0.023684    -8.813116    -9.332494
 187    8.1850     0.010169     0.003178    -3.213921    -7.365583
 188    8.1920     0.142848     0.061843    -0.417852    19.900326
 189    8.1963     0.033533     0.027555     2.594870    -3.364566
 190    8.2050     0.020609     0.017808     0.178112   -24.499474
 191    8.2402     0.032450     0.015839    48.051260    36.510291
 192    8.2414     0.010245     0.004925   -12.231204    -7.963728
 193    8.2419     0.034973     0.015696    -2.227490   -13.870791
 194    8.2568     0.019733     0.029855    55.588857    52.925962
 195    8.2692     0.029704     0.025916   -64.517903   -60.748380
 196    8.2823     0.021123     0.002041   -59.794695   -21.919259
 197    8.2881     0.006414     0.003063     2.203298     3.053941
 198    8.3054     0.066852     0.014377    41.740073    30.200203
 199    8.3077     0.014002     0.010539     7.032319     2.123923
 200    8.3108     0.002282     0.003847    -4.155738   -11.437278
 201    8.3118     0.009863     0.001372    15.573085     5.333302
 202    8.3203     0.041268     0.009344   -31.152331     6.519525
 203    8.3307     0.001739     0.004030    11.521344     1.926435
 204    8.3418     0.051025     0.018738    20.391108    19.087740
 205    8.3466     0.006956     0.002983    -6.500398    -6.321495
 206    8.3530     0.007922     0.003508   -43.493579   -32.915513
 207    8.3659     0.070108     0.032139    36.726851    46.008968
 208    8.3702     0.002836     0.003366    23.928967     8.768023
 209    8.3807     0.008155     0.032630    23.368089    61.290789
 210    8.3894     0.012881     0.047243   -57.303352  -101.103538
 211    8.3956     0.014269     0.005583    22.558603    14.927397
 212    8.4039     0.047736     0.016025    54.748610    61.649756
 213    8.4182     0.009495     0.002252    -8.982089   -12.693709
 214    8.4199     0.000215     0.000143     0.905589     0.854241
 215    8.4217     0.001424     0.000639    -2.541891    -2.344391
 216    8.4251     0.016064     0.004499    45.596396    31.912255
 217    8.4286     0.007464     0.002343   -10.757699    -7.719759
 218    8.4365     0.010875     0.007748    -2.004097    -1.066212
 219    8.4435     0.003562     0.001694     2.314612     2.136881
 220    8.4468     0.003586     0.000896    -0.081235    -0.007876
 221    8.4553     0.016824     0.003944    21.425403    13.809611
 222    8.4641     0.020947     0.006226     2.210157    -4.310724
 223    8.4720     0.013967     0.001808    22.819266     7.772771
 224    8.4894     0.026615     0.005180     3.614113     1.327204
 225    8.4960     0.006101     0.000834    -5.342082    -6.990362
 226    8.5016     0.004924     0.001606    -4.871337    -3.414522
 227    8.5082     0.002913     0.003496    -0.753691    -3.137227
 228    8.5348     0.046016     0.016999    -9.146234    -2.084417
 229    8.5440     0.012367     0.003982    -0.823348     0.252961
 230    8.5506     0.000899     0.000787    -1.563125    -3.817960
 231    8.5569     0.052110     0.013908     5.690597     4.008867
 232    8.5695     0.005614     0.001087    -8.174597     2.874484
 233    8.5742     0.012238     0.003364    -3.082215    -2.010882
 234    8.5891     0.019554     0.005043   -10.945681    -8.473985
 235    8.5935     0.013465     0.004603   -10.168376    -5.538656
 236    8.5975     0.020843     0.005825   -16.187531    -3.745040
 237    8.6020     0.016826     0.009344     8.641340    16.322165
 238    8.6039     0.006029     0.000858    -8.506878    -3.821026
 239    8.6049     0.001318     0.001936     2.237824     0.466143
 240    8.6275     0.002471     0.002314    -5.328418    -3.094122
 241    8.6342     0.022945     0.004027     8.093324    -5.294366
 242    8.6386     0.001687     0.001861     7.591111   -12.433897
 243    8.6487     0.006827     0.000177   -18.637717    -4.826357
 244    8.6553     0.000203     0.000059     5.949391     3.954975
 245    8.6653     0.010188     0.005235    -5.522708    -6.690880
 246    8.6826     0.002985     0.005214     4.944655     2.088526
 247    8.6916     0.014567     0.005272    24.419756    28.874328
 248    8.6976     0.039576     0.005400   -28.875225   -17.663962
 249    8.7090     0.034247     0.004257    21.728305    14.713741
 250    8.7124     0.020530     0.010119     3.142373   -14.143857
 251    8.7208     0.003723     0.010103   -13.524926   -25.255566
 252    8.7286     0.015125     0.005942    17.115325     8.172989
 253    8.7343     0.034350     0.012586    23.600911    10.380179
 254    8.7432     0.016356     0.002422    17.697856     5.455766
 255    8.7468     0.016328     0.006942     7.801324     3.053167
 256    8.7471     0.017163     0.006970    -4.285548    -2.753392
 257    8.7553     0.040803     0.004208    11.594865     2.761019
 258    8.7586     0.004012     0.006256     1.726995   -13.538650
 259    8.7665     0.007273     0.002021    -2.041382    -1.822749
 260    8.7698     0.038178     0.002998   -58.389769   -17.646990
 261    8.7735     0.030687     0.010101    20.214743    13.043064
 262    8.7843     0.012206     0.001626    -9.964720    -5.056069
 263    8.7912     0.000911     0.006480     1.200472     3.285603
 264    8.7934     0.010399     0.003046     6.073429     1.023605
 265    8.8060     0.008710     0.003009    -0.498970    -0.307228
 266    8.8241     0.095350     0.045206   -10.213860    23.354835
 267    8.8289     0.107761     0.025890     6.445408    10.139912
 268    8.8332     0.129111     0.027861    11.599675     7.971547
 269    8.8424     0.072890     0.020596   -11.987059    -4.386343
 270    8.8478     0.080166     0.031500   -29.461419   -32.598819
 271    8.8560     0.003962     0.003578   -14.181821   -13.516438
 272    8.8591     0.008081     0.023723     9.820739    21.151946
 273    8.8766     0.033314     0.008774   -29.213695   -17.243547
 274    8.8828     0.021966     0.005858    63.551642    42.960345
 275    8.8909     0.004631     0.003771    -3.831961    15.742563
 276    8.9002     0.010340     0.009943    29.965504    22.401424
 277    8.9060     0.014182     0.006294    11.815513     8.090119
 278    8.9116     0.064431     0.008276   -52.309342   -28.862182
 279    8.9179     0.069901     0.008441    36.686360    21.517095
 280    8.9306     0.009179     0.006921    -2.513229   -10.314493
 281    8.9393     0.005105     0.001117    10.412188    -1.297788
 282    8.9423     0.014409     0.004409    24.918123    17.869060
 283    8.9493     0.015801     0.007267     5.007302     2.421685
 284    8.9541     0.001100     0.000354     0.864979     0.270032
 285    8.9553     0.007496     0.002445   -16.432688    -0.798329
 286    8.9600     0.006304     0.001984    -7.629964    -5.844663
 287    8.9630     0.038469     0.012455   -32.724501   -38.332125
 288    8.9697     0.066135     0.019909   -26.582538   -19.970200
 289    8.9751     0.034487     0.000989    35.714356    12.714937
 290    8.9852     0.003828     0.008026     5.581247     6.619028
 291    8.9864     0.012250     0.001992    -9.149766     2.781755
 292    8.9955     0.009018     0.003804    -5.863916    -8.255531
 293    9.0062     0.019677     0.004543    21.610273     1.807996
 294    9.0103     0.032204     0.011379   -13.079098    -6.414528
 295    9.0148     0.002056     0.000522     3.213109     2.186948
 296    9.0212     0.009063     0.003526     0.330855    -1.079560
 297    9.0237     0.025788     0.014217    -6.951200    -8.748994
 298    9.0402     0.197005     0.055376   -30.114969   -17.147182
 299    9.0463     0.017656     0.013590     6.046276     6.252048
 300    9.0544     0.014687     0.005302    24.137641    14.679735
 301    9.0665     0.018807     0.004828    -4.235977    -0.179528
 302    9.0699     0.005478     0.002338    -0.172335     0.037728
 303    9.0718     0.001264     0.001450    -2.784830    -4.909794
 304    9.0776     0.006443     0.002868    -7.744654    -0.267404
 305    9.0876     0.018478     0.008187    12.156567     8.460026
 306    9.0967     0.028182     0.006806    31.216898    24.959628
 307    9.1035     0.036578     0.004354   -15.616349     3.620553
 308    9.1072     0.004015     0.005325   -10.893834    -3.399262
 309    9.1150     0.152604     0.039855   -13.915980   -11.752667
 310    9.1240     0.003078     0.005609     2.350252    -4.091517
 311    9.1300     0.026422     0.007300   -19.910148     6.488836
 312    9.1320     0.034680     0.002373   -44.205941     1.863745
 313    9.1399     0.024879     0.003839    -6.611393    -5.378671
 314    9.1411     0.025862     0.012934    35.497019    20.924539
 315    9.1442     0.011760     0.019108   -19.348098    21.290611
 316    9.1538     0.003258     0.002426    12.362032     3.720357
 317    9.1625     0.017675     0.019078     2.969673   -13.614116
 318    9.1676     0.004529     0.005271     0.777439   -23.191766
 319    9.1691     0.004973     0.003106     6.964572   -19.163190
 320    9.1709     0.002772     0.000158     8.394191     1.099055
 321    9.1787     0.029348     0.007598    -9.854018   -18.427263
 322    9.1823     0.013028     0.006911     0.755378   -27.276385
 323    9.1902     0.003025     0.005155    17.127345    14.582301
 324    9.1969     0.007423     0.002985     8.387496    17.065912
 325    9.2054     0.001352     0.002659    -1.772530    -2.672065
 326    9.2087     0.014055     0.009193    12.108603     6.937662
 327    9.2203     0.012150     0.006493    -7.024569     0.854017
 328    9.2242     0.001409     0.001624     3.399729     5.073682
 329    9.2249     0.008258     0.002234    -7.339672    -1.366138
 330    9.2275     0.008922     0.010410     5.148938    11.625740
 331    9.2392     0.012832     0.014462     5.224867    -1.045898
 332    9.2471     0.000218     0.001008    -0.470629    -0.869475
 333    9.2612     0.002728     0.008023   -16.520209   -20.858241
 334    9.2671     0.022406     0.000340     8.550883     8.293128
 335    9.2685     0.001585     0.000975    -0.830732    -0.173010
 336    9.2727     0.002987     0.000062    -0.647327     0.954843
 337    9.2810     0.000725     0.001031    -2.317602     3.099995
 338    9.2900     0.008993     0.002894    -3.871142     1.006043
 339    9.2931     0.000564     0.000820    -4.456708    -0.410843
 340    9.3006     0.001718     0.000305     3.809810     6.744763
 341    9.3045     0.001444     0.001738     2.630883    -4.802887
 342    9.3131     0.005400     0.003277    -6.430673    -0.452499
 343    9.3218     0.021306     0.007626     4.494629    13.092748
 344    9.3247     0.008204     0.001091     6.586787     0.856157
 345    9.3273     0.003015     0.000389    13.327563     6.290278
 346    9.3343     0.000793     0.004494     1.099602    10.211064
 347    9.3393     0.001382     0.000467   -22.777443    -9.257169
 348    9.3436     0.004442     0.000594     6.468853    -1.587551
 349    9.3465     0.007417     0.004435    11.620155    -4.622250
 350    9.3597     0.009788     0.003541    11.616026     7.985464
 351    9.3605     0.005509     0.001690   -10.926743    -6.329597
 352    9.3639     0.002419     0.000537    -3.876572    -1.267494
 353    9.3740     0.013356     0.004034    17.842033     8.213485
 354    9.3776     0.002484     0.001085    -5.046083    -2.936151
 355    9.3877     0.001201     0.000048    -3.625756    -3.264724
 356    9.3904     0.002423     0.000656     5.764250     3.202295
 357    9.4013     0.001508     0.001841    -7.034925     9.536468
 358    9.4057     0.007748     0.009153   -25.319688   -27.287737
 359    9.4105     0.003583     0.009707    13.189788     6.725915
 360    9.4159     0.003093     0.001002    -5.695069    -1.778531
 361    9.4174     0.003048     0.001514     0.851222     2.562814
 362    9.4228     0.003174     0.004663    13.484819    -2.896062
 363    9.4273     0.033734     0.009813   -20.146144   -16.303244
 364    9.4324     0.003707     0.002927    -0.766327    -4.416370
 365    9.4370     0.012096     0.004095    -8.832773    -6.281713
 366    9.4431     0.009364     0.008443     5.960975     4.711822
 367    9.4507     0.009298     0.009971     0.953361     3.033369
 368    9.4602     0.001359     0.000597    -2.421294    -0.170353
 369    9.4647     0.003825     0.003840    10.448914     6.047607
 370    9.4651     0.001282     0.000935    -0.963675     0.661380
 371    9.4688     0.008835     0.006291    22.470238    17.231251
 372    9.4731     0.001314     0.000236     5.872991     5.684173
 373    9.4870     0.002670     0.000960     5.506735    -2.290892
 374    9.4904     0.004627     0.002581   -33.440604   -17.634279
 375    9.4941     0.017601     0.011518    10.666332    12.187343
 376    9.5022     0.001181     0.000176     3.140132    -6.145351
 377    9.5075     0.002376     0.000709     4.938445     3.668250
 378    9.5103     0.012004     0.007035     0.039118    -3.204438
 379    9.5125     0.002683     0.002313    -1.948275    -3.371846
 380    9.5171     0.003166     0.002344     5.664358     1.648312
 381    9.5217     0.006962     0.001844     5.073311    -0.546833
 382    9.5297     0.010183     0.007570     1.655469    -2.253520
 383    9.5416     0.007599     0.011160    -2.872372     0.628911
 384    9.5431     0.003761     0.001659    -1.147704     5.582783
 385    9.5559     0.020693     0.011989   -23.537983   -10.958035
 386    9.5648     0.000028     0.000003    -0.032270    -0.001091
 387    9.5721     0.017070     0.002093   -19.145454    14.467677
 388    9.5787     0.012638     0.000980    -7.196410    -1.967602
 389    9.5793     0.005664     0.000604    -1.285044    -0.099819
 390    9.5868     0.026401     0.009305    -5.867065   -17.952170
 391    9.5932     0.004632     0.002784   -23.631112     9.635721
 392    9.5972     0.003100     0.000368    -3.865574    -3.440359
 393    9.5994     0.013928     0.005440    16.931428    10.356187
 394    9.6017     0.043227     0.006559    31.137157    17.826259
 395    9.6114     0.003190     0.004294     4.739352     2.028358
 396    9.6217     0.003440     0.009308     7.940561    -7.305975
 397    9.6236     0.001868     0.000855     2.204528     3.145963
 398    9.6255     0.003413     0.000288     2.385237     1.836353
 399    9.6291     0.008410     0.006672    -5.485834    -3.438914
 400    9.6361     0.000518     0.001599     2.026110     5.883168
 401    9.6400     0.002137     0.000797     6.480953     4.630059
 402    9.6425     0.001927     0.000578    -3.178065    -2.139469
 403    9.6563     0.001092     0.000911     2.419877     1.599646
 404    9.6609     0.003068     0.001253     5.007116     3.439139
 405    9.6692     0.001877     0.002285    -7.701289     5.040285
 406    9.6722     0.005604     0.003272     8.305507     4.396346
 407    9.6755     0.001202     0.001708    -0.705133     1.765506
 408    9.6910     0.027049     0.005090   -43.826074   -16.337334
 409    9.6947     0.002739     0.001405     0.213149     6.268907
 410    9.7021     0.004117     0.001412   -14.467397    -8.275476
 411    9.7050     0.069591     0.016164    40.032443     9.178544
 412    9.7088     0.000479     0.000067    -0.190282     0.295068
 413    9.7159     0.008847     0.002033    19.730568     7.039773
 414    9.7250     0.001807     0.000371     7.390725     3.551629
 415    9.7325     0.032042     0.005337     6.079415    -6.355908
 416    9.7417     0.005931     0.003801   -22.697522   -15.218088
 417    9.7524     0.005914     0.005724    15.734785    -9.413859
 418    9.7558     0.000563     0.000486     2.647549    -4.247425
 419    9.7584     0.000409     0.007757     0.144292     8.035936
 420    9.7663     0.005888     0.008160   -15.801857     7.193940
 421    9.7683     0.001995     0.000495     2.266971    -2.283686
 422    9.7711     0.003228     0.002059     2.306290     6.160046
 423    9.7776     0.009889     0.001483    13.848226     7.646687
 424    9.7784     0.000848     0.000254    -1.843848    -1.896769
 425    9.7828     0.000857     0.001510     0.074524     1.217921
 426    9.7876     0.002494     0.002532    -3.791227    -5.483641
 427    9.7951     0.006217     0.003985    -7.595943    -3.711511
 428    9.8096     0.001469     0.001672     1.889892    -4.862947
 429    9.8246     0.010051     0.003778    -6.683650    -4.910293
 430    9.8274     0.004505     0.001745     5.442139     3.768392
 431    9.8295     0.006995     0.002751     1.924056     3.566483
 432    9.8361     0.000161     0.000165    -0.696903     0.553651
 433    9.8389     0.032130     0.010460     0.034987     2.526956
 434    9.8477     0.004299     0.003369    -7.973407    -3.036042
 435    9.8589     0.004910     0.000928     7.749726     4.110895
 436    9.8620     0.003662     0.003944    -0.898186     3.615744
 437    9.8663     0.001024     0.003523     0.121607     2.610764
 438    9.8723     0.001035     0.003240    -0.726999    -0.478563
 439    9.8754     0.003627     0.006721   -17.820657    -2.676696
 440    9.8778     0.014291     0.005017   -16.439310    -8.385532
 441    9.8809     0.011872     0.004602    -3.713256     2.016794
 442    9.8891     0.001630     0.014084    12.994624    17.011234
 443    9.8906     0.001344     0.002607    -5.174312   -13.521050
 444    9.8939     0.001468     0.008790    -1.816888     7.712653
 445    9.8990     0.004644     0.002084   -15.362860    -3.903629
 446    9.9083     0.003774     0.000951    16.445816     9.276758
 447    9.9099     0.001100     0.001889    -2.022530    -1.335437
 448    9.9161     0.003126     0.000046     8.833892     2.034590
 449    9.9211     0.000346     0.002521    -1.221991    -6.683443
 450    9.9233     0.008669     0.008188   -11.885308   -15.167370
 451    9.9269     0.003710     0.000479     1.418291     0.886903
 452    9.9291     0.000250     0.006256     2.964911   -14.620913
 453    9.9353     0.063861     0.013075    76.803716    33.069903
 454    9.9450     0.006552     0.000865   -14.222748    -2.735682
 455    9.9489     0.006193     0.001960     1.585952     1.927324
 456    9.9530     0.000102     0.006163    -0.354112     1.694520
 457    9.9608     0.006703     0.004380    -8.053475    10.130933
 458    9.9642     0.005417     0.001803    22.526926    11.949314
 459    9.9678     0.003946     0.001662     4.501060     4.698623
 460    9.9775     0.020528     0.005487   -14.281156    -5.755931
 461    9.9813     0.030447     0.002663   -16.491743   -11.169517
 462    9.9846     0.007262     0.003442   -13.330173    -2.605665
 463    9.9975     0.036191     0.013645   -15.946690   -10.257948
