$coord
          0.768454294333         12.365483414959         -0.637962935474     n 
         -0.064191614083         10.366901949161         -0.519729409481     c 
         -1.086628365892          7.903911562799         -0.377602390845     c 
         -0.505931996873          6.354971351384          1.678211022112     c 
         -1.496689084234          3.946296529371          1.806186098128     c 
         -3.073739579497          3.067604170736         -0.110238139435     c 
         -3.993629836109          0.578717303431         -0.006497230991     n 
         -2.482569094215         -1.549378577108          0.031216310265     c 
          0.266121271732         -1.481856303154         -0.033486793811     c 
          1.590559028963          0.161988016724         -1.610202240793     c 
          4.197650595189          0.179781722205         -1.611912310290     c 
          5.540248390097         -1.436277395307         -0.024449728943     c 
          8.182665317580         -1.365936046358          0.012058518651     n 
          9.780502959535         -3.424962294429         -0.175856843973     c 
          9.208191970437         -5.957662739547         -0.544193612925     c 
         11.195003801803         -7.644147290905         -0.721736667610     c 
         13.698181799094         -6.843114183413         -0.560387684281     c 
         14.280158369488         -4.319116287139         -0.243959599498     c 
         12.315154592153         -2.588261391306         -0.059148980486     c 
         12.226912795261          0.111002906266          0.224737656177     c 
         14.072541944683          1.960811414514          0.475511296968     c 
         13.324379689859          4.444092052116          0.764736159079     c 
         10.772477982516          5.088618202102          0.835892290822     c 
          8.902627697460          3.281068172234          0.592576786453     c 
          9.642624364702          0.788164490585          0.250953122428     c 
          4.223762596423         -3.119501750770          1.516585521065     c 
          1.617716105529         -3.153306314979          1.492448663630     c 
         -3.809082947363         -3.632173264273          0.090548014733     n 
         -6.276863724223         -2.904330219656          0.082324855342     c 
         -8.457709309939         -4.477744283739          0.035131362161     c 
         -8.249196693032         -7.113257339079         -0.025288544854     c 
        -10.375465339441         -8.593815960411         -0.154740223519     c 
        -12.745928528644         -7.448241360332         -0.235592690969     c 
        -12.974045191887         -4.859896779598         -0.162654172645     c 
        -10.847091561317         -3.281891479912         -0.008026687284     c 
        -11.028461560362         -0.546071870596          0.145510192498     c 
        -13.371373588237          0.685408042813          0.289532369497     c 
        -13.561863364838          3.266128845382          0.525684376327     c 
        -11.390299133702          4.742440537040          0.665894199444     c 
         -9.059213586846          3.611805213253          0.517033668064     c 
         -8.823190218188          0.989408135484          0.214199403585     c 
         -6.455602051543         -0.278550719938          0.046695203263     c 
         -3.655564057659          4.614834966279         -2.163843709063     c 
         -2.672109438152          7.024976093908         -2.297730075489     c 
          0.713411173708          7.049239051970          3.158963260618     h 
         -1.058535937130          2.731226928605          3.384863865158     h 
          0.586058418303          1.394041648454         -2.888587887959     h 
          5.210385571151          1.425412372381         -2.870599727302     h 
          7.277826572463         -6.595807683498         -0.709806940786     h 
         10.797306048732         -9.626954967771         -1.000964928652     h 
         15.198135076330         -8.220128548649         -0.703373910157     h 
         16.220315563035         -3.693920080185         -0.151831172776     h 
         16.049844711859          1.457791071608          0.452867991492     h 
         14.729481766342          5.912261091634          0.955956317375     h 
         10.242368237983          7.043493910692          1.092626701138     h 
          6.931609556164          3.799964518008          0.684118642142     h 
          5.255189297431         -4.371088106519          2.753525024977     h 
          0.586869632156         -4.451831193599          2.679542517516     h 
         -6.378602399663         -7.925513741757          0.017063399813     h 
        -10.220655543426        -10.628273435836         -0.205712947575     h 
        -14.424199289290         -8.605038993853         -0.356304384090     h 
        -14.846074664349         -4.058758662209         -0.237358398154     h 
        -15.091647937873         -0.403745890843          0.238451648683     h 
        -15.400477211893          4.145810536998          0.631556621499     h 
        -11.533933101291          6.764466213932          0.902664197567     h 
         -7.382180827250          4.759209011404          0.668780256877     h 
         -4.874999657287          3.910853599722         -3.641230507355     h 
         -3.110136536615          8.232355183974         -3.882618089546     h 
$end
