           2           1   2.66861275533917     
           3           1  4.841613659332134E-002
           3           2   1.09767099089973     
           4           1  5.411891390900191E-002
           4           2  1.789388151040669E-002
           4           3   1.35161273165106     
           5           1  3.176088718340216E-003
           5           2  1.164624474681322E-002
           5           3  2.338535022799224E-003
           5           4   1.46551571883546     
           6           1  2.114981270319747E-002
           6           2  5.919728025284987E-003
           6           3  9.517874462714410E-002
           6           4  4.224501216664111E-003
           6           5   1.38077128584145     
           7           3  2.252423783507372E-003
           7           4  1.043658008533387E-002
           7           5  8.003066542405905E-003
           7           6  0.985658865144113     
           8           3  4.219068537453575E-003
           8           5  1.287030363626005E-002
           8           6  9.563858596392043E-003
           8           7   1.22173623750783     
           9           7  6.522638513365508E-003
           9           8   1.05676490170700     
          10           7  1.403613944476565E-002
          10           8  5.076346047716274E-003
          10           9   1.37435446795577     
          11           8  1.145112455706138E-002
          11           9  2.708223358624589E-003
          11          10   1.46284183835353     
          12           7  6.530510178456178E-003
          12           9  9.563769253362962E-002
          12          10  3.071326592278673E-003
          12          11   1.37555327047701     
          13           9  6.496392137885296E-003
          13          10  1.079211502727001E-002
          13          11  1.420539563284844E-002
          13          12   1.00612494075240     
          14           9  2.811566268691094E-003
          14          11  1.302443781704562E-002
          14          12  9.982050006845192E-003
          14          13   1.11034063113764     
          15          13  2.802221701387636E-002
          15          14   1.35524239475562     
          16          13  2.063945310898631E-002
          16          14  3.817548044595745E-003
          16          15   1.47083133863932     
          17          13  1.907895914749281E-002
          17          14  7.853393353321357E-002
          17          15  5.517710867244793E-003
          17          16   1.39335793399562     
          18          13  6.619086618445454E-003
          18          14  4.075111533818078E-003
          18          15  0.106069727653059     
          18          16  2.706616306673865E-003
          18          17   1.46902436589368     
          19          11  2.898440240972708E-003
          19          12  9.118695025391581E-003
          19          13  3.908517271357278E-002
          19          14   1.25699313550066     
          19          15  7.177890265269145E-003
          19          16  8.309022125402098E-002
          19          17  5.323376601699470E-003
          19          18   1.36679811814233     
          20          11  2.656257595693346E-003
          20          12  9.093451253631675E-003
          20          13  3.911450082517023E-002
          20          14  6.614305409955618E-003
          20          15  7.187685892448590E-003
          20          17  2.087806278224695E-002
          20          18  5.453190281834159E-003
          20          19   1.13758631466137     
          21          13  6.619784879142135E-003
          21          14  2.086720455381294E-002
          21          16  9.990885808149663E-003
          21          18  1.850937712040670E-002
          21          19  5.461695272039377E-003
          21          20   1.36680288758881     
          22          13  1.909054663891851E-002
          22          14  3.868262226998515E-003
          22          17  3.323105777715360E-003
          22          19  2.088070866861063E-002
          22          20  5.323379538164481E-003
          22          21   1.46896738085225     
          23          13  2.062770263847732E-002
          23          14  9.948840457924997E-003
          23          15  2.283598826850278E-003
          23          16  7.761082462363813E-003
          23          18  9.985165165108147E-003
          23          20  8.305066984819406E-002
          23          21  2.708819268794247E-003
          23          22   1.39339804108629     
          24          11  2.926445221676043E-003
          24          13  2.803440348319854E-002
          24          14  1.680763186795158E-002
          24          15  3.375664055109701E-003
          24          16  2.288185790578975E-003
          24          19  7.187743844465737E-003
          24          20  7.184254349669829E-003
          24          21  0.106096098995063     
          24          22  5.509059281688872E-003
          24          23   1.47086086326840     
          25           9  2.829652375544583E-003
          25          11  8.176444389151305E-003
          25          12  9.857864661031824E-003
          25          13   1.11022531586683     
          25          14  1.982347887118076E-002
          25          15  1.681111614620288E-002
          25          16  9.955450696813703E-003
          25          17  3.866033343283851E-003
          25          18  2.086853669837082E-002
          25          19  6.622371390128488E-003
          25          20   1.25703413199187     
          25          21  4.075657876876042E-003
          25          22  7.856550624538178E-002
          25          23  3.824190271154717E-003
          25          24   1.35526250008817     
          26           8  1.120681381092760E-002
          26           9  2.793264081999411E-003
          26          10  0.101931182591174     
          26          11  4.202424341173942E-003
          26          12   1.37439406925828     
          26          13  1.435741081967429E-002
          26          14  8.097963302742777E-003
          26          15  3.074464558181671E-003
          26          19  2.689224839043547E-003
          26          20  2.949644048278370E-003
          26          25  1.305167686025364E-002
          27           7  1.906163402790423E-002
          27           8  5.643111683088549E-003
          27           9   1.37161240152037     
          27          10  2.129424960039243E-003
          27          11  0.101955480769949     
          27          12  3.080385692403368E-003
          27          13  1.075274632431760E-002
          27          26   1.46448072943876     
          28           5  3.559170484394050E-003
          28           6  9.845337937783017E-003
          28           7  8.235786828277339E-002
          28           8   1.41640541255425     
          28           9  7.002520394464392E-003
          28          10  2.034437996993479E-002
          28          12  6.978292128958665E-003
          28          27  1.604617653553574E-002
          29           6  8.614033016360568E-003
          29           7  3.326893490131938E-002
          29           8  3.393776452787416E-002
          29           9  1.298262774699089E-002
          29          10  3.463842113623143E-003
          29          27  3.037359000177705E-003
          29          28   1.17939705928124     
          30           7  7.236951532158946E-003
          30           8  1.683708727375904E-002
          30          28  9.423435683520588E-003
          30          29   1.16792958950112     
          31           7  4.082861637948854E-003
          31           8  4.712935860188347E-003
          31          28  9.179411869264138E-003
          31          29  3.261717173827945E-003
          31          30   1.32329209151179     
          32          29  1.989076581636905E-002
          32          30  2.035783233151811E-003
          32          31   1.50522637218734     
          33           7  3.132609801195488E-003
          33           8  4.215686911184255E-003
          33          28  3.790776797999749E-003
          33          30  7.875409804772238E-002
          33          31  2.352853446555386E-003
          33          32   1.36857187507431     
          34          29  8.441266170414756E-003
          34          30  2.674782756923316E-003
          34          31  0.109642423649597     
          34          32  2.200965494381744E-003
          34          33   1.49770886787824     
          35           7  4.751364017732402E-003
          35           8  6.671768577677062E-003
          35          28  1.495000826369480E-002
          35          29  4.547994670823226E-003
          35          30   1.28321608340540     
          35          31  3.126097362117329E-003
          35          32  8.242432258221336E-002
          35          33  2.796053612492047E-003
          35          34   1.34067066918125     
          36           7  1.511748778170196E-002
          36           8  7.568609545054160E-003
          36          28  3.565682873883063E-003
          36          29  3.854510257460436E-002
          36          30  3.216860650531630E-003
          36          31  9.510688086172442E-003
          36          33  2.071467128254706E-002
          36          34  3.198439554960121E-003
          36          35   1.13821573369124     
          37          30  2.014243137953512E-002
          37          32  8.595645950428544E-003
          37          34  2.401009262625287E-002
          37          35  2.992347179909196E-003
          37          36   1.34474522170552     
          38           7  3.923190704012108E-003
          38           8  4.642451451549240E-003
          38          28  2.232368743037871E-003
          38          29  1.793847483482156E-002
          38          33  3.299124826631236E-003
          38          35  2.074010406128004E-002
          38          36  2.684145812341015E-003
          38          37   1.49421378080153     
          39          30  1.073395665058496E-002
          39          32  7.101309025825104E-003
          39          34  8.496240665192282E-003
          39          36  8.278079025936574E-002
          39          37  2.124435233964418E-003
          39          38   1.37214995210661     
          40           7  9.090897445851088E-003
          40           8  4.959055348753688E-003
          40          28  3.791135742392929E-003
          40          29  2.955050265023533E-002
          40          31  3.282010166408566E-003
          40          35  9.273120801197871E-003
          40          36  2.998437300391140E-003
          40          37  0.108952729997869     
          40          38  2.253331914320374E-003
          40          39   1.50079624852649     
          41           7  1.031260660228877E-002
          41           8  1.455720031205026E-002
          41          28  7.775470330862090E-003
          41          29  5.176217825746219E-003
          41          30  2.644168429005896E-002
          41          32  1.081810171828447E-002
          41          34  2.015756458682275E-002
          41          35  3.549051727269480E-003
          41          36   1.27669808959662     
          41          37  2.755048568901044E-003
          41          38  8.010057250625505E-002
          41          39  2.190209301900298E-003
          41          40   1.32725365613795     
          42           3  2.921368653528780E-003
          42           5  1.308885869697609E-002
          42           6  1.136759527657834E-002
          42           7   1.14027178936958     
          42           8  3.742749587133959E-002
          42           9  9.511749232717259E-003
          42          10  3.246445543976082E-003
          42          12  2.013220908634971E-003
          42          27  3.440491934333067E-003
          42          28  3.791911345414022E-002
          42          29   1.36564821212376     
          42          30  4.940882336143630E-003
          42          31  2.945623192747784E-002
          42          33  1.784032222167278E-002
          42          35  3.820268919185019E-002
          42          36  4.899135766697680E-003
          42          37  8.350618668031400E-003
          42          39  1.975580716529275E-002
          42          40  3.544686377043035E-003
          42          41   1.16792839897210     
          43           1  3.158198351644890E-003
          43           2  1.157283855900166E-002
          43           3  2.313573706724339E-003
          43           4  0.100725817768832     
          43           5  3.625907169655541E-003
          43           6   1.37275844115771     
          43           7  7.882035937919463E-003
          43           8  1.621152245221517E-002
          43          28  3.902477739429808E-003
          43          40  2.420880900936504E-003
          43          42  9.023428536918196E-003
          44           1  5.388152002121925E-002
          44           2  1.781632426329414E-002
          44           3   1.34927824856769     
          44           4  2.621016353246030E-003
          44           5  0.100704661750491     
          44           6  4.009016166293345E-003
          44           7  1.055698062801908E-002
          44          43   1.46695633610841     
          45           4  0.969902035259057     
          45           6  1.052247697554226E-002
          45          44  9.549270949614963E-003
          46           3  1.054231159684289E-002
          46           5  0.968104869703231     
          46          43  9.215357649778268E-003
          47          10  0.967369418888421     
          47          12  1.055764623334534E-002
          47          27  9.713553075032187E-003
          48           9  1.063692063581879E-002
          48          11  0.969028413999246     
          48          26  9.308603749387485E-003
          49          15  0.967509203375703     
          49          17  1.079633558172065E-002
          49          19  1.090382959187269E-002
          50          14  1.050455386161525E-002
          50          16  0.973100362549219     
          50          18  1.027179423677192E-002
          51          15  1.030322399019613E-002
          51          17  0.972814656799922     
          51          19  1.061070166167766E-002
          52          14  1.102019363649229E-002
          52          16  1.088277939767847E-002
          52          18  0.968834651257456     
          53          21  0.968836875413022     
          53          23  1.087806896890953E-002
          53          25  1.102362761686171E-002
          54          20  1.061029914667838E-002
          54          22  0.972815508296101     
          54          24  1.030264880579847E-002
          55          21  1.027422808695456E-002
          55          23  0.973091335887969     
          55          25  1.050662673696213E-002
          56          20  1.090607477698539E-002
          56          22  1.080165143695147E-002
          56          24  0.967366147160049     
          57           9  1.077687902953735E-002
          57          11  9.336468498833260E-003
          57          26  0.968769979600268     
          58          10  9.396793412306930E-003
          58          12  1.066400347553598E-002
          58          27  0.969045921535878     
          59          28  3.398633678618148E-003
          59          31  0.968309417358392     
          59          33  1.132579254903509E-002
          59          35  9.702520209123900E-003
          60          30  1.131906481217813E-002
          60          32  0.972213943421286     
          60          34  1.014178773116427E-002
          61          31  1.007744310620104E-002
          61          33  0.972671156813510     
          61          35  1.107101988389741E-002
          62          30  9.701878159259644E-003
          62          32  1.097889449011833E-002
          62          34  0.962614466212501     
          63          37  0.962392844948691     
          63          39  1.096126141578608E-002
          63          41  9.736245452128051E-003
          63          62  4.876407480174977E-003
          64          36  1.109635387095786E-002
          64          38  0.972506626050211     
          64          40  1.018056603080443E-002
          65          37  1.023385298770790E-002
          65          39  0.972259663515360     
          65          41  1.118989871869792E-002
          66           6  3.725182906867371E-003
          66          36  9.910551893781391E-003
          66          38  1.112676879996606E-002
          66          40  0.963960426746123     
          66          43  3.932133821137284E-003
          67           3  1.060608476524469E-002
          67           5  9.337145901414306E-003
          67          43  0.969641614307755     
          68           4  9.485980654545093E-003
          68           6  1.054394786047982E-002
          68          44  0.969947278397767     
