$coord
         -0.002545809618          9.148043243540          0.037083317545     o 
         -0.000455615030          6.842597108804          0.011628993808     c 
         -2.394448585873          5.383128551204         -0.005448453954     c 
         -2.608205420811          3.043782867680          1.188711541961     c 
         -4.896516385783          1.785841532930          1.206948004212     c 
         -6.992035473949          2.841490285005          0.022042503848     c 
         -9.344365848003          1.538238193756          0.035652045976     n 
         -9.889873441338         -0.121798761970         -1.918528876357     c 
         -8.132138672733         -0.530900708042         -3.846701179193     c 
         -8.650725229283         -2.180212814086         -5.799628993723     c 
        -10.933419370586         -3.456449617549         -5.878440857712     c 
        -12.680337833801         -3.057965291464         -3.976786409437     c 
        -12.192229557798         -1.411271045225         -1.998214778060     c 
        -14.201157273107         -1.076661550256          0.023315431861     c 
        -16.518623121548          0.024467648003         -1.259539531609     c 
        -16.217566047501          2.364898095698         -2.428461234805     c 
        -18.186885682970          3.560529577675         -3.650667156636     c 
        -20.545942924457          2.422560798948         -3.729768611402     c 
        -20.888479474815          0.106239819595         -2.589059886008     c 
        -18.888872240471         -1.091013598795         -1.361424258177     c 
        -19.618565244950         -4.049841672394         -0.003571384647     s 
        -16.748855682847         -5.015038610253          1.398437465288     c 
        -16.828960105959         -7.337037958043          2.639818851398     c 
        -14.703945365484         -8.289121747512          3.806783830425     c 
        -12.472751972887         -6.916904220174          3.737447989882     c 
        -12.408451662507         -4.619480092227          2.504751205719     c 
        -14.531944676703         -3.618481400566          1.311711604785     c 
        -13.388798864737          0.793497525409          2.042779167034     c 
        -15.046002354629          1.297648884834          4.008468015752     c 
        -14.430172413075          2.980589955805          5.909802598244     c 
        -12.107127984250          4.182793192402          5.844278961231     c 
        -10.431968790030          3.704866405399          3.903101816537     c 
        -11.045260049039          2.007102856858          1.975214854663     c 
         -6.793899067731          5.180831972660         -1.161031457247     c 
         -4.514156748951          6.448511679266         -1.153694882936     c 
          2.396732929450          5.387738136236          0.001161512019     c 
          2.634392484614          3.103500134205         -1.290887635602     c 
          4.922658787070          1.845388895867         -1.318588373557     c 
          6.992247168416          2.842839497381         -0.040952731606     c 
          9.341168379127          1.534219525973         -0.053013269121     n 
          9.914403119546         -0.065215468356          1.943780119164     c 
          8.175932569968         -0.430346228655          3.898153124882     c 
          8.720911190460         -2.021275117479          5.891873748244     c 
         11.009240009816         -3.286501398144          5.983510757617     c 
         12.732490850560         -2.940331341076          4.050350038037     c 
         12.218263950772         -1.351394238725          2.031520272379     c 
         14.199526983026         -1.078838313197         -0.026266618250     c 
         14.525226957591         -3.661768389187         -1.231257862440     c 
         12.389918098527         -4.713827528623         -2.357453346193     c 
         12.449187430773         -7.051389368470         -3.512481671245     c 
         14.686872157718         -8.413652219547         -3.568713837029     c 
         16.823461830410         -7.411507831455         -2.466680627135     c 
         16.748579933658         -5.048797553214         -1.304386979469     c 
         19.634008423124         -4.020329409776          0.017827271326     s 
         18.903753179681         -1.028500885610          1.300669093713     c 
         20.910364907945          0.211679329906          2.472936628549     c 
         20.570075430696          2.559965611321          3.547022312565     c 
         18.206443015129          3.687417320190          3.455398142468     c 
         16.229626751986          2.448052243994          2.290214570037     c 
         16.527647077450          0.073728121925          1.190890203340     c 
         13.353411472691          0.718131728424         -2.097374600119     c 
         14.981078693657          1.156291965183         -4.103163394712     c 
         14.339695782487          2.780792387738         -6.046385456386     c 
         12.023741513954          3.996463284443         -5.978652998209     c 
         10.378189619502          3.584273379846         -3.997502781408     c 
         11.012014019408          1.936121719722         -2.033539281990     c 
          6.770385898133          5.128969220914          1.238080545817     c 
          4.492819510203          6.400718834024          1.236041725536     c 
         -0.998870965637          2.232711855348          2.143535202960     h 
         -5.074157450003         -0.018865598186          2.141884739597     h 
         -6.348275537359          0.457148303647         -3.809311664755     h 
         -7.262084166678         -2.465239859126         -7.268012401511     h 
        -11.351052045860         -4.747061113894         -7.401364057994     h 
        -14.469619438934         -4.042582504692         -4.019135706077     h 
        -14.381536941105          3.254320342207         -2.365921673160     h 
        -17.886770552896          5.373698005821         -4.536122175312     h 
        -22.107190403794          3.334312739725         -4.674635479041     h 
        -22.707825162970         -0.818885671825         -2.626509139645     h 
        -18.589087415945         -8.370505746561          2.668831245734     h 
        -14.787311265337        -10.089255751467          4.762880006402     h 
        -10.791504550821         -7.636192884762          4.641721220521     h 
        -10.670100530348         -3.551418283267          2.452808028642     h 
        -16.853885606333          0.347130865208          4.039384476249     h 
        -15.747536155816          3.347081998920          7.422915875126     h 
        -11.590204363594          5.503482494779          7.311948567714     h 
         -8.627961581222          4.656238337666          3.874184664635     h 
         -8.430384747713          5.995886917870         -2.066457864338     h 
         -4.333454405499          8.275095385791         -2.045979606542     h 
          1.043331174520          2.336560081837         -2.310820992508     h 
          5.120218460075          0.084900749603         -2.330777006245     h 
          6.384600951087          0.543354131767          3.847501780268     h 
          7.347316887462         -2.271270006597          7.380658404530     h 
         11.447541162719         -4.531789375895          7.537964777138     h 
         14.523139535951         -3.922173277713          4.098556159346     h 
         10.646277039811         -3.653926799728         -2.314889537952     h 
         10.758911832177         -7.809717231212         -4.366591859987     h 
         14.766283245745        -10.244773609698         -4.464469487353     h 
         18.588724383752         -8.436422076590         -2.485953091107     h 
         22.733421713753         -0.705683405382          2.520461004722     h 
         22.136553344595          3.504556289539          4.450065503864     h 
         17.908223553093          5.525959661727          4.287548543997     h 
         14.390006615033          3.329236393515          2.218627259462     h 
         16.786887027607          0.201792464139         -4.131179110170     h 
         15.634141382843          3.095894960381         -7.590510380247     h 
         11.490367988619          5.278263303115         -7.474623497025     h 
          8.582570926046          4.551168836872         -3.963764062600     h 
          8.386477574143          5.899824369580          2.215835430434     h 
          4.295764956332          8.187914038222          2.201456499632     h 
$end
