   98
          1          1          1
          1          2          2
          1          3          3
          1          4          4
          1          5          5
          1          6          6
          9          7         15
          1         16         16
          3         17         19
          4         20         23
          1         24         24
          2         25         26
          7         27         33
          1         34         34
          1         35         35
          2         36         37
          1         38         38
          8         39         46
          1         47         47
          6         48         53
          1         54         54
          7         55         61
          4         62         65
          1         66         66
          1         67         67
          4         68         71
          3         72         74
          7         75         81
          1         82         82
          5         83         87
          5         88         92
          3         93         95
          3         96         98
          2         99        100
          1        101        101
          1        102        102
          1        103        103
          4        104        107
          1        108        108
          6        109        114
          1        115        115
          1        116        116
          1        117        117
          1        118        118
          1        119        119
          2        120        121
          1        122        122
          1        123        123
          4        124        127
          1        128        128
          3        129        131
          2        132        133
          2        134        135
          2        136        137
          1        138        138
          1        139        139
          1        140        140
          1        141        141
          1        142        142
          1        143        143
          1        144        144
          1        145        145
          1        146        146
          1        147        147
          1        148        148
          1        149        149
          2        150        151
          1        152        152
          1        153        153
          1        154        154
          1        155        155
          1        156        156
          1        157        157
          1        158        158
          1        159        159
          1        160        160
          1        161        161
          1        162        162
          1        163        163
          3        164        166
          1        167        167
          1        168        168
          1        169        169
          1        170        170
          1        171        171
          1        172        172
          1        173        173
          1        174        174
          1        175        175
          1        176        176
          1        177        177
          1        178        178
          1        179        179
          1        180        180
          1        181        181
          1        182        182
          1        183        183
          1        184        184
