 NM
 VELO
 MMASS
   677.803399999999     
 LFAKTOR
  0.5
 RFAKTOR
  1.0
 WIDTH
  0.20
 SHIFT
  0.00
 DATXY
   1    3.4171     0.001535     0.004116   -21.960093   -33.139242
   2    3.6758     0.322630     0.075640     5.488380     5.412976
   3    3.8925     0.308832     0.068270    -4.110995   -15.544932
   4    3.8972     0.265230     0.060640     3.903792     6.123167
   5    4.1046     0.503774     0.146406   -34.903870   -12.762690
   6    4.4740     0.000277     0.000126     1.087032    -0.035027
   7    4.5097     0.007046     0.002982     6.224634     3.060204
   8    4.5133     0.005159     0.002164    -4.913582    -2.743687
   9    4.5510     0.025912     0.008550    12.895584     9.301596
  10    4.5944     0.054714     0.016189    -8.263213    -9.904337
  11    4.6114     0.446938     0.111246    26.323938    21.363213
  12    4.8780     0.086134     0.052883   -34.395695   -46.247566
  13    4.9486     0.164013     0.065902   103.892096   134.184616
  14    5.0557     0.863024     0.298688   -11.068159   -11.241414
  15    5.0921     0.167692     0.037687    25.401155    13.105351
  16    5.1221     0.640176     0.133968   -38.912451   -25.166251
  17    5.1458     0.101468     0.035829   -34.186195   -27.058118
  18    5.1868     0.251273     0.075241   -10.236155    -7.987123
  19    5.2507     0.018665     0.007467     3.143390    -5.111154
  20    5.2828     0.043138     0.012438    46.478425    49.967775
  21    5.3044     0.222845     0.060376   -12.572918   -12.600642
  22    5.3087     0.239412     0.036878   -39.036585   -20.995590
  23    5.4304     0.366696     0.063974    12.317079     6.048824
  24    5.4400     0.013125     0.003496     1.885420    -1.243652
  25    5.5513     0.061254     0.023895   -14.638615    -9.898279
  26    5.5876     0.029351     0.004123    -2.239306     2.539251
  27    5.6428     0.005582     0.002260     0.160972    -0.673898
  28    5.7240     0.011968     0.002229    14.496357    11.687749
  29    5.7258     0.049065     0.009221   -19.249642   -14.315330
  30    5.8164     0.179360     0.052042    94.068243    87.641702
  31    5.8334     0.078642     0.037994  -156.087905  -130.628462
  32    5.8556     0.569355     0.116726   -85.858455   -47.144326
  33    5.8636     0.811413     0.145318   177.315952   125.111961
  34    5.9034     0.009460     0.007093    10.006200    10.255963
  35    5.9398     0.164681     0.043798   -33.286136   -19.023839
  36    5.9662     0.014576     0.004428   -14.856196    -9.693808
  37    6.0029     0.035621     0.006253   -24.111054    13.989191
  38    6.0259     0.060167     0.018780   -15.952715   -13.019968
  39    6.0618     0.202581     0.077895   147.687809   103.525274
  40    6.0712     0.013544     0.025532   -27.416603   -84.834769
  41    6.1156     0.216814     0.079426    -3.932715   -12.366355
  42    6.1487     0.028179     0.014666     9.640914    14.885717
  43    6.1993     0.094700     0.006185   -81.672392   -63.951049
  44    6.2708     0.118748     0.030423    15.924596    30.767584
  45    6.2836     0.034177     0.013792    56.286513    47.023022
  46    6.3031     0.060848     0.016085   -15.152659    -4.319047
  47    6.3075     0.320387     0.075418    26.869792     9.837430
  48    6.3109     0.259284     0.073579   -66.270456    -6.539943
  49    6.3158     0.846157     0.241519   -53.163813   -72.724312
  50    6.3424     0.031426     0.070442    37.140325   -97.515578
  51    6.3662     0.004166     0.001038    -6.487063    -1.029636
  52    6.3720     0.044780     0.004028    25.452635    15.256436
  53    6.3968     0.058724     0.022035    -1.639001    -4.540835
  54    6.4028     0.235143     0.055529    -0.748489     4.541624
  55    6.4082     0.008149     0.002736    -3.896600    -1.747474
  56    6.4209     0.002941     0.002715    17.060564    13.404474
  57    6.4308     0.038621     0.008105    -3.099061     2.862545
  58    6.4407     0.013643     0.019250    11.486128    13.840114
  59    6.4757     0.155653     0.032772     4.652424     4.360352
  60    6.4821     0.035707     0.008410    -7.801491    -3.619141
  61    6.4917     0.166357     0.039509    -7.653420    -8.030336
  62    6.5185     0.068353     0.026702    -5.855295    -4.975048
  63    6.5557     0.216576     0.097009   177.175358   123.912227
  64    6.5698     0.021494     0.005749   -10.367730   -15.527105
  65    6.5786     0.005067     0.009554    16.356801    14.018789
  66    6.5933     0.029310     0.031834    -1.514663     7.274081
  67    6.6320     0.010712     0.008407    -6.050183    -4.268312
  68    6.6454     0.084959     0.029761    -1.532674    -2.521613
  69    6.6654     0.089884     0.023547    20.198032    13.703309
  70    6.7026     0.128822     0.133820   -91.723200   -60.318923
  71    6.7194     0.098704     0.046488   131.582384    49.608392
  72    6.7282     0.120474     0.022071  -116.804771   -38.555684
  73    6.7577     0.160502     0.039269     5.784028     4.949275
  74    6.8076     0.089542     0.028624   -10.317428    -5.946121
  75    6.8092     0.019073     0.006017    10.831522    12.191168
  76    6.8248     0.062438     0.030912   -26.365202   -30.224124
  77    6.8261     0.018511     0.007325   -10.887741    -9.461957
  78    6.8333     0.067810     0.025458    47.492236    31.521215
  79    6.8367     0.045220     0.018349    22.922742    29.983355
  80    6.8653     0.002684     0.003893     6.140501     8.019418
  81    6.8787     0.043683     0.006290   -11.475735    -4.373227
  82    6.9197     0.167549     0.047972    10.155235     3.472117
  83    6.9405     0.015180     0.002907    25.508866     4.217403
  84    6.9458     0.004915     0.003507    18.576228    19.352528
  85    6.9642     0.026080     0.009541   -31.785415   -21.071847
  86    6.9927     0.043740     0.030042   -17.792682    18.390321
  87    7.0079     0.058310     0.027844    91.320488   100.924130
  88    7.0245     0.031331     0.018192  -146.583625  -113.630543
  89    7.0380     0.089388     0.043320    96.172029    66.569421
  90    7.0645     0.007505     0.001436    -7.055104    -6.721978
  91    7.0780     0.007629     0.005754   -14.889777   -32.360401
  92    7.0852     0.002272     0.000591    -1.916380     5.614765
  93    7.0923     0.006764     0.002043    18.805987    15.316872
  94    7.1117     0.007491     0.006660    -1.018355     8.484110
  95    7.1247     0.045473     0.007523     0.570856     1.287546
  96    7.1298     0.019479     0.010565    19.726876   -13.051803
  97    7.1379     0.093596     0.058933   -53.069922   -38.231360
  98    7.1628     0.077970     0.034218   116.057750    87.924131
  99    7.2066     0.008800     0.009616   -27.177728   -46.551332
 100    7.2129     0.043485     0.012284    -0.434591    -0.085211
 101    7.2413     0.084684     0.032240    11.374865    16.193702
 102    7.2716     0.064500     0.013612   -48.992634   -29.454234
 103    7.2817     0.042582     0.015053   -28.853958    -1.606479
 104    7.3057     0.019033     0.010111   -18.211329   -17.156835
 105    7.3225     0.034314     0.005601    22.932907    15.281654
 106    7.3344     0.022359     0.005775   -19.970999   -11.663441
 107    7.3365     0.007894     0.001691    -9.271605    -3.462476
 108    7.3419     0.074871     0.010170   -17.724953   -19.587768
 109    7.3492     0.012181     0.005150   -25.434075   -20.033077
 110    7.3552     0.265485     0.114430   135.952408    89.632172
 111    7.3860     0.142761     0.039314  -125.123003   -95.426959
 112    7.3962     0.032043     0.003389   214.211390   105.890858
 113    7.3987     0.089132     0.038332    -5.121321     2.761292
 114    7.4092     0.101082     0.029767   -17.533373    -6.588849
 115    7.4195     0.099080     0.019194    10.957946   -10.029492
 116    7.4268     0.084152     0.008537  -192.572356   -97.311107
 117    7.4329     0.031568     0.008346    37.600600    48.773815
 118    7.4402     0.042549     0.011877   -95.128262   -56.001424
 119    7.4459     0.067762     0.011259     5.053824    -2.401502
 120    7.4515     0.005532     0.002293     1.029450    -7.476307
 121    7.4621     0.052258     0.014787    99.789950    61.218193
 122    7.4777     0.040123     0.012177   -76.626115   -55.445253
 123    7.4855     0.038713     0.007178   -53.149576   -37.600071
 124    7.4929     0.166059     0.054494    52.649474    36.649098
 125    7.5075     0.015245     0.011070    12.492229    43.974281
 126    7.5171     0.171423     0.064590  -396.473680  -350.582126
 127    7.5393     0.095738     0.027740    78.817403    17.579064
 128    7.5471     0.142612     0.025679    93.062630    66.424070
 129    7.5594     0.035784     0.006532   -44.094919   -17.732289
 130    7.5611     0.036639     0.012805   -25.576994   -19.872610
 131    7.5665     0.065154     0.013184  -132.179407   -72.876893
 132    7.5761     0.111496     0.040790   116.194636   111.276612
 133    7.5767     0.011695     0.010880     7.254155     4.638703
 134    7.5852     0.010679     0.001163    -7.095458     0.879309
 135    7.5913     0.075314     0.034187   -50.869397   -80.368455
 136    7.6148     0.105634     0.025563    19.028688    10.553045
 137    7.6222     0.038438     0.005394   -52.986039   -23.912761
 138    7.6299     0.069366     0.017447    96.636823    80.366357
 139    7.6597     0.337060     0.091683   240.219884   131.909602
 140    7.6732     0.068907     0.049538   -19.381328   -87.335066
 141    7.6853     0.042397     0.008889     0.368459    -3.677564
 142    7.7022     0.013916     0.004017    -2.394071    10.796755
 143    7.7121     0.085868     0.046137    24.283340    -6.032876
 144    7.7187     0.029808     0.009793    23.467782    26.343818
 145    7.7301     0.059488     0.014080   -77.280888   -65.903597
 146    7.7356     0.099857     0.046903  -184.965530  -184.543708
 147    7.7545     0.039790     0.008512    32.614137    35.495493
 148    7.7780     0.056765     0.025138   -44.719583   -13.828391
 149    7.7895     0.439655     0.094764   304.835296   178.990146
 150    7.7957     0.115900     0.027427    32.393052     2.604731
 151    7.8028     0.100228     0.019533    75.792424    38.732128
 152    7.8163     0.038476     0.016202   -58.129748    18.577401
 153    7.8355     0.077155     0.010436    75.211422    49.696802
 154    7.8479     0.028000     0.011954   -77.658497   -58.282895
 155    7.8549     0.086588     0.030145  -125.812633   -73.083145
 156    7.8662     0.065679     0.031266   129.824545    72.166666
 157    7.8748     0.081788     0.040811    31.913151    36.267182
 158    7.8795     0.013055     0.001969    12.257601     6.361913
 159    7.8831     0.014580     0.016126    17.301152    17.036379
 160    7.8895     0.016794     0.017868   -41.215832   -42.064994
 161    7.8907     0.005182     0.000888     2.230692    -0.420500
 162    7.8980     0.030579     0.019983   -15.263005   -15.736518
 163    7.9082     0.003955     0.006572    -6.376631    15.262510
 164    7.9105     0.034745     0.007770    -6.265786     2.269104
 165    7.9122     0.048157     0.022333     4.703094     4.104319
 166    7.9179     0.020050     0.006165    54.274118    40.385752
 167    7.9236     0.010532     0.005844     3.303611   -20.474097
 168    7.9321     0.009869     0.004998    -2.078170    -1.877375
 169    7.9343     0.056300     0.015054    29.111680    23.155373
 170    7.9442     0.021088     0.011213   -17.208968   -13.935982
 171    7.9540     0.005089     0.003918    12.062332     6.519851
 172    7.9711     0.090957     0.019810    83.868888    35.767815
 173    7.9851     0.013286     0.008383   -21.148522   -14.283709
 174    7.9971     0.007211     0.008540   -15.835531    37.033900
 175    8.0023     0.012104     0.163053  -131.977668   -84.816022
 176    8.0056     0.033919     0.023934    -5.625925    79.084695
 177    8.0106     0.030062     0.004676    19.814967    17.874853
 178    8.0126     0.001346     0.010749   -10.970466   -15.371603
 179    8.0141     0.004891     0.018898    -3.615452    -9.223636
 180    8.0262     0.008681     0.001967    32.616495     9.369401
 181    8.0462     0.042499     0.007018   -23.908204   -10.885851
 182    8.0596     0.007116     0.002001   -21.496776   -18.136966
 183    8.0639     0.013774     0.003327   -26.594456     4.086279
 184    8.0721     0.009180     0.002552   -13.766227    -3.662051
 185    8.0789     0.008206     0.005040   -17.793326   -10.160944
 186    8.0861     0.033602     0.006967   -27.863565    -6.381245
 187    8.0968     0.042314     0.023325   -33.768947   -16.519024
 188    8.1057     0.006901     0.001859     7.950923     4.943699
 189    8.1209     0.087162     0.049072     9.289910     7.159907
 190    8.1248     0.009309     0.013898     9.903737    10.659038
 191    8.1431     0.007322     0.002813   -21.024171     1.958416
 192    8.1611     0.005889     0.014717    37.184124    40.258140
 193    8.1765     0.038856     0.021700    61.409891    32.285809
 194    8.1834     0.003361     0.003008   -14.151736   -16.026449
 195    8.1895     0.031237     0.005582     3.801725     2.009735
 196    8.1978     0.026079     0.083336    20.400011    58.969298
 197    8.1998     0.012069     0.002627    20.221356     0.451218
 198    8.2037     0.007174     0.034102   -31.888412   -77.557457
 199    8.2148     0.006044     0.026452    -3.546377   -16.008996
 200    8.2227     0.001149     0.013936    -5.562709   -30.782237
 201    8.2252     0.006893     0.003670    -2.962146    11.471970
 202    8.2364     0.005880     0.005025    -6.139227   -17.226518
 203    8.2400     0.014625     0.007872   -13.227497   -11.304366
 204    8.2596     0.011341     0.003686    13.651611    13.794067
 205    8.2805     0.004013     0.007274    -5.168898   -12.117016
 206    8.2945     0.015509     0.028078    15.262231    -0.086773
 207    8.3022     0.001428     0.002877    -3.747905     4.681478
 208    8.3184     0.045361     0.005517    -7.839483    -4.840415
 209    8.3227     0.018168     0.006840     0.751729    12.093093
 210    8.3283     0.014342     0.012336    -8.259789    -7.793710
 211    8.3413     0.003897     0.007458     8.880901    24.528229
 212    8.3457     0.001571     0.002845   -13.481397   -18.098405
 213    8.3483     0.007652     0.001843   -12.782196   -12.856165
 214    8.3586     0.100541     0.047790    23.696812    29.579548
 215    8.3704     0.048495     0.006298     0.008810    10.373227
 216    8.3785     0.042585     0.011691     7.459917     9.695282
 217    8.3897     0.029024     0.003830   -12.418315   -11.321998
 218    8.3914     0.008694     0.003139     3.552019    -4.826785
 219    8.3938     0.001676     0.000331    -0.799011    -0.213829
 220    8.3971     0.005662     0.019329   -15.974899     2.577286
 221    8.4013     0.009845     0.006979    16.127797     9.901557
 222    8.4103     0.064693     0.039418   -26.481571   -21.294175
 223    8.4148     0.030441     0.011043     5.167434     0.504266
 224    8.4211     0.002945     0.000809    -8.778175    -0.739709
 225    8.4287     0.000421     0.001385     1.873201    -3.337565
 226    8.4364     0.002955     0.001918    -5.368895    -2.419701
 227    8.4514     0.041838     0.008858   -11.081928    -9.608008
 228    8.4568     0.008579     0.002629     2.270852     2.402077
 229    8.4671     0.022312     0.006818   -37.380099   -15.600802
 230    8.4821     0.057466     0.051947   -22.282371   -59.804406
 231    8.4882     0.014213     0.006209    88.125256   -22.801914
 232    8.4938     0.006880     0.027772   -11.872134    76.313774
 233    8.5081     0.007025     0.021984    -2.867774    30.530524
 234    8.5117     0.010482     0.014385    27.528372     9.814104
 235    8.5146     0.009616     0.005354     2.230580    -0.529078
 236    8.5232     0.001738     0.002017     9.831421    -4.258715
 237    8.5264     0.014924     0.017035    15.572340    17.253260
 238    8.5385     0.000027     0.000090    -0.145259    -0.118543
 239    8.5458     0.002179     0.003381    -2.754658    -8.987868
 240    8.5506     0.011855     0.005499     8.022709     4.518746
 241    8.5657     0.029890     0.014362    12.401363     8.981142
 242    8.5806     0.022745     0.009700    -7.691536   -11.122311
 243    8.5894     0.021799     0.007650    11.341455     8.250691
 244    8.5993     0.018012     0.004383   -21.059637   -11.363708
 245    8.6068     0.029168     0.008604   -50.614073   -39.172060
 246    8.6106     0.006995     0.013154    -3.111454    31.294995
 247    8.6136     0.032598     0.009640    15.111451   -34.394533
 248    8.6214     0.009372     0.003485    13.864394    29.050293
 249    8.6257     0.009482     0.005441    -8.886348    -7.162993
 250    8.6284     0.016499     0.002282    24.060483    17.591022
 251    8.6332     0.005421     0.012526     7.547384    10.068007
 252    8.6373     0.012633     0.006694   -15.441120    -9.849937
 253    8.6480     0.011453     0.003964     1.315352    -2.153232
 254    8.6532     0.086344     0.022932    66.161569    37.830657
 255    8.6560     0.018455     0.008602     5.879380     3.352956
 256    8.6667     0.018533     0.006386   -10.908046    -4.787487
 257    8.6764     0.019041     0.018215    16.701988    15.209698
 258    8.6812     0.081453     0.026344   -38.594996   -47.336920
 259    8.6923     0.043342     0.019628    15.989912    10.616026
 260    8.7008     0.024568     0.003227   -11.633522   -11.744242
 261    8.7083     0.012049     0.003349    -9.022570    -2.511183
 262    8.7208     0.003103     0.006784    -9.400992    -4.535053
 263    8.7344     0.054782     0.010428    17.906494    19.321178
 264    8.7394     0.111795     0.038701   -66.769603   -35.157277
 265    8.7417     0.041225     0.021113    47.380769    58.197004
 266    8.7486     0.020808     0.010580     1.209388     3.708073
 267    8.7530     0.038261     0.012737   -25.021053   -24.466775
 268    8.7572     0.026139     0.010295    19.741137     7.079336
 269    8.7714     0.032209     0.011690   -13.165785    -1.570057
 270    8.7726     0.025017     0.001499   -18.536089    -4.819848
 271    8.7801     0.036736     0.033177    38.916770    32.255982
 272    8.7867     0.072677     0.024168   -59.774850   -44.566211
 273    8.7873     0.018042     0.011223    11.785033     2.432262
 274    8.7911     0.027246     0.001312    22.602997    21.933502
 275    8.7950     0.011938     0.002939    14.355616    -0.645816
 276    8.7990     0.050364     0.010267     4.806356    11.101652
 277    8.8077     0.066841     0.017146    -0.778832    -0.119121
 278    8.8117     0.030198     0.003062   -67.655260   -27.568315
 279    8.8143     0.000356     0.007054     1.754406    20.018463
 280    8.8176     0.084033     0.023577    18.797609     5.254728
 281    8.8202     0.005231     0.004931    11.556832    23.572925
 282    8.8250     0.023171     0.014331   -15.536082    -8.300401
 283    8.8322     0.031424     0.023089    16.235739    18.086417
 284    8.8383     0.012945     0.007429   -30.015164   -60.206290
 285    8.8439     0.011825     0.011968    19.774330    24.345717
 286    8.8487     0.031983     0.004379   -38.719468    -7.787615
 287    8.8499     0.017715     0.005051    37.646432     9.898113
 288    8.8528     0.021333     0.004605    -1.655065     3.193980
 289    8.8587     0.021909     0.005133    -9.012131    -3.682596
 290    8.8672     0.021761     0.003684     9.339567     2.553112
 291    8.8744     0.014392     0.013579   -36.410054   -36.682739
 292    8.8799     0.003787     0.006656    -3.174126   -33.717420
 293    8.8815     0.003098     0.000881    14.585705    20.243222
 294    8.8837     0.004139     0.001342     4.703258     7.386441
 295    8.8939     0.100077     0.034810    -4.316801     9.130463
 296    8.8979     0.007964     0.005260     4.528773    -3.541284
 297    8.8991     0.014450     0.018619    -7.666473   -18.422825
 298    8.9138     0.001296     0.004233   -10.044342    -7.092965
 299    8.9155     0.030404     0.013559     3.644180     3.438700
 300    8.9242     0.013365     0.004380     0.633987     2.388900
 301    8.9261     0.037825     0.009144   -16.613384     2.657603
 302    8.9295     0.032597     0.017633   -21.545534   -25.392567
 303    8.9422     0.027364     0.024835   -58.969886   -90.780591
 304    8.9485     0.177146     0.037239   284.782069   149.620507
 305    8.9497     0.110680     0.036221   124.881164    92.520949
 306    8.9544     0.008758     0.005902    -3.637137    -5.561192
 307    8.9585     0.016602     0.004223    -4.082291   -17.744951
 308    8.9606     0.045663     0.015054   -58.665402    -5.652491
 309    8.9628     0.036007     0.005815     7.038175    25.102817
 310    8.9713     0.030416     0.004031   -51.378092   -24.555015
 311    8.9813     0.005366     0.006676    -6.446695   -11.701161
 312    8.9946     0.017929     0.004389    -9.244499    -8.327320
 313    8.9990     0.025588     0.008449     4.864591     3.334925
 314    9.0105     0.058276     0.013853    -2.422137    -3.834775
 315    9.0179     0.049990     0.013418   -16.220625    -9.955112
 316    9.0209     0.047078     0.008759   -21.210969   -20.866720
 317    9.0262     0.009036     0.001814     0.418293     1.347936
 318    9.0298     0.066692     0.018109     7.815502     4.871248
 319    9.0416     0.049011     0.015012    37.949083    39.393064
 320    9.0449     0.025855     0.006610     1.322219    10.840642
 321    9.0460     0.011314     0.001061    -8.180680    -1.248583
 322    9.0516     0.007108     0.001717     0.417875    -0.751543
 323    9.0566     0.007222     0.002722     7.068380     7.385772
 324    9.0681     0.005250     0.000451   -22.736356    -7.509001
 325    9.0720     0.026843     0.003728    33.611371    23.794951
 326    9.0725     0.005359     0.000411     5.822733     1.282136
 327    9.0771     0.023722     0.009615   -21.077588   -21.961351
 328    9.0829     0.011044     0.003760   -13.677675   -19.590124
 329    9.0853     0.007422     0.005790     8.924385    20.428218
 330    9.0890     0.012401     0.002874     7.113896     6.561869
 331    9.0904     0.014850     0.010518   -24.664913   -45.254766
 332    9.1001     0.051792     0.013198    19.605619    12.446406
 333    9.1040     0.001459     0.001970     1.192723     1.209468
 334    9.1052     0.004170     0.000595     4.353106    -1.973529
 335    9.1113     0.008030     0.002349    27.161230    16.859237
 336    9.1136     0.020705     0.005631    -8.749759   -12.078088
 337    9.1156     0.005320     0.001594    -5.905435    -2.979190
 338    9.1175     0.003911     0.000466     0.356718     1.931339
 339    9.1277     0.026606     0.008261     6.918125     7.515163
 340    9.1310     0.034451     0.010970     4.978754    -5.212992
 341    9.1430     0.004419     0.005281     0.446661     2.879084
 342    9.1642     0.011804     0.005398     2.159722     1.958090
 343    9.1762     0.022258     0.007333     3.927342     3.956424
 344    9.1849     0.011926     0.001912   -20.604469   -13.414022
 345    9.1915     0.003338     0.000680    -4.064274    -1.868028
 346    9.2003     0.008377     0.004339   -12.083407    -2.401743
 347    9.2100     0.022718     0.012616   -33.583430   -21.532359
 348    9.2155     0.023357     0.013836    23.963730    24.305099
 349    9.2215     0.021034     0.020202     1.692812    -1.868876
 350    9.2234     0.007367     0.007095    -0.998451    -2.414503
 351    9.2317     0.024973     0.016425    -3.231809     3.021964
 352    9.2342     0.002196     0.000321     3.141624     1.503050
 353    9.2410     0.021288     0.009041    -4.883751    -3.956438
 354    9.2484     0.007992     0.004182     4.945780    -9.670062
 355    9.2549     0.005405     0.001920     2.682569    -5.705654
 356    9.2576     0.004105     0.001472     4.504586    -3.417736
 357    9.2607     0.002784     0.000348    11.701813     2.266673
 358    9.2766     0.017758     0.000290    -1.359568     0.808346
 359    9.2785     0.001611     0.003500     4.482091    -0.711165
 360    9.2822     0.047520     0.014115    19.083881    12.701971
 361    9.2830     0.035752     0.015879   -21.582574   -11.117856
 362    9.3004     0.076016     0.037475    -0.530389    -6.954586
 363    9.3029     0.054048     0.008275     1.694914    -6.354584
 364    9.3068     0.000168     0.001306    -0.644120    -0.517446
 365    9.3118     0.021281     0.002734   -11.200893    11.661758
 366    9.3179     0.010007     0.002391     8.904719     1.787158
 367    9.3208     0.032476     0.017898   -11.957569    -8.490850
 368    9.3219     0.040276     0.012642   -46.439424   -29.084600
 369    9.3277     0.012295     0.001663   -13.985472   -13.738850
 370    9.3308     0.057884     0.018118    91.745506    65.060578
 371    9.3347     0.030081     0.012467   -30.407938   -50.730266
 372    9.3377     0.042843     0.024476    15.553077     5.311981
 373    9.3457     0.059815     0.030424    13.449849     7.360998
 374    9.3488     0.038285     0.008308   -29.736975   -21.408327
 375    9.3562     0.045236     0.010240    20.767732     7.628196
 376    9.3648     0.024036     0.015785    -7.116169    -0.645742
 377    9.3689     0.000942     0.003727    -2.426286     4.346242
 378    9.3694     0.003845     0.001510     1.925953    -3.983518
 379    9.3766     0.090735     0.009229     9.044788     8.532588
 380    9.3868     0.005700     0.028709    19.608860    42.552240
 381    9.3908     0.011163     0.005252    -4.492274    -4.549949
 382    9.3985     0.002442     0.012571    33.862962    -7.007744
 383    9.4096     0.000494     0.000121     1.260337     0.518742
 384    9.4155     0.005989     0.004504    -4.313990    19.432646
 385    9.4214     0.002603     0.000567    -0.461046    -2.566840
 386    9.4250     0.006103     0.019237   -34.274100   -39.975661
 387    9.4322     0.017431     0.007920    -2.658193    13.469603
 388    9.4462     0.014058     0.003057   -13.413823    -1.280001
 389    9.4506     0.002469     0.015706    -6.873284    33.532126
 390    9.4552     0.025551     0.004697     7.377526     7.558261
 391    9.4574     0.017027     0.012387    20.595574    15.787199
 392    9.4692     0.006403     0.001783    -2.290442    -5.170411
 393    9.4749     0.009278     0.013959   -15.573459    -0.336064
 394    9.4771     0.000475     0.007290    -2.882375     8.766419
 395    9.4811     0.001038     0.001038    -1.485836    -1.509195
 396    9.4842     0.002826     0.000686   -12.012982    -3.111074
 397    9.4905     0.027238     0.013847    28.459653    12.980782
 398    9.4997     0.001030     0.000201     1.480135     1.060134
 399    9.5032     0.002125     0.004106     1.221657     5.936018
 400    9.5131     0.006313     0.002750   -16.525359   -14.413424
 401    9.5151     0.002451     0.000145     0.640115    -3.175700
 402    9.5242     0.009218     0.003756    12.255398     9.535709
 403    9.5273     0.002143     0.002174    -6.983088    -5.654035
 404    9.5336     0.023975     0.008187    21.241960     7.510218
 405    9.5351     0.006341     0.001569     2.096112    -2.064954
 406    9.5421     0.000333     0.000461    -2.680050    -1.633977
 407    9.5484     0.018813     0.005592   -10.915845     1.390185
 408    9.5553     0.011566     0.002159   -34.392327   -18.796495
 409    9.5577     0.042950     0.011547    31.543857    21.371861
 410    9.5690     0.003280     0.005343    -1.964115    -4.283767
 411    9.5765     0.004983     0.003263   -10.238082   -11.415276
 412    9.5851     0.004771     0.002707   -20.753085   -13.826401
 413    9.5873     0.002662     0.003585    12.377220    16.893994
 414    9.5960     0.006477     0.000595     4.017085     3.056111
 415    9.6009     0.003887     0.001697    -4.004432     1.921941
 416    9.6024     0.008067     0.003011    -4.687840    -1.797774
 417    9.6037     0.001106     0.000416    -0.877930    -2.246784
 418    9.6143     0.006152     0.001764    -4.136719     4.794644
 419    9.6206     0.005676     0.000760    -6.560013    -0.932099
 420    9.6217     0.007715     0.003736    15.449353    13.639295
 421    9.6252     0.003499     0.000708    -0.158576    -2.049927
 422    9.6310     0.000034     0.002014     0.730482    -5.216265
 423    9.6338     0.001962     0.001703    -5.006276    -3.412161
 424    9.6372     0.014052     0.001397    55.057330    14.746912
 425    9.6430     0.006259     0.002503   -19.664790    13.456029
 426    9.6577     0.001580     0.001905    -6.643175    -5.718470
 427    9.6592     0.001268     0.001278    -2.345519     5.293829
 428    9.6668     0.007148     0.003642    -9.828983    -7.340942
 429    9.6721     0.000142     0.000112     0.953050     0.738824
 430    9.6732     0.008761     0.003531     5.149415     1.301018
 431    9.6766     0.002519     0.003076     1.258616    -3.241953
 432    9.6781     0.001412     0.002001     7.121823     9.659372
 433    9.6881     0.001290     0.000296    -3.839895     2.066599
 434    9.6930     0.001178     0.000843     1.874178    -0.313561
 435    9.6945     0.003091     0.001325    -6.952357     7.947666
 436    9.6997     0.000263     0.001073    -1.075074    -0.249450
 437    9.7074     0.008572     0.009241   -32.076236   -35.720358
 438    9.7106     0.002648     0.002448   -12.214610     4.953545
 439    9.7175     0.009872     0.001405   -17.458090     5.886523
 440    9.7275     0.004585     0.009042    -5.806234    -7.738191
 441    9.7320     0.005613     0.001827    -7.297520    -5.317534
 442    9.7416     0.003061     0.001465     1.841323    -5.555287
 443    9.7534     0.005481     0.002550     1.171292     2.963615
 444    9.7590     0.004229     0.001065    -2.431825    -1.671941
 445    9.7632     0.002544     0.000680    -1.995311    -2.081076
 446    9.7680     0.001284     0.001459    -3.778075     2.725756
 447    9.7714     0.005503     0.003336   -10.677126    -7.348751
 448    9.7773     0.002334     0.003330     7.070856     4.391891
 449    9.7807     0.002524     0.001104     5.536453     2.627987
 450    9.7836     0.003328     0.003028     3.014226    -1.234026
 451    9.7868     0.006346     0.000271    -8.067044    -1.046339
 452    9.7919     0.010021     0.001517    -5.293094     6.777361
 453    9.7987     0.002063     0.003874    -9.678535    -0.671262
 454    9.8036     0.003174     0.001983     1.969585    -1.586988
 455    9.8071     0.005719     0.002321     1.232049     3.595398
 456    9.8131     0.000568     0.000307    -0.956204    -0.642915
 457    9.8163     0.002845     0.001590     2.667802     2.186380
 458    9.8180     0.003886     0.001853     1.705050     0.952715
 459    9.8187     0.000200     0.000022    -0.630914    -0.284549
 460    9.8199     0.003264     0.001166    -2.174064    -0.357759
 461    9.8228     0.000497     0.002779    -2.745298    -9.665891
 462    9.8246     0.016241     0.005451   -11.807468    -7.059573
 463    9.8349     0.009849     0.002747   -26.340090   -10.610656
 464    9.8390     0.000433     0.000460     2.386206     0.403605
 465    9.8439     0.002576     0.000403   -12.172017     0.979174
 466    9.8444     0.008396     0.003858     5.851945    -5.042382
 467    9.8458     0.007230     0.002875   -17.562699    -9.231396
 468    9.8487     0.001087     0.000482     3.538209     2.917559
 469    9.8524     0.006186     0.005587    -7.680727    -8.111708
 470    9.8550     0.001704     0.001631     1.107958     5.086170
 471    9.8609     0.003017     0.000187     1.886744     2.328995
 472    9.8655     0.002334     0.001194    16.048437     1.394477
 473    9.8662     0.004141     0.002290     4.207523     4.438669
 474    9.8679     0.000144     0.000084    -0.289336    -0.043094
 475    9.8726     0.005081     0.002609     5.141493    -2.605635
 476    9.8782     0.003826     0.000501     5.651597     3.505741
 477    9.8803     0.000634     0.002039    -0.170610     1.966755
 478    9.8864     0.003896     0.002215     7.197703     5.618754
 479    9.8884     0.011047     0.004433    21.314690    -0.941401
 480    9.8940     0.002502     0.000458    10.033921    -1.228349
 481    9.9003     0.002172     0.001372     4.384883     2.695960
 482    9.9087     0.009122     0.002582   -12.242220   -10.655146
 483    9.9129     0.001176     0.000385    -3.637641    -1.789411
 484    9.9169     0.009062     0.002216     2.372762    -2.760671
 485    9.9203     0.010638     0.010337     0.086499     1.032712
 486    9.9224     0.035829     0.010563    16.490951     1.687275
 487    9.9265     0.005528     0.001850    -7.321470    -2.173048
 488    9.9299     0.005741     0.001330     1.697956    -6.446338
 489    9.9381     0.007212     0.000515    -0.375115    -6.633189
 490    9.9449     0.002409     0.000068    -1.420667     1.740920
 491    9.9472     0.001565     0.002119     0.534204     0.296217
 492    9.9513     0.004824     0.006895     8.356461    -6.177873
 493    9.9564     0.000257     0.002344    -1.062537     5.372374
 494    9.9630     0.001435     0.000790    -0.046712     3.476553
 495    9.9691     0.001457     0.001017    -5.908465    -4.554963
 496    9.9700     0.010820     0.004382   -16.020808    -3.253729
 497    9.9740     0.001764     0.000987     3.577990    -4.290408
 498    9.9782     0.003739     0.001839     5.654703     4.682291
 499    9.9844     0.002108     0.001746     2.750068     2.563031
 500    9.9887     0.003929     0.001801    -5.466410    -2.678562
 501    9.9928     0.000110     0.001358    -3.127316     8.851036
 502    9.9953     0.002175     0.002035   -10.116172    -0.130633
 503    9.9982     0.007115     0.006061    11.165110    17.346649
