 NM
 UV
 MMASS
   548.657799999999     
 LFAKTOR
  0.5
 RFAKTOR
  1.0
 WIDTH
  0.20
 SHIFT
  0.00
 DATXY
   1    3.8406     0.318215     0.212697    -0.081722     0.490530
   2    3.8631     0.120781     0.084716    -0.242225    -0.197922
   3    4.5529     0.000659     0.000567    -0.092181    -0.088636
   4    4.5619     0.000666     0.000186     0.216542     0.137014
   5    4.6158     0.523502     0.258293    -0.519163     0.693651
   6    4.6547     0.188024     0.077136    -4.291058    -3.109294
   7    4.7608     0.011728     0.011006    -1.265608    -0.672848
   8    4.7794     0.004949     0.006554     4.340482     2.563047
   9    5.0407     0.253383     0.133241  -126.994033  -102.969459
  10    5.0622     0.586409     0.339601   116.417623    94.282568
  11    5.4076     0.301043     0.223415     5.709987     4.038981
  12    5.4149     0.164764     0.113815    -6.241587    -4.674655
  13    5.5885     0.325484     0.148328  -151.756641  -111.755483
  14    5.6072     0.819300     0.432717   136.335164   102.611325
  15    5.6828     0.213587     0.093730    27.925004    18.523623
  16    5.6959     0.037330     0.029122   -19.629351   -17.487771
  17    5.7176     0.000781     0.006898     6.159220     5.942885
  18    5.7223     0.000646     0.008802     0.528034     4.042970
  19    5.7753     0.077226     0.102399    -8.863169    -2.948456
  20    5.8592     0.000541     0.006483     0.214417    -0.010382
  21    5.9573     0.111914     0.075949    12.777772    -8.107072
  22    5.9791     0.038154     0.029094   -23.892529   -13.681067
  23    5.9819     0.037117     0.031259    -1.156375    18.721113
  24    6.0077     0.011415     0.014165    -0.514500     0.316600
  25    6.0203     0.195355     0.230515     9.593817    10.566744
  26    6.0869     0.014642     0.016166    -4.397733   -10.949316
  27    6.1098     0.219057     0.196760    -2.650242     6.227465
  28    6.2002     0.070123     0.032862     4.380242     5.424814
  29    6.2218     0.004779     0.000475    -4.698795   -12.856054
  30    6.2326     0.006284     0.008097    12.014439    17.068669
  31    6.2460     0.002549     0.001647    14.908783    -8.656323
  32    6.2699     0.002260     0.050934   -17.126120   -34.957265
  33    6.2802     0.007019     0.086427   -18.183294    40.336458
  34    6.3227     0.238205     0.107529   -82.168493   -73.531384
  35    6.3318     0.065836     0.054731    89.849570    59.635222
  36    6.3343     0.673880     0.305589    35.814988    20.590741
  37    6.3514     0.027945     0.054606     1.048722     2.092946
  38    6.4410     0.001235     0.000331     4.318122     2.007331
  39    6.4412     0.000500     0.000137    -7.123031    -3.269533
  40    6.4455     0.001425     0.013324     0.309674     1.638516
  41    6.5179     0.010837     0.025013    -0.816997    -2.031765
  42    6.5256     0.000524     0.001421    -0.411641    -0.704607
  43    6.5437     0.001116     0.001096     0.327716     0.242658
  44    6.6047     0.088466     0.042581     3.852887     3.755214
  45    6.6376     0.006558     0.002836    -0.147307    -0.138181
  46    6.6422     0.009765     0.005073     0.558087     1.182423
  47    6.6519     0.047691     0.025907    -6.846052    -4.772295
  48    6.7422     0.014880     0.046833   -26.447070    -2.074064
  49    6.7488     0.028866     0.023588    59.184673    39.200943
  50    6.7594     0.027239     0.046390   -26.740856   -24.612317
  51    6.7935     0.396951     0.209420     5.494337     5.445685
  52    6.8542     0.206833     0.120712   -10.353474    -6.413021
  53    6.8808     0.000159     0.006151    -0.442349     1.145699
  54    6.8998     0.002916     0.015397     3.462465     3.478006
  55    6.9254     0.003634     0.023420   -10.468077   -26.864173
  56    6.9310     0.007109     0.023925     5.376216    16.104166
  57    6.9424     0.006857     0.004328   -33.472778   -16.591179
  58    6.9528     0.084330     0.048721    44.421614    36.640790
  59    6.9886     0.011229     0.006348     3.059298     4.741532
  60    7.0020     0.242380     0.149211     8.860451     7.266973
  61    7.0306     0.214144     0.144651    26.447657    21.872220
  62    7.0608     0.026703     0.020064   -18.444267   -16.302970
  63    7.0687     0.008832     0.043186    -7.202843   -16.697879
  64    7.0860     0.012007     0.004531   -21.499152   -14.041881
  65    7.0935     0.000109     0.000507     1.552699     6.364629
  66    7.1112     0.026008     0.019000   -45.854011   -48.349306
  67    7.1141     0.025385     0.015321    41.149742    43.386018
  68    7.1285     0.020062     0.030941    -4.484051    -5.989874
  69    7.1395     0.003439     0.006503     1.694997     3.387137
  70    7.1700     0.065371     0.033299    38.212724    49.128427
  71    7.1773     0.062516     0.030349   -57.346487   -63.433273
  72    7.2054     0.058536     0.023739    14.955848     6.548012
  73    7.2429     0.131478     0.076428   165.988435   124.789851
  74    7.2440     0.485866     0.275566  -167.777781  -125.747522
  75    7.2482     0.008187     0.007260    -0.017144   -11.955564
  76    7.2504     0.023933     0.014413    47.425594    48.893346
  77    7.2572     0.019344     0.011270   -15.317346   -11.367551
  78    7.2766     0.012400     0.007839   -86.655124   -70.579357
  79    7.3074     0.224477     0.125709     1.164542     0.153821
  80    7.3465     0.001197     0.000552   -11.981780    -8.364756
  81    7.3493     0.000915     0.000352    11.044072     7.126701
  82    7.3983     0.015226     0.011195   -21.389719   -23.487164
  83    7.4440     0.732517     0.417346    63.723800    49.443685
  84    7.4775     0.022381     0.027599    12.035261    13.910357
  85    7.4909     0.024254     0.025896   -14.181103   -15.049098
  86    7.4971     0.000483     0.001180    -2.782742    -1.664683
  87    7.5161     0.025536     0.018592     1.822375    -1.239631
  88    7.5390     0.000826     0.002730     1.823164     6.245582
  89    7.5459     0.001503     0.003227     3.135735     4.334070
  90    7.5624     0.033150     0.056668   -23.998371   -42.322120
  91    7.5670     0.016775     0.013248    12.730540    30.771007
  92    7.5846     0.035064     0.015727    -4.432429   -12.865622
  93    7.5860     0.015158     0.008951     1.124174     2.017124
  94    7.6086     0.030883     0.018148     1.999258     5.042573
  95    7.6113     0.076452     0.111929    22.906427    41.372744
  96    7.6390     0.068011     0.011305    -1.201292    -0.447658
  97    7.6566     0.012448     0.007191    25.876958   -11.072389
  98    7.6764     0.005500     0.026565    13.082330    22.624319
  99    7.6778     0.013708     0.016321   -18.001038   -23.883921
 100    7.6842     0.025561     0.025261    10.422399    12.215544
 101    7.7034     0.009858     0.013802   -15.864027   -19.858574
 102    7.7384     0.002140     0.010179     0.417861    -0.416321
 103    7.7391     0.007755     0.051988     6.318498    17.285558
 104    7.7525     0.006412     0.005194     1.233244    -1.736121
 105    7.7562     0.023915     0.022919     5.097765     6.792503
 106    7.7635     0.008322     0.006016     3.296617     2.595148
 107    7.7811     0.025777     0.006105    27.767912    11.025553
 108    7.7877     0.077504     0.059473   -36.143899   -22.013394
 109    7.8105     0.021689     0.016477     5.537430     3.518506
 110    7.8175     0.003571     0.001786   -12.752802    -9.398472
 111    7.8242     0.001329     0.004455     0.288460    -1.271526
 112    7.8357     0.021546     0.028821    -6.257359     9.340109
 113    7.8410     0.012157     0.013545    -2.840682   -18.199978
 114    7.8618     0.000207     0.007341    -6.809634    -9.359858
 115    7.8718     0.007279     0.049976     9.759623    11.130005
 116    7.8863     0.000878     0.000754     3.276068     2.063793
 117    7.8888     0.000687     0.000943    -5.866351    -1.123528
 118    7.8929     0.000764     0.002579     2.864304     3.177486
 119    7.8979     0.001527     0.003873    -1.114207    -1.508972
 120    7.9123     0.000587     0.000524     1.986509     4.018102
 121    7.9200     0.000833     0.026083     3.603818    -7.229885
 122    7.9230     0.001481     0.002712     2.969468    10.754574
 123    7.9296     0.016768     0.018068     3.301701     0.434772
 124    7.9376     0.000104     0.000024    -2.658445    -0.686798
 125    7.9797     0.048845     0.054546   -14.067261   -10.581713
 126    7.9886     0.009288     0.021199     3.382660    -2.192843
 127    8.0036     0.004330     0.000415    -2.200802    -3.686889
 128    8.0248     0.005596     0.000928    13.505437     3.798348
 129    8.0276     0.003332     0.004747    -3.298318    -0.128558
 130    8.0308     0.004366     0.000348   -19.212327    -5.984695
 131    8.0335     0.005756     0.029978     4.987692     7.814216
 132    8.0345     0.003257     0.009874    -4.909426    -8.043773
 133    8.0458     0.021775     0.022386    10.339716     8.107135
 134    8.0492     0.011394     0.008436    -2.567269    -2.834186
 135    8.0531     0.060860     0.046228   -18.910716    -8.929636
 136    8.0616     0.014906     0.008953    29.783672    21.857829
 137    8.0773     0.015681     0.014520    -0.284074    -0.741545
 138    8.1025     0.000206     0.001903    -3.673843    -3.907971
 139    8.1296     0.018019     0.012008     1.339611     0.349043
 140    8.1804     0.061762     0.038297   -26.583460    -6.346088
 141    8.1816     0.143482     0.069979    36.727101     9.653455
 142    8.2059     0.054383     0.018625   -23.036003   -14.410151
 143    8.2189     0.070383     0.112105    14.016177    28.074128
 144    8.2228     0.041922     0.027585   -11.289916   -10.564903
 145    8.2270     0.029606     0.053093     3.412664     2.856710
 146    8.2353     0.014815     0.017084     4.081930     5.614017
 147    8.2444     0.003992     0.097010     0.952033    17.235997
 148    8.2458     0.006972     0.042486   -30.983259   -12.617470
 149    8.2557     0.011317     0.033010    33.402863   -11.059994
 150    8.2675     0.000300     0.000070    -4.607389     3.371454
 151    8.2693     0.025749     0.014165    -0.199841    -6.222750
 152    8.2863     0.013377     0.027258    -1.335211    -0.709944
 153    8.2939     0.004704     0.006561     3.061263    -0.428957
 154    8.2995     0.004287     0.005890     2.795649     0.898491
 155    8.3016     0.007237     0.000423    -5.034603    -1.038767
 156    8.3229     0.008531     0.011021    10.694655    -2.294048
 157    8.3289     0.007392     0.002646    27.102082    14.387807
 158    8.3309     0.015789     0.013112   -15.934080    13.196648
 159    8.3362     0.004642     0.002970    -4.663866    -5.478893
 160    8.3405     0.017105     0.012218   -23.190752   -22.125087
 161    8.3434     0.025376     0.035416    -2.107592    -1.335190
 162    8.3595     0.001519     0.006853     1.322898     0.999319
 163    8.3651     0.010590     0.000673    -1.054883    -3.168417
 164    8.3802     0.001823     0.000753     1.996809     2.279872
 165    8.3893     0.003204     0.001141     0.120147    -0.296211
 166    8.3994     0.001452     0.003183    -0.364918    -1.125761
 167    8.4199     0.000165     0.000705     0.490227    -1.284544
 168    8.4285     0.000462     0.000966    -0.271792     0.338432
 169    8.4464     0.014321     0.009398    -3.412560    -1.169468
 170    8.4531     0.000058     0.000157    -0.219299     0.039559
 171    8.4579     0.001374     0.001212     1.888036     1.555748
 172    8.4596     0.008164     0.006701     1.781564     1.107928
 173    8.4841     0.002711     0.000221    -2.030163    -0.416614
 174    8.4851     0.005868     0.002835     0.520930    -0.449413
 175    8.4923     0.007761     0.000538   -10.085948    -1.639891
 176    8.4926     0.005114     0.000444     2.696833    -2.242287
 177    8.4957     0.006898     0.002442     0.028813     2.288686
 178    8.5030     0.001066     0.000494    -1.171995     1.053733
 179    8.5217     0.000893     0.004249    -1.111055    -1.146153
 180    8.5341     0.019675     0.013814     6.649559    11.454578
 181    8.5422     0.006198     0.013617     3.106719     1.474142
 182    8.5493     0.001551     0.004408    -7.111434    -2.883551
 183    8.5520     0.004297     0.013564    26.377222    15.961715
 184    8.5607     0.011347     0.010783   -31.152259    -9.609940
 185    8.5643     0.014950     0.018644    18.859360     7.462822
 186    8.5777     0.015308     0.035046   -53.272031   -51.329723
 187    8.5803     0.019605     0.006469    30.916508    25.840529
 188    8.5845     0.000626     0.000779    -1.066508    -1.712536
 189    8.6481     0.022829     0.106544   -29.674512   -46.876278
 190    8.6565     0.006212     0.005459    10.084164     9.946833
 191    8.6678     0.015681     0.021997   -31.445817    10.957732
 192    8.6780     0.009032     0.017150   -30.955552    17.726875
 193    8.6847     0.004455     0.009978    23.161101     0.277951
 194    8.7002     0.028525     0.012691    25.579225    -9.403205
 195    8.7115     0.004438     0.001831    -1.893837    -0.691909
 196    8.7172     0.075559     0.042457    26.239879    16.848256
 197    8.7230     0.008777     0.000835    -3.355580    -0.232080
 198    8.7312     0.005674     0.005875     3.896875   -11.986549
 199    8.7326     0.000026     0.000098    -0.341890    -0.385010
 200    8.7333     0.000127     0.000130     1.070642     1.113935
 201    8.7394     0.007383     0.002251     8.099117     2.740075
 202    8.7558     0.022455     0.010511   -34.116700   -15.752384
 203    8.7597     0.010359     0.011125    15.631609     5.017423
 204    8.7624     0.000872     0.000381     0.204254    -0.774675
 205    8.7665     0.003325     0.001722    -6.328709   -13.320483
 206    8.7753     0.065200     0.079272    24.864720    26.077077
 207    8.8062     0.034755     0.026919     8.590981    -0.294267
 208    8.8125     0.011882     0.005264    -3.664314     2.482566
 209    8.8302     0.032153     0.039114    18.347539    17.145447
 210    8.8341     0.001321     0.002041     0.873978    -1.767812
 211    8.8380     0.000659     0.003883   -27.077456   -26.132443
 212    8.8554     0.019023     0.010312    -7.342178    -0.204235
 213    8.8616     0.069398     0.036957     3.852235     2.647689
 214    8.8694     0.007972     0.003064    13.077310     7.868719
 215    8.8714     0.000437     0.006591    -5.914961    -7.901873
 216    8.8805     0.004569     0.012315    -0.352152     3.413980
 217    8.8848     0.022552     0.016781     4.791527     6.442433
 218    8.8892     0.005248     0.006657    -3.244166    -0.334892
 219    8.8991     0.006505     0.005870    -3.622384    -1.882281
 220    8.9041     0.018681     0.004826    -7.035617    -3.258368
 221    8.9102     0.001634     0.002233     6.118184     5.077945
 222    8.9147     0.005208     0.002279     3.115563     6.844361
 223    8.9189     0.013411     0.018367   -11.150813   -17.071011
 224    8.9243     0.014484     0.009377     3.076086     6.242191
 225    8.9277     0.007428     0.000284     8.026331     0.869524
 226    8.9437     0.002576     0.001732    -4.251312    -4.076497
 227    8.9459     0.068013     0.054934     6.185080    12.410577
 228    8.9466     0.032777     0.021548   -10.616037   -10.654988
 229    8.9682     0.081519     0.057024    -1.350685    -1.066115
 230    8.9787     0.003212     0.002802     3.640665     1.997832
 231    8.9816     0.007086     0.012580    -2.885514    -0.152359
 232    8.9863     0.002432     0.003545     5.497082     2.258247
 233    8.9902     0.000651     0.000488    -1.616535     0.322736
 234    8.9998     0.000525     0.000913    -0.591613     0.392976
 235    9.0016     0.002675     0.002201     0.562858    -0.683208
 236    9.0166     0.002154     0.005154    11.422165    19.349659
 237    9.0199     0.002527     0.006394   -12.237953   -21.092238
 238    9.0392     0.012624     0.006909     0.893224     1.861842
 239    9.0515     0.009579     0.010135    -0.086115    -0.254737
 240    9.0711     0.001692     0.001059     2.125562     1.709111
 241    9.0824     0.006233     0.001850     2.568638     1.722726
 242    9.0928     0.013897     0.012763    -4.438750    -3.724222
 243    9.1052     0.006489     0.008591     5.242148     5.489600
 244    9.1076     0.008017     0.006116    -4.612910    -4.188574
 245    9.1142     0.007854     0.003703    -4.148358    -3.062532
 246    9.1187     0.025010     0.016651     0.897587     0.803061
 247    9.1318     0.023218     0.024230     1.519798     0.996131
 248    9.1334     0.055868     0.023485    -0.541665    -4.506333
 249    9.1586     0.008097     0.006473     4.124834     5.408797
 250    9.1719     0.034644     0.020696     1.403299    -0.887953
 251    9.1734     0.001938     0.000772    -6.557196    -2.166969
 252    9.1836     0.011975     0.011373     0.583021     0.720027
 253    9.1918     0.007750     0.006087    -0.031301    -1.817465
 254    9.1989     0.012237     0.004810     0.506508    -1.214186
 255    9.2091     0.017310     0.006693    -5.016359    -2.253458
 256    9.2164     0.005219     0.004128    11.857283     5.975921
 257    9.2226     0.019566     0.035567    -4.144544    -4.853766
 258    9.2347     0.012021     0.000850     7.127441    -1.911936
 259    9.2406     0.017200     0.006394   -12.671365    -2.582460
 260    9.2473     0.000356     0.001779    -0.812915     1.446387
 261    9.2515     0.000947     0.046516    -2.311920     5.779214
 262    9.2629     0.001439     0.001760     5.340081     7.097401
 263    9.2714     0.000870     0.004249    -1.945520    -3.563294
 264    9.2753     0.000417     0.000618     2.286723     2.729901
 265    9.2823     0.009434     0.013353    -9.704207    -8.495835
 266    9.2924     0.002429     0.009914     3.122203     2.105254
 267    9.3024     0.000225     0.002186    -2.294168     1.295786
 268    9.3069     0.013023     0.005817     4.005353    -0.674393
 269    9.3182     0.001046     0.004947     2.592721    -1.858264
 270    9.3288     0.008477     0.004664     3.316322     1.257203
 271    9.3316     0.000459     0.000292     0.393709     0.099861
 272    9.3408     0.040944     0.027461     3.372825     3.264515
 273    9.3456     0.000511     0.004363    -3.450822    -4.913715
 274    9.3511     0.004526     0.003641     8.416133     5.504638
 275    9.3578     0.001054     0.000834    -4.013300    -1.785049
 276    9.3919     0.000821     0.000114    -2.866345    -0.735662
 277    9.4049     0.000934     0.000096     4.719563     1.759143
 278    9.4105     0.000194     0.000398     0.391911    -0.044285
 279    9.4155     0.000286     0.000059    -3.227573    -1.278352
 280    9.4217     0.001325     0.001227     1.325163     1.130107
 281    9.4311     0.010645     0.009708     5.140275    -0.742137
 282    9.4339     0.013246     0.010588    -5.763168    -3.301833
 283    9.4432     0.000273     0.003303     1.241550    -2.487019
 284    9.4507     0.020881     0.020679     4.259857     9.338763
 285    9.4587     0.012936     0.003321    -7.179483     0.748764
 286    9.4637     0.004007     0.004037     2.197138     1.636565
 287    9.4773     0.000238     0.000368    -0.332506    -1.369526
 288    9.4810     0.007531     0.009924     1.844245    -1.106517
 289    9.5191     0.003010     0.003059     1.529253    -4.962914
 290    9.5235     0.002183     0.002532    -4.969887     5.287708
 291    9.5332     0.004418     0.003783     3.320022     5.037965
 292    9.5407     0.000251     0.000923    -1.259049    -3.490737
 293    9.5516     0.000324     0.000676     0.120677     0.040364
 294    9.5606     0.000339     0.000287    -0.112419    -0.108747
 295    9.6072     0.004636     0.000048    -3.206413    -0.907244
 296    9.6128     0.002433     0.000772     6.009264    -3.293131
 297    9.6155     0.002400     0.001185   -10.371860     1.143837
 298    9.6212     0.001548     0.000622     4.697792     3.582375
 299    9.6318     0.001642     0.001273    -3.883411    -2.087977
 300    9.6366     0.003185     0.000836     6.394847     3.689467
 301    9.6420     0.001351     0.000079    -0.873909    -0.261046
 302    9.6588     0.000123     0.000085     0.389840     0.285236
 303    9.6622     0.000053     0.000064    -0.161914    -0.156351
 304    9.6680     0.002382     0.003235     5.887768     3.364652
 305    9.6746     0.001042     0.001044    -0.733335    -0.225801
 306    9.6887     0.000304     0.000176    -0.213666     0.073890
 307    9.6894     0.004257     0.017711    14.105040    -5.045279
 308    9.6918     0.000024     0.000507     0.190634     0.197912
 309    9.7019     0.005328     0.002447   -14.658564     2.423645
 310    9.7134     0.007583     0.004584    -0.734464    -4.120704
 311    9.7311     0.001549     0.000524    -2.467653    -0.257140
 312    9.7336     0.002299     0.000333     1.018929     0.247962
 313    9.7369     0.001817     0.000074    -1.336208     1.445012
 314    9.7394     0.000181     0.000065    -0.453311    -0.082599
 315    9.7418     0.002943     0.001532     4.106942    -4.389414
 316    9.7434     0.001253     0.000405    -6.550925    -1.345112
 317    9.7505     0.000516     0.000077     2.485798     0.785169
 318    9.7519     0.000189     0.000445    -0.837892    -1.547455
 319    9.7528     0.008304     0.004911    19.477507     2.551373
 320    9.7551     0.004775     0.004057   -20.816827     0.929111
 321    9.7634     0.002862     0.005362     6.069659     0.629906
 322    9.7695     0.004376     0.004542    13.551504     8.083810
 323    9.7741     0.001968     0.004075    -6.647387     3.931580
 324    9.7783     0.002699     0.005689    -0.261110    -1.731834
 325    9.7798     0.001351     0.002390    -2.360943    -1.134958
 326    9.7887     0.000685     0.000743    -1.155558    -1.011023
 327    9.7910     0.000979     0.000325     0.104876    -0.280182
 328    9.8082     0.001508     0.002157    -8.450419    -9.504465
 329    9.8096     0.000041     0.000819     1.150345     3.912792
 330    9.8155     0.003601     0.003159     0.252388     1.732084
 331    9.8258     0.000521     0.000682    -1.037690    -0.897166
 332    9.8269     0.001267     0.002776     0.266636    -1.108752
 333    9.8293     0.001084     0.000886     0.727522     0.442084
 334    9.8453     0.000679     0.000771    -1.147216    -1.297849
 335    9.8510     0.001310     0.002775     3.966933     2.019368
 336    9.8542     0.003015     0.000440     1.306228    -0.486666
 337    9.8676     0.002559     0.003206     0.015307     0.839088
 338    9.8778     0.000203     0.000558     0.426460     0.831542
 339    9.8817     0.000723     0.000993    -5.057401    -4.390576
 340    9.8903     0.002440     0.006732     2.548039     3.947814
 341    9.8935     0.004163     0.001410     0.937731     0.568141
 342    9.9076     0.000773     0.002855    -1.570433    -1.070722
 343    9.9116     0.000065     0.000989    -0.254972     0.933823
 344    9.9177     0.002468     0.005858     2.588754     3.683487
 345    9.9281     0.000795     0.001823     3.167377     1.898516
 346    9.9304     0.001540     0.009451     2.103740     5.425945
 347    9.9421     0.031710     0.027180    13.178335    10.996806
 348    9.9438     0.001015     0.008171    -3.202792    -2.015064
 349    9.9496     0.001020     0.002800    -3.800999    -8.131877
 350    9.9585     0.000512     0.010641     7.590313   -10.883707
 351    9.9639     0.006459     0.006392   -20.706127   -12.772165
 352    9.9702     0.006122     0.006288    -4.903356     4.982648
 353    9.9847     0.003970     0.006089    -2.677499     0.133395
 354    9.9930     0.000161     0.002388     0.261793     0.981743
 355    9.9969     0.003819     0.005673     0.200508     0.224327
