$coord
        -11.392701341197          0.383188685496         -2.270993148935     c 
         -9.501939566870         -0.015404646416         -0.095141776787     c 
        -10.919862890014         -0.613502257442          2.375056322751     c 
         -8.001816688296          2.395243403214          0.280401716542     c 
         -9.257091875121          4.612055768801          0.908542584421     c 
         -7.983989505799          6.851880276193          1.338737320844     c 
         -5.373263631927          6.893321348394          1.178603688719     c 
         -4.078636526881          4.722640191944          0.552656674545     c 
         -5.366659505691          2.467383563561          0.056243045909     c 
         -4.018107957353          0.320285966174         -0.601792568239     n 
         -1.351255090701          0.459882670215         -0.816287038375     c 
         -0.261780932752          1.629797770062         -2.878339923084     c 
          2.364279080881          1.834262055547         -3.212233373860     c 
          3.914076026562          0.815146693706         -1.394600432719     c 
          2.791878040370         -0.381636943061          0.720048427286     c 
          4.637747010658         -1.326599725810          2.409947130503     c 
          3.849751656366         -2.537496667469          4.565295446563     c 
          1.232912171089         -2.769752519866          4.989862926803     c 
         -0.556324781291         -1.854563709120          3.345776687170     c 
          0.200015794572         -0.609513820663          1.104599408892     c 
          7.061806456317         -0.698590891735          1.304910385828     c 
          9.363926347571         -1.159591612669          2.137659113797     n 
         11.275725481405         -0.369254853872          0.750617505125     c 
         13.706370659368         -0.522264073436          1.036957894230     n 
         14.778045113847          0.631682438084         -0.999228577355     o 
         13.006749932736          1.546210560021         -2.629282228233     n 
         10.811258426740          1.002454409613         -1.680458913264     c 
          8.486680269271          1.434987609146         -2.459655541783     n 
          6.615214387198          0.617997627373         -1.028459991057     c 
         -5.195636987883         -1.982839807302         -1.015669927737     c 
         -3.751650230442         -4.073567206710         -1.749025825090     c 
         -4.862795972418         -6.395624005268         -2.138752165227     c 
         -7.445276467472         -6.672168279340         -1.825228219477     c 
         -8.884162909201         -4.595985041161         -1.160274397644     c 
         -7.815745363660         -2.233966074941         -0.755078679233     c 
        -12.530321544544         -1.299082715250         -2.569962159228     h 
        -10.379340718293          0.798874319029         -4.011779430566     h 
        -12.655785382097          1.949765229865         -1.866120997026     h 
         -9.575846214802         -0.878892250388          3.909398806139     h 
        -12.185624866064          0.920362925040          2.883180501202     h 
        -12.032872221632         -2.327656635062          2.184653775177     h 
        -11.289732320321          4.600163278946          1.073893615604     h 
         -9.019633391592          8.542300388032          1.815411721485     h 
         -4.340680780133          8.613456225886          1.545897303376     h 
         -2.042686334801          4.763466936055          0.455998549244     h 
         -1.496183381564          2.423937271082         -4.298638268827     h 
          3.116142185928          2.760955707186         -4.864465035663     h 
          5.181535937351         -3.295203152258          5.909949069706     h 
          0.617222967953         -3.715727964579          6.690759360186     h 
         -2.542194701871         -2.085811032145          3.755002038464     h 
         -1.742100029691         -3.867492752448         -2.023402639262     h 
         -3.711012724870         -7.984490767903         -2.694338132174     h 
         -8.335885504248         -8.482914832524         -2.117306390992     h 
        -10.899636535460         -4.832442679839         -0.957410748151     h 
$end
