$coord
        -11.025257196566          4.060709791034         -0.552749765925     c 
         -8.716551481071          5.283036352617         -0.853510175034     c 
         -6.494277804419          3.956618901329         -0.658552834282     c 
         -6.502179193479          1.328803055408         -0.176894124393     c 
         -4.143390286708          0.062233696997         -0.028064898365     c 
         -1.941931032641          1.430677279061          0.092772770071     n 
         -0.066222389635         -0.182662540322          0.274091634642     c 
          2.545284277794          0.588794669289          0.357123192600     c 
          3.102058690659          2.958114542481          1.467465656648     c 
          5.526979971354          3.811924801993          1.599639311553     c 
          7.549915439438          2.376418005494          0.601726859174     c 
         10.072282136029          3.203321926496          0.717502215880     c 
         11.981823537172          1.780038986096         -0.305372551303     c 
         11.443261050060         -0.525403984992         -1.489940561261     c 
          9.007402195472         -1.383605714320         -1.633335925067     c 
          7.000871599485          0.031627021998         -0.588125128100     c 
          4.486790681391         -0.817666152032         -0.692918939929     c 
         -0.927612093052         -2.654656619327          0.325979520775     n 
          0.352885605743         -4.876408676124          0.739235852459     c 
         -0.984050819950         -7.145841294508          0.606732848700     c 
         -3.526862334084         -7.159126875664          0.121754515994     c 
         -4.858551758173         -4.812473738068         -0.128785122187     c 
         -3.525135497038         -2.589830877851          0.057156083819     c 
         -8.857400159067          0.132053468742          0.163714711569     c 
        -11.068207049712          1.486968371804         -0.025264835967     c 
        -12.771406138734          5.104375741550         -0.708021681932     h 
         -8.675699039232          7.287178686218         -1.242377222561     h 
         -4.688635622027          4.871672104014         -0.890828297792     h 
          1.547632885566          4.043093968799          2.215944456577     h 
          5.944015707441          5.610080378657          2.472459887556     h 
         10.481056984584          4.986271515855          1.625543399378     h 
         13.913981106904          2.430811585504         -0.207924443720     h 
         12.967567933217         -1.621498263435         -2.291465135190     h 
          8.584484792176         -3.162550703570         -2.543707400938     h 
          4.093072097388         -2.546254622596         -1.706137258133     h 
          2.309726854306         -4.756559723082          1.267224225099     h 
          0.040022802956         -8.884629294155          0.894194002741     h 
         -4.564502002857         -8.904073159561         -0.026289306120     h 
         -6.856173155728         -4.828485394542         -0.485055780024     h 
         -8.931614576068         -1.843242575998          0.649471099548     h 
        -12.858018904433          0.542442102150          0.250451464979     h 
$end
