           2           1  0.996017833192645     
           3           1  3.380400740895841E-003
           3           2   1.00790932897108     
           4           1  2.585822174289520E-003
           4           2  0.994007655472281     
           4           3  3.341002023579167E-003
           5           1  2.902816630612130E-003
           5           2  0.991863237257870     
           5           4  3.467359922025395E-003
           6           1  9.829749968343926E-003
           6           2  3.796522701821735E-003
           6           3  7.863179594893500E-003
           6           4  9.848373440940750E-003
           6           5   1.40208422578417     
           7           2  1.133982799432658E-002
           7           5  2.420459205122706E-003
           7           6   1.45378091930216     
           8           1  3.402600834042117E-003
           8           4  3.639048378052903E-003
           8           5  0.104729382373825     
           8           6  3.169865799662625E-003
           8           7   1.38650478459001     
           9           6  1.076769925227398E-002
           9           7  7.905394995538176E-003
           9           8  0.964421775977598     
          10           5  2.457019018883963E-003
          10           7  8.630570324666700E-003
          10           8  8.842470342080119E-003
          10           9   1.12698994177263     
          11           7  3.024638056886604E-003
          11           8  2.544202738790566E-003
          11           9  3.339057001826989E-002
          11          10   1.34660789704079     
          12           9  1.714014401312507E-002
          12          10  5.044531432977551E-003
          12          11   1.40935333711363     
          13           9  1.185573925890299E-002
          13          10  7.079694700780043E-002
          13          11  5.558292987024068E-003
          13          12   1.36894683810421     
          14          11  1.139503658245346E-002
          14          12  3.707123835515194E-003
          14          13  0.991896235770822     
          15          12  7.958718964007582E-003
          15          14   1.00778461626349     
          16          10  2.343266439685700E-003
          16          12  9.164905175334243E-003
          16          13  3.363588504110506E-003
          16          14  0.993600991047108     
          16          15  3.341543172473305E-003
          17          10  2.242623189702786E-003
          17          12  9.330462209455929E-003
          17          13  3.202236274240300E-003
          17          14  0.994363800097686     
          17          15  3.413743086438550E-003
          17          16  2.603957154095441E-003
          18           9  1.428349752261858E-002
          18          10  5.330037277865524E-003
          18          11  6.311385337914921E-002
          18          12  1.418593213031970E-002
          18          13   1.41350261137625     
          18          14  4.406188778170247E-003
          18          15  6.505333863020966E-003
          18          16  1.005426042256532E-002
          18          17  1.054309467244012E-002
          19           8  1.012227794122270E-002
          19           9  1.110112809976455E-002
          19          10   1.24714451905267     
          19          11  4.527042162466400E-003
          19          12  6.056947523203982E-002
          19          13  4.696897813532507E-003
          19          14  1.254231741221499E-002
          19          18   1.32761978758649     
          20           9  2.109381848431671E-002
          20          10  9.445108054012819E-003
          20          11  2.839489278820121E-002
          20          12  2.159641327590621E-002
          20          13  1.599803876937425E-002
          20          18  2.693879254598814E-002
          20          19   1.05331138435421     
          21           9  1.131324479949232E-002
          21          10  8.122992778061120E-003
          21          11  7.309805706585738E-003
          21          12  8.751894698098469E-003
          21          13  3.228554490171135E-003
          21          18  1.466505546765540E-002
          21          19  9.309432445965281E-003
          21          20   1.05353236474700     
          22           9  5.028839627016682E-003
          22          10  2.160581815881653E-003
          22          11  1.022211537331565E-002
          22          12  1.394986768202552E-002
          22          18  2.309255738306512E-002
          22          19  1.465947232977845E-002
          22          20  2.695013166542064E-002
          22          21   1.32743874331260     
          23           9  8.188872907358145E-003
          23          11  2.159149084784346E-003
          23          13  2.772411070577414E-003
          23          19  3.229411066958752E-003
          23          20  1.601422567938322E-002
          23          21  4.691927261182543E-003
          23          22   1.41361844687336     
          24          21  1.254393027435504E-002
          24          22  4.405509739161006E-003
          24          23  0.991886453446692     
          25          22  1.053477162778901E-002
          25          23  3.196042238142984E-003
          25          24  0.994392155568351     
          26          22  1.006589376074637E-002
          26          23  3.364739963800145E-003
          26          24  0.993587960790814     
          26          25  2.604073575456439E-003
          27          22  6.508157163100109E-003
          27          24   1.00778161845814     
          27          25  3.417259518450323E-003
          27          26  3.338390387749215E-003
          28           9  2.204866132509494E-003
          28          11  8.584203096178496E-003
          28          12  1.210205801707890E-002
          28          18  1.395428396176876E-002
          28          19  8.750298672416904E-003
          28          20  2.162226572170036E-002
          28          21  6.054110763575397E-002
          28          22  1.420375550208350E-002
          28          23   1.36893250844807     
          28          24  3.706612751232087E-003
          28          25  9.337496711267724E-003
          28          26  9.158567495151404E-003
          28          27  7.958137692185473E-003
          29           9  8.825881943218225E-003
          29          11  8.111205278631127E-003
          29          12  8.577439696267073E-003
          29          13  2.159720705517855E-003
          29          18  1.021853219143760E-002
          29          19  7.306434518438019E-003
          29          20  2.840473444989725E-002
          29          21  4.527727197453420E-003
          29          22  6.313401158952604E-002
          29          23  5.549442180819343E-003
          29          24  1.139319261767688E-002
          29          28   1.40932480881202     
          30          18  2.159373254995440E-003
          30          19  8.116889072031872E-003
          30          20  9.439912679659055E-003
          30          21   1.24720557028435     
          30          22  5.328171442196466E-003
          30          23  7.078746280849148E-002
          30          25  2.237351558994901E-003
          30          26  2.347179869053603E-003
          30          28  5.039913806498739E-003
          30          29   1.34664101221235     
          31           9  2.771921628506523E-002
          31          11  8.824818427206373E-003
          31          12  2.201573652801692E-003
          31          13  8.187775875171525E-003
          31          18  5.031925578182030E-003
          31          19  1.131353377116002E-002
          31          20  2.115270356811800E-002
          31          21  1.110224044809496E-002
          31          22  1.428830823208335E-002
          31          23  1.184865766175236E-002
          31          28  1.714056259400683E-002
          31          29  3.340207407132190E-002
          31          30   1.12699189538617     
          32          21  1.010975185374691E-002
          32          29  2.493236227686205E-003
          32          30  8.824112934819918E-003
          32          31  0.963620652334484     
          33          29  2.612133178477826E-003
          33          30  1.003208174385183E-002
          33          31  7.491902229757786E-003
          33          32   1.39588198727740     
          34          31  1.030674981690400E-002
          34          32  3.078186325322571E-003
          34          33   1.44278210027379     
          35          30  2.440529620909829E-003
          35          32  0.104860524585802     
          35          33  2.371983204756793E-003
          35          34   1.41422076433773     
          36          33  1.179175195030323E-002
          36          34  4.536494207670219E-003
          36          35  0.991834796588703     
          37          34  6.560803077806708E-003
          37          36   1.00791293289974     
          38          32  3.651669484910091E-003
          38          34  1.075307781320066E-002
          38          35  3.476759064538705E-003
          38          36  0.993982566673265     
          38          37  3.339082594584001E-003
          39          32  3.399516966226858E-003
          39          34  1.022849119369553E-002
          39          35  2.894132318076345E-003
          39          36  0.996070630562872     
          39          37  3.382363898877070E-003
          39          38  2.585960655393816E-003
          40          31  1.074835542338431E-002
          40          32  3.168569065718914E-003
          40          33  0.108800231001639     
          40          34  2.801854092859675E-003
          40          35   1.40220420009857     
          40          36  3.795960024251981E-003
          40          37  7.861692022308277E-003
          40          38  9.848225969132636E-003
          40          39  9.837127836210100E-003
          41          29  3.009551634461734E-003
          41          30  8.627283804605434E-003
          41          31  7.833667110786818E-003
          41          32   1.38686124275787     
          41          33  3.097813052434826E-003
          41          34  0.106445990876308     
          41          35  2.415969669540286E-003
          41          36  1.134202752640846E-002
          41          40   1.45367937743592     
          42           9  1.424209210061736E-002
          42          11  4.126751942255412E-003
          42          12  3.251747644327670E-003
          42          18  4.320520683064799E-003
          42          19  9.031282062727269E-003
          42          20  9.939418895545334E-003
          42          21  2.195820624394810E-002
          42          22  4.035948113144052E-003
          42          23  5.983767717223438E-003
          42          28  4.133799556954831E-003
          42          29  1.499482022306220E-002
          42          30  1.102105902044523E-002
          42          31   1.10987765489901     
          42          32  8.450993995880811E-003
          42          33  9.136440516368530E-003
          42          35  2.547463335859292E-003
          42          41  1.004327587569707E-002
          43           9  1.459311075905769E-002
          43          10  7.366381509720493E-003
          43          11  3.567034190430985E-003
          43          12  2.280884164434368E-003
          43          13  5.410163991292050E-003
          43          19  6.826607718109229E-003
          43          20  1.430447993079034E-002
          43          21  4.555011041385684E-003
          43          22  2.557226223719140E-003
          43          23  6.132149806971499E-003
          43          29  7.272819872965491E-003
          43          30  1.754176354249041E-002
          43          31  2.709642443462011E-002
          43          32  3.419009021911453E-003
          43          33  3.226105364360661E-003
          43          41  3.303007705078263E-003
          43          42   1.32950831275509     
          44           9  1.274857195871346E-002
          44          11  3.278565374481249E-003
          44          12  5.205535727651428E-003
          44          18  6.182979246960435E-003
          44          19  7.022272495477389E-003
          44          20  9.545100369060994E-003
          44          21  7.025001113659086E-003
          44          22  6.188598872949244E-003
          44          28  5.211926321361138E-003
          44          29  3.283644234888041E-003
          44          31  1.276886160241049E-002
          44          42  5.158027131105298E-003
          44          43   1.34240693156548     
          45          42  1.135439421791056E-002
          45          43  2.227825541355972E-002
          45          44   1.04324517137592     
          46          43  9.833561347631184E-003
          46          44  9.102858747137997E-003
          46          45   1.04091950894776     
          47          43  2.030678525099095E-003
          47          44  1.038009426071081E-002
          47          45  2.136774962037720E-002
          47          46   1.35819539943646     
          48          45  1.176448732589119E-002
          48          46  3.204866832205540E-003
          48          47   1.46148182259966     
          49          45  1.239547239357614E-002
          49          46  9.443383447891326E-002
          49          47  3.768391902899237E-003
          49          48   1.42410684225066     
          50          45  1.174398895503919E-002
          50          46  3.212802869915491E-003
          50          47  0.102921798370103     
          50          48  2.078676804824799E-003
          50          49   1.42327037066705     
          51          43  2.645999051168494E-003
          51          44  5.884174082913716E-003
          51          45  2.153246894869665E-002
          51          46   1.35636328338108     
          51          47  5.222875878497932E-003
          51          48  0.103184129310072     
          51          49  3.699719074588886E-003
          51          50   1.46234425571273     
          52          43  5.814790434049913E-003
          52          44  9.098479948852864E-003
          52          45   1.04098781922584     
          52          46  8.855316801202884E-003
          52          47  5.845870120376402E-003
          52          51  1.045755396901356E-002
          53          43  2.117283919048915E-003
          53          44  5.888571481917697E-003
          53          45  2.154845327972749E-002
          53          46  1.045443895574260E-002
          53          47  2.525266593146559E-003
          53          51  2.262915005126352E-003
          53          52   1.35624355997987     
          54          45  1.174292801444578E-002
          54          52  3.213231190714794E-003
          54          53   1.46240075376380     
          55          45  1.240789600107307E-002
          55          52  9.442008251402956E-002
          55          53  3.700016058036356E-003
          55          54   1.42325140443738     
          56          45  1.176710275465809E-002
          56          52  3.206048913389133E-003
          56          53  0.103172130818691     
          56          54  2.078787021667739E-003
          56          55   1.42408639872284     
          57          43  2.746573202709726E-003
          57          44  1.037963571040296E-002
          57          45  2.138319485495855E-002
          57          46  5.839587356896173E-003
          57          47  2.376012967459737E-003
          57          51  2.526806319671573E-003
          57          52   1.35819794621483     
          57          53  5.226182501397762E-003
          57          54  0.102900407777418     
          57          55  3.772510307591189E-003
          57          56   1.46146219424027     
          58           7  3.307070154314554E-003
          58           8  3.490389221323130E-003
          58           9  2.701105558350636E-002
          58          10  1.752428673264714E-002
          58          11  7.235252592385123E-003
          58          13  6.137551935116113E-003
          58          18  2.535288044267915E-003
          58          19  4.589265324105482E-003
          58          20  1.427678493875293E-002
          58          21  6.780484350374121E-003
          58          23  5.391464978693718E-003
          58          28  2.261857848272667E-003
          58          29  3.559133308238494E-003
          58          30  7.358932431977950E-003
          58          31  1.457496645036886E-002
          58          42  4.929897795468974E-002
          58          43  2.150244725242978E-002
          58          44   1.34289158895525     
          58          45  2.228330220408854E-002
          58          46  5.806156964968273E-003
          58          47  2.739825169126573E-003
          58          51  2.120513409020178E-003
          58          52  9.835244107172457E-003
          58          53  2.656485192838108E-003
          58          57  2.035048643961622E-003
          59           5  2.554699749092109E-003
          59           7  1.006973834384445E-002
          59           8  8.472590175817564E-003
          59           9   1.10935181477148     
          59          10  1.101282228972501E-002
          59          11  1.500016751216774E-002
          59          12  4.159792594347667E-003
          59          13  5.978386966888246E-003
          59          18  4.074998358416382E-003
          59          19  2.199768138878413E-002
          59          20  9.986695110936829E-003
          59          21  9.056299638157376E-003
          59          22  4.362106707453774E-003
          59          28  3.294171950013520E-003
          59          29  4.160087508792230E-003
          59          31  1.424586606001901E-002
          59          42  5.715368530154892E-003
          59          43  4.930573233607510E-002
          59          44  5.174717113140904E-003
          59          45  1.136869075894390E-002
          59          58   1.32941167655473     
          60           8  8.768324831610597E-003
          60           9  2.294821823622046E-002
          60          10  1.306469243341938E-002
          60          12  4.463710730129418E-003
          60          13  3.169171233945763E-003
          60          18  9.927403552090423E-003
          60          19  9.820165364306110E-003
          60          20   1.04962068451385     
          60          21  9.835233272134192E-003
          60          22  9.929954679073923E-003
          60          23  3.179102548111393E-003
          60          28  4.465947358427420E-003
          60          30  1.307351307007870E-002
          60          31  2.300437035253225E-002
          60          32  8.784978991109006E-003
          60          42   1.27789027489583     
          60          43  5.399969618677994E-003
          60          44  5.833021530838972E-002
          60          45  7.242594562471569E-003
          60          58  5.424655578890149E-003
          60          59   1.27813035363054     
          61           2  1.178614175911054E-002
          61           5  2.375578913355785E-003
          61           6  0.108683046230307     
          61           7  3.103193254039919E-003
          61           8   1.39530131982584     
          61           9  7.552400045016833E-003
          61          10  1.008822418758935E-002
          61          11  2.610932442339384E-003
          61          58  3.236128652948649E-003
          61          59  9.118332474828302E-003
          62           1  1.023089064531329E-002
          62           2  4.537037137505476E-003
          62           3  6.555922146214339E-003
          62           4  1.074044730526045E-002
          62           5   1.41393390016564     
          62           6  2.801363524143808E-003
          62           7  0.106322192339900     
          62           8  3.076629899748783E-003
          62           9  1.030639231591310E-002
          62          61   1.44311605548295     
          63           1  0.978111481741298     
          63           3  9.571337149293844E-003
          64           1  0.980187462229254     
          64           4  9.799985823222638E-003
          65           1  0.980343714475014     
          65           5  8.739236687305280E-003
          66           1  9.620364716842805E-003
          66           3  0.979854898672287     
          67           3  0.980168641425013     
          67           4  9.675938242135126E-003
          68           3  0.978637771376899     
          68           5  9.123117331294348E-003
          69           4  0.980348849593309     
          69           5  8.589055076749997E-003
          70           1  9.689492372142576E-003
          70           4  0.979223600469569     
          71           3  9.503494290452658E-003
          71           4  0.978576668035307     
          72           6  0.967296661435011     
          72           8  1.035209999769662E-002
          72          62  9.543560390395037E-003
          73           5  1.064315369209856E-002
          73           7  0.969837621719615     
          73          61  9.352879363963318E-003
          74           8  3.841350906249607E-003
          74          11  0.964060969472201     
          74          13  1.061775382416792E-002
          74          19  9.733808469535223E-003
          75          10  1.044043416979416E-002
          75          12  0.968017567980961     
          75          18  9.332218867623242E-003
          76          13  9.126965787335305E-003
          76          15  0.978601399871689     
          77          15  0.979609050443331     
          77          16  9.631007327469425E-003
          78          15  0.980010544086720     
          78          17  9.654359412999304E-003
          79          16  0.980193925825075     
          79          17  9.726940443356655E-003
          80          15  9.520214500211869E-003
          80          16  0.978557809141744     
          81          13  8.620323803335626E-003
          81          16  0.980319596163236     
          82          13  8.634268029647164E-003
          82          17  0.980262957450149     
          83          15  9.515037765599513E-003
          83          17  0.978134178354984     
          84          16  9.693909490728346E-003
          84          17  0.980232226091715     
          85          10  1.004255447434308E-002
          85          12  1.004250271482841E-002
          85          18  0.958846884730191     
          86          22  0.958844934293587     
          86          28  1.004268659767469E-002
          86          30  1.004196924172714E-002
          86          85  3.981306369235030E-003
          87          25  0.978121584302078     
          87          27  9.514077640973494E-003
          88          25  0.980235998911861     
          88          26  9.692857465681217E-003
          89          23  8.633446211526412E-003
          89          25  0.980259001274354     
          90          25  9.727796250402831E-003
          90          26  0.980191130695805     
          91          23  8.621450122392935E-003
          91          26  0.980323118551107     
          92          26  0.978568611114729     
          92          27  9.521085872909398E-003
          93          26  9.631016124435947E-003
          93          27  0.979625437035247     
          94          25  9.654862868722629E-003
          94          27  0.980001210239383     
          95          23  9.127132639360906E-003
          95          27  0.978601103358132     
          96          22  9.330063519365887E-003
          96          28  0.968018235161635     
          96          30  1.044106315277907E-002
          97          21  9.731443376280650E-003
          97          23  1.061748216084621E-002
          97          29  0.964050347725788     
          97          32  3.927240656730336E-003
          98          33  0.969222854504864     
          98          35  1.047403617702026E-002
          98          41  9.197001306357059E-003
          99          32  1.019509338904878E-002
          99          34  0.967742028226612     
          99          40  9.842801323737738E-003
         100          35  9.123975226939512E-003
         100          37  0.978639123252447     
         101          37  0.980183482620971     
         101          38  9.677132186372639E-003
         102          37  0.979848552448675     
         102          39  9.620108054051698E-003
         103          35  8.589180005704506E-003
         103          38  0.980350139837519     
         104          37  9.503505519120999E-003
         104          38  0.978590161167527     
         105          38  0.979228979216289     
         105          39  9.690088515957344E-003
         106          35  8.740354177580864E-003
         106          39  0.980339417188002     
         107          38  9.800150950179084E-003
         107          39  0.980190145686677     
         108          37  9.571516149559983E-003
         108          39  0.978094093692045     
         109          32  1.034738454545893E-002
         109          34  9.543787653173949E-003
         109          40  0.967292751481439     
         110          33  9.351990554975018E-003
         110          35  1.064098650081795E-002
         110          41  0.969824814423537     
         111          32  4.260540947942991E-003
         111          43  0.960160159937024     
         111          58  9.099751198023991E-003
         111          60  9.706628488155400E-003
         112          47  0.968796784594484     
         112          49  1.084435325560883E-002
         112          51  9.251383879137477E-003
         113          46  1.070267828803133E-002
         113          48  0.972394052386283     
         113          50  1.054974772391955E-002
         114          47  1.052087764362704E-002
         114          49  0.973622170642740     
         114          51  1.052656150776346E-002
         115          46  1.072510732010736E-002
         115          48  1.060080797212726E-002
         115          50  0.972401928810090     
         116          47  9.222174992637940E-003
         116          49  1.084264695339704E-002
         116          51  0.968595122248234     
         117          53  0.968591067786754     
         117          55  1.084342498100259E-002
         117          57  9.220505729544540E-003
         118          52  1.072682335196836E-002
         118          54  0.972417133980746     
         118          56  1.060080825176657E-002
         119          53  1.052683021831045E-002
         119          55  0.973616319088535     
         119          57  1.051998435630735E-002
         120          52  1.070307449425136E-002
         120          54  1.054972789153765E-002
         120          56  0.972402041294316     
         121          53  9.252683415122908E-003
         121          55  1.084437482300835E-002
         121          57  0.968792293804658     
         122           8  4.231058616175815E-003
         122          43  9.119025593812420E-003
         122          58  0.960185930975392     
         122          60  9.698501631952764E-003
         123           5  1.047960414539644E-002
         123           7  9.187365675305028E-003
         123          61  0.969213738677350     
         124           6  9.840621637519748E-003
         124           8  1.020235048274016E-002
         124          62  0.967742399047002     
