 NM
 VELO
 MMASS
   1316.61640000000     
 LFAKTOR
  0.5
 RFAKTOR
  1.0
 WIDTH
  0.20
 SHIFT
  0.00
 DATXY
   1    3.8461     0.427165     0.097103   229.291560    96.239456
   2    3.8788     0.097070     0.022232    77.685627    36.974068
   3    3.9467     0.488313     0.151596    42.366008     2.437704
   4    3.9831     0.121667     0.028910  -246.317233  -137.019163
   5    4.0505     0.050944     0.031048    96.464274   103.147922
   6    4.0883     1.497679     0.396364   -82.878313   -17.200247
   7    4.2224     0.179263     0.032081   -46.901221     0.770102
   8    4.2320     0.093490     0.028390   -31.286276   -62.413546
   9    4.2459     0.057272     0.014877    34.613733    34.976036
  10    4.2735     0.098177     0.013838     7.818704   -11.018458
  11    4.3691     0.122195     0.043983    62.788387     3.688418
  12    4.4001     0.190533     0.062271  -163.164214  -133.481083
  13    4.4158     0.214686     0.053887     4.704353     1.131331
  14    4.4348     0.121865     0.023356   -37.839148    -7.506095
  15    4.4650     0.940740     0.250453    29.099379    11.546557
  16    4.5123     0.188661     0.036555   167.315633   103.692093
  17    4.5589     0.134894     0.034228    48.365840    44.550813
  18    4.5681     0.385522     0.067314   426.705142   231.037374
  19    4.6108     0.266282     0.057516  -252.048004  -172.957096
  20    4.6927     0.410508     0.080754   -10.007771    10.516319
  21    4.7158     0.201007     0.054795  -161.712844   -70.546309
  22    4.8803     0.481697     0.124563    49.219613    38.677080
  23    4.9262     0.005189     0.001944    -1.713861    -0.761321
  24    5.0681     0.393636     0.102575   -32.613961    54.813967
  25    5.0950     0.136717     0.056185   -31.201245    64.618443
  26    5.0967     0.028043     0.002148    74.503370   -51.461215
  27    5.1211     0.017449     0.003925    -5.190761    -5.293408
  28    5.1875     0.281713     0.083413    26.780624    18.087417
  29    5.1973     0.063605     0.049764   -39.154122   -13.277123
  30    5.2004     0.065126     0.020178     6.073954    11.109194
  31    5.2138     0.012881     0.008410    17.718882   -17.987982
  32    5.2189     0.464715     0.142642   -32.710248   -24.933530
  33    5.2865     0.166165     0.038983    35.305240   -35.635511
  34    5.3546     0.020831     0.004269   -19.384453    19.093521
  35    5.3882     0.013667     0.002560     3.999616    16.976417
  36    5.3982     0.022582     0.003476    -3.192956    -5.981781
  37    5.4214     0.002345     0.000715   -12.162263     0.381684
  38    5.4463     0.024774     0.009568     8.033635    16.490706
  39    5.4610     0.013750     0.002019   -15.652937   -12.186575
  40    5.4640     0.063948     0.015785   -12.791827     2.162941
  41    5.4779     0.120749     0.025889    23.696362    29.347904
  42    5.4809     0.009995     0.003964   -29.987403   -28.026959
  43    5.5192     0.079464     0.014359    -0.826359   -18.276198
  44    5.5216     0.069776     0.015635    -2.269957   -12.539895
  45    5.5270     0.033051     0.007213    45.374395    37.771786
  46    5.5621     1.069905     0.240147   429.498141   328.862706
  47    5.5888     1.127406     0.237808  -504.303997  -376.841832
  48    5.6344     0.003085     0.001203    -6.635449    -2.374527
  49    5.6362     0.152201     0.043147    22.117701    -1.794265
  50    5.6403     0.008779     0.002825    -1.598767    -2.471336
  51    5.6682     0.025189     0.006451    70.204041    41.462424
  52    5.6921     0.053903     0.018771     2.545514    -1.210627
  53    5.7070     0.077236     0.026428     7.874706     3.092350
  54    5.7151     0.008604     0.002031     5.504764     3.224625
  55    5.7282     0.088193     0.024353     4.664200     0.997813
  56    5.7536     0.157169     0.062711    20.457058    17.134594
  57    5.7642     0.057411     0.014673     6.788420    15.399600
  58    5.7833     0.034553     0.009453    -4.377979   -15.451554
  59    5.8154     0.028764     0.013420   -35.019974   -39.866707
  60    5.8173     0.004763     0.004656    12.515975    20.293987
  61    5.8323     0.026015     0.005743    -5.829593   -15.991475
  62    5.8337     0.013722     0.000855    -9.472032    -3.586327
  63    5.8529     0.014326     0.003810     4.796997     4.661732
  64    5.8597     0.006665     0.006055    10.336204     6.107387
  65    5.8814     0.008071     0.005755     7.209162    13.171703
  66    5.8874     0.025567     0.005123   -26.407776   -17.851598
  67    5.8932     0.003536     0.001275   -15.551556    -3.873187
  68    5.9124     0.083846     0.031339   140.008197    52.397885
  69    5.9274     0.134411     0.074799   -69.950042   -28.169696
  70    5.9355     0.009454     0.006168   -10.936579    -8.059952
  71    5.9577     0.010607     0.006076   -13.357888    -7.209828
  72    5.9653     0.019394     0.007882    -0.385041    -5.980578
  73    5.9674     0.016287     0.008294   -26.018544   -19.786362
  74    5.9894     0.000545     0.000819     1.305332    -3.072502
  75    6.0021     0.014703     0.003326    18.750790    19.260416
  76    6.0163     0.002059     0.000288    -0.499826    -0.337744
  77    6.0332     0.004374     0.003463    -1.793446    -3.644426
  78    6.0651     0.031425     0.004947   -35.768297   -22.210646
  79    6.0741     0.010464     0.006800     5.054291    13.762266
  80    6.0832     0.005668     0.005607   -19.924353   -41.614800
  81    6.0975     0.097674     0.016494    24.003919    16.494499
  82    6.1025     0.106806     0.037274   132.723510    43.580937
  83    6.1095     0.030358     0.006569     4.737173    -1.941781
  84    6.1350     0.029647     0.007092     4.631552     0.607329
  85    6.1478     0.008745     0.006298     9.760514    14.708733
  86    6.1554     0.006962     0.003390     4.637270     3.366660
  87    6.1706     0.025982     0.004219   -37.815662     3.238179
  88    6.1748     0.027348     0.022389    48.074088    31.126566
  89    6.2022     0.004562     0.004905    -5.963323   -11.287455
  90    6.2059     0.007803     0.004882    16.951409     7.023789
  91    6.2354     0.001787     0.000978   -15.813868    13.720994
  92    6.2385     0.022068     0.005725     1.547354    10.570060
  93    6.2436     0.169172     0.062085    42.374806    84.467493
  94    6.2484     0.007886     0.002191   -12.458127    -7.050763
  95    6.2557     0.070066     0.041680     3.050323   -30.153113
  96    6.2754     0.197247     0.046566   184.802589    36.804848
  97    6.2943     0.140136     0.034986   -20.246039    34.017256
  98    6.3042     0.012300     0.004509   -38.439634   -12.517992
  99    6.3051     0.001507     0.000703    -3.253701    -0.388110
 100    6.3067     0.083354     0.019119  -305.686540  -148.158218
 101    6.3093     0.012959     0.020027    70.926944    11.219295
 102    6.3169     0.033050     0.007485    -3.110740     0.158263
 103    6.3245     0.028721     0.004233     2.553969   -13.700171
 104    6.3519     0.002638     0.002336   -12.731504   -10.960143
 105    6.3658     0.002967     0.016631    -2.779697    -9.295136
 106    6.3795     0.005031     0.024785   -17.291543    -6.355992
 107    6.3898     0.003570     0.003185   -42.267914   -13.680976
 108    6.3959     0.000363     0.000666    -1.173353    -1.649152
 109    6.3982     0.002848     0.007770    -0.675038     2.353722
 110    6.4140     0.003184     0.002955     2.418317     3.576766
 111    6.4314     0.014357     0.006996    12.353966    15.338830
 112    6.4452     0.000330     0.003279     2.285804    -7.604058
 113    6.4467     0.020726     0.008590    29.774360    25.382409
 114    6.4575     0.168255     0.063878   -92.969884   -44.386974
 115    6.4787     0.026102     0.009378    18.955726    -1.899180
 116    6.4893     0.087435     0.031486    48.819566    29.116668
 117    6.5002     0.042010     0.011972   -24.281684   -41.009058
 118    6.5069     0.030685     0.017175    63.775067    51.065561
 119    6.5173     0.020282     0.014999    44.453059    49.121371
 120    6.5175     0.012325     0.012025    -4.773905   -11.087353
 121    6.5274     0.010262     0.006188   -11.265610    -7.137574
 122    6.5313     0.011018     0.003982     7.922048     5.174742
 123    6.5379     0.122748     0.040408    11.082242    -2.697597
 124    6.5673     0.004438     0.006430   -12.648703   -18.031668
 125    6.5742     0.000774     0.000925     1.999665     3.676638
 126    6.5895     0.001134     0.001816     5.014202     6.548323
 127    6.5906     0.000278     0.000511     0.274809    -0.180924
 128    6.6129     0.045683     0.018477   -33.971490    -6.360291
 129    6.6152     0.002403     0.000283     4.478028     2.096295
 130    6.6239     0.018621     0.006366    86.849245    59.342206
 131    6.6256     0.020276     0.002720   -16.908340   -36.008941
 132    6.6314     0.047606     0.020178   -57.566815   -37.027674
 133    6.6370     0.143207     0.041125    39.866276    -8.353890
 134    6.6482     0.053195     0.013772   -15.166072    -0.073553
 135    6.6517     0.028377     0.014174    82.897216    49.182603
 136    6.6647     0.014203     0.017970    32.067404    49.850889
 137    6.6744     0.070768     0.035291  -106.452193   -69.441812
 138    6.6766     0.003535     0.006795   -18.665757    -9.356635
 139    6.6899     0.050322     0.003841   122.940180    66.235045
 140    6.7015     0.015646     0.009521   -52.894395   -43.432273
 141    6.7156     0.011284     0.012865    18.206756    29.736938
 142    6.7235     0.008052     0.003672    -8.017186     2.044400
 143    6.7380     0.014252     0.005325   -74.326126   -60.524082
 144    6.7390     0.036108     0.028527  -128.386711   -44.000868
 145    6.7466     0.060581     0.030416   -71.037813   -71.673647
 146    6.7502     0.050052     0.038437   -17.381297   -40.822638
 147    6.7617     0.078213     0.046968    56.016256    46.505916
 148    6.7667     0.097936     0.057122    74.216100    91.582498
 149    6.7700     0.026875     0.040011    27.503483    -4.597542
 150    6.7712     0.001996     0.002544    -4.721302    12.258458
 151    6.7785     0.030763     0.014087   142.027213    63.367144
 152    6.7881     0.036866     0.015556    17.951902    11.383301
 153    6.7930     0.108750     0.059656    42.573785    65.844807
 154    6.8013     0.077281     0.032940    32.949898    22.402020
 155    6.8054     0.030935     0.020337   100.175355    72.760101
 156    6.8102     0.043127     0.020554  -101.560459   -75.833002
 157    6.8140     0.043037     0.037035   116.562801   -31.457683
 158    6.8147     0.013269     0.003228    33.393987    14.724724
 159    6.8334     0.015262     0.004884   -10.632794    -1.144808
 160    6.8370     0.101518     0.027725   -27.084367   -24.533389
 161    6.8398     0.048536     0.023239    84.788432    73.255262
 162    6.8495     0.050174     0.024963   -44.184177     7.859288
 163    6.8564     0.054151     0.016765   -57.972932   -51.982468
 164    6.8787     0.108854     0.043824   -87.390024    -0.366098
 165    6.8893     0.005479     0.010163   -27.064482   -41.143591
 166    6.8956     0.072133     0.020288  -104.936322   -50.861877
 167    6.9037     0.028981     0.018104   -71.574447   -50.685712
 168    6.9111     0.003941     0.006018   -26.013368    10.271212
 169    6.9193     0.130346     0.043801  -117.815954  -120.272957
 170    6.9262     0.099736     0.061030   182.442386   158.998213
 171    6.9426     0.005327     0.004426   -22.539667    -7.548130
 172    6.9438     0.219259     0.107774   -98.808695   -88.230871
 173    6.9450     0.063994     0.048831   106.420253   135.826926
 174    6.9504     0.031348     0.013064   107.974278    96.378352
 175    6.9536     0.007163     0.002003     2.346280    -1.047769
 176    6.9623     0.105723     0.045865   -31.385283   -41.475765
 177    6.9641     0.420050     0.140708   -58.817462   -72.573408
 178    6.9686     0.153799     0.058096    -7.520768    -8.511466
 179    6.9739     0.025178     0.009497     7.400602     4.247703
 180    6.9864     0.101635     0.020254  -148.868974   -33.303024
 181    6.9905     0.006378     0.001957    -4.279617     1.882117
 182    6.9955     0.083727     0.025500    70.231632    40.807226
 183    7.0022     0.091335     0.036864    18.541142    13.309533
 184    7.0069     0.151350     0.058093  -187.224541  -101.349122
 185    7.0129     0.163303     0.050268  -230.709847  -194.945225
 186    7.0199     0.105002     0.044104    25.323360    -9.953896
 187    7.0258     0.094896     0.038117   -68.922445   -55.952205
 188    7.0334     0.005176     0.004738    22.488585    22.599163
 189    7.0420     0.007923     0.075630   -10.923441   -20.196051
 190    7.0434     0.110337     0.046503  -128.310522    48.354871
 191    7.0472     0.008327     0.025266    42.661609    -1.173144
 192    7.0491     0.097593     0.025430   108.041162    97.725413
 193    7.0622     0.006868     0.005605   -24.515113   -22.263028
 194    7.0778     0.012414     0.012499   -25.593199   -70.476361
 195    7.0832     0.074563     0.015917   180.462136    12.398748
 196    7.0998     0.011922     0.006793    12.259540    13.306812
 197    7.1047     0.049094     0.022120   -42.795310   -22.924061
 198    7.1098     0.013699     0.007286    14.209490    11.695460
 199    7.1169     0.001159     0.003037    10.212806    16.550953
 200    7.1216     0.099464     0.033351   -15.342090     5.274097
 201    7.1244     0.040080     0.011956    43.601150    28.011073
 202    7.1268     0.134468     0.045974   177.602922   137.940577
 203    7.1346     0.000442     0.001112     3.962148    -0.656177
 204    7.1428     0.078589     0.028353   -35.683037   -21.089238
 205    7.1439     0.038754     0.011714    69.940566    42.758530
 206    7.1485     0.091245     0.020900  -169.006786  -102.921432
 207    7.1619     0.205260     0.051290   -14.358391   -10.776096
 208    7.1630     0.013277     0.003732    11.112596   -42.120033
 209    7.1753     0.170977     0.086419    86.757949    42.096331
 210    7.1781     0.017353     0.006702   -11.344921    -7.357227
 211    7.1853     0.017987     0.024905     2.880386    12.447714
 212    7.1892     0.008795     0.002331    19.867668    13.755969
 213    7.1910     0.016644     0.005949    59.104745    38.780127
 214    7.1928     0.016206     0.023356    -2.212245     0.069366
 215    7.2058     0.010687     0.004779    18.847044    22.328888
 216    7.2087     0.283667     0.075653  -103.920712   -63.811039
 217    7.2180     0.021285     0.008530     1.444752     0.122811
 218    7.2225     0.033562     0.012863   -68.956022   -42.181116
 219    7.2243     0.006454     0.009319    -5.438290     2.247234
 220    7.2313     0.012288     0.008311     3.195026     0.609133
 221    7.2357     0.091449     0.046228    -8.518637     1.739446
 222    7.2398     0.000383     0.000091    -0.349395     0.174750
 223    7.2458     0.001600     0.000389     0.197611     3.652546
 224    7.2476     0.063575     0.021044     6.089210     1.351904
 225    7.2540     0.009567     0.001771    -1.721213     0.859494
 226    7.2548     0.048476     0.017189   -12.199102   -11.178231
 227    7.2639     0.024673     0.006874   -49.297326   -37.611653
 228    7.2682     0.011431     0.002899    22.409459    11.153828
 229    7.2752     0.047604     0.016467    44.629633    63.546856
 230    7.2967     0.083346     0.015057   108.541732    89.493045
 231    7.3037     0.146183     0.035572   -50.221386   -33.707890
 232    7.3069     0.190485     0.051898   220.581796   136.885439
 233    7.3111     0.111137     0.038471   104.327264    61.811759
 234    7.3149     0.013130     0.004863    31.672221    16.129370
 235    7.3196     0.030464     0.014842    -7.396692    -4.275973
 236    7.3273     0.172192     0.048145    89.311901    47.324269
 237    7.3289     0.023450     0.007113   -81.471488   -54.794112
 238    7.3393     0.011609     0.000544   -11.914044     6.587944
 239    7.3494     0.034378     0.019547     2.092054    -6.965010
 240    7.3513     0.086965     0.028192   -70.121234   -33.698531
 241    7.3581     0.257242     0.066849   -16.902609   -15.169367
 242    7.3590     0.029611     0.008853    26.297341    19.082548
 243    7.3626     0.183948     0.062556   159.323701    83.604339
 244    7.3657     0.006421     0.000782    -5.786715     3.774137
 245    7.3709     0.039150     0.017640    15.046876   -89.573757
 246    7.3744     0.081193     0.020101    12.939385     4.051809
 247    7.3796     0.122929     0.038890    44.579469    16.889332
 248    7.3808     0.130042     0.040200     5.431863    12.596176
 249    7.3872     0.028606     0.018470   -83.775045   -69.684995
 250    7.3924     0.013736     0.008447    68.525778   -10.566193
 251    7.3933     0.003651     0.004229    -8.697304   -14.732027
 252    7.3988     0.238286     0.086928    46.038944    79.047036
 253    7.4032     0.062692     0.024517    24.256656    23.326652
 254    7.4058     0.051888     0.013376   -25.101742   -16.669660
 255    7.4079     0.047233     0.012142   -37.073274   -23.369611
 256    7.4104     0.012279     0.004206   -41.254101   -29.897321
 257    7.4129     0.041472     0.014020    38.857269    45.404243
 258    7.4197     0.058256     0.021132   -24.238138   -21.134907
 259    7.4203     0.020509     0.005969   -64.308900   -41.941812
 260    7.4284     0.021053     0.007925   -47.818556     7.356390
 261    7.4300     0.007845     0.002884    14.869847     6.462871
 262    7.4359     0.174614     0.027814   158.391975    55.684654
 263    7.4409     0.014369     0.006883   -47.269706   -52.264357
 264    7.4421     0.055875     0.027862     1.816599     4.315920
 265    7.4458     0.012616     0.013837    32.950716    73.181999
 266    7.4528     0.004946     0.000407     5.156078    -2.155028
 267    7.4543     0.022536     0.004106    -5.926291     8.728021
 268    7.4589     0.059850     0.033334   113.751261   115.370114
 269    7.4638     0.010047     0.001962     3.444720    -2.658061
 270    7.4667     0.111647     0.027940   -75.631106   -27.537009
 271    7.4720     0.027387     0.014386   -13.176435   -10.137180
 272    7.4756     0.006038     0.017099    10.879224    15.716938
 273    7.4781     0.024053     0.023003   -51.310902   -12.997378
 274    7.4785     0.020221     0.025866   -36.797430   -56.076590
 275    7.4826     0.060978     0.011223   -32.935216   -24.966316
 276    7.4894     0.150024     0.041676    30.185884    24.601971
 277    7.4934     0.065465     0.018327   -14.595194   -34.323873
 278    7.4988     0.174710     0.062466    55.716917    35.880563
 279    7.5024     0.072215     0.027199     8.271527     7.119723
 280    7.5061     0.057975     0.014881   -47.591856   -31.840629
 281    7.5089     0.097109     0.029901    -3.498454    -4.704468
 282    7.5139     0.025597     0.013026   -17.018551   -11.986101
 283    7.5139     0.048108     0.008323   119.128833    62.845033
 284    7.5219     0.094844     0.011880   -84.840814   -67.224663
 285    7.5272     0.030755     0.006185   -86.768141   -45.756080
 286    7.5301     0.014996     0.005288    34.446484    25.332180
 287    7.5362     0.028187     0.015093    49.223583    36.169270
 288    7.5375     0.023956     0.014631   -33.547565   -41.266616
 289    7.5390     0.057327     0.011971   -53.785684   -58.744698
 290    7.5405     0.007134     0.000701     5.887293     1.566657
 291    7.5452     0.042559     0.006894   -41.950160   -23.268589
 292    7.5501     0.011528     0.006007    20.519210    -0.467209
 293    7.5557     0.066211     0.025620   -23.982078    20.233584
 294    7.5591     0.123146     0.036106    73.713972    28.405652
 295    7.5639     0.069792     0.019572   284.955117   177.859588
 296    7.5652     0.019700     0.004291   -15.463843   -11.719537
 297    7.5669     0.058802     0.018195    12.865986     6.922910
 298    7.5713     0.021904     0.003104   -76.181343    -5.411001
 299    7.5751     0.066051     0.030895  -143.715058  -110.164641
 300    7.5782     0.018789     0.005489   -41.392829   -30.051460
 301    7.5800     0.040479     0.011557     2.688997     0.986109
 302    7.5820     0.025325     0.006940   -18.597000   -19.896934
 303    7.5843     0.007948     0.002905     5.088251     0.893735
 304    7.5860     0.041713     0.009820     9.092463     2.370364
 305    7.5892     0.077010     0.024447     7.257783     8.222109
 306    7.5949     0.010917     0.004034   -22.180532   -16.033397
 307    7.5985     0.012767     0.004907   -17.943951    -8.000729
 308    7.6016     0.007666     0.001322    -5.468407    -8.531151
 309    7.6032     0.024373     0.006685     1.178256     1.628913
 310    7.6054     0.014918     0.002530   -73.214911   -43.001766
 311    7.6122     0.034213     0.012120   -44.914451   -43.823386
 312    7.6124     0.048154     0.015208  -125.154937   -91.376863
 313    7.6151     0.009186     0.001725    13.474238    -2.203149
 314    7.6191     0.020901     0.005200   -28.450158   -38.444728
 315    7.6221     0.007389     0.002033   -18.987828    -4.494075
 316    7.6257     0.008460     0.002054    17.531506     7.793159
 317    7.6325     0.056856     0.015551    -3.042200   -12.329889
 318    7.6353     0.019104     0.008665     5.868923     9.214569
 319    7.6391     0.025854     0.010080    12.129720    15.088381
 320    7.6450     0.006031     0.002104    21.151450    18.359432
 321    7.6505     0.035855     0.008611   -14.081629   -13.325940
 322    7.6522     0.014462     0.002732    -5.524081    -3.225825
 323    7.6557     0.040855     0.012741    39.696972    31.336972
 324    7.6584     0.104691     0.034352   -13.322605     3.352131
 325    7.6633     0.044320     0.010347   -18.884895   -18.853208
 326    7.6683     0.031434     0.006357  -112.722842   -38.392157
 327    7.6706     0.068144     0.013331   -66.839963   -44.941798
 328    7.6745     0.015733     0.004071   -27.002568   -13.309012
 329    7.6754     0.022241     0.007429    22.691333    16.020051
 330    7.6769     0.086035     0.018793    16.293080    16.868987
 331    7.6797     0.027884     0.005933     1.192535     0.763335
 332    7.6849     0.064352     0.013756    -2.802820     1.051224
 333    7.6881     0.009710     0.002598    11.955051     7.997753
 334    7.6928     0.031469     0.006153   -58.393645   -27.248979
 335    7.6944     0.011759     0.001552   -12.058372    -8.682902
 336    7.6975     0.039803     0.006916    55.690965    30.061010
 337    7.6997     0.022953     0.001291   -56.361959   -14.788180
 338    7.7041     0.025035     0.005130    -1.396561     5.324081
 339    7.7072     0.027594     0.007005    13.318231     6.532866
 340    7.7082     0.011115     0.004486    -9.982166     1.830929
 341    7.7112     0.008414     0.005772   -10.505407   -20.574651
 342    7.7149     0.027879     0.005170   -51.499603   -33.414079
 343    7.7151     0.018361     0.007690   -12.469125   -13.600619
 344    7.7181     0.046533     0.015316   -65.920617    51.851216
 345    7.7211     0.013366     0.003410     1.116090     6.326569
 346    7.7216     0.027666     0.015138    -7.949706    -8.018226
 347    7.7280     0.059567     0.024815    32.252780    25.192431
 348    7.7292     0.004644     0.001353     1.624701    -5.564399
 349    7.7347     0.065130     0.017790   -17.123761   -18.815204
 350    7.7378     0.056111     0.014421    84.687885    64.775954
 351    7.7423     0.017379     0.000968   -37.899307   -12.124212
 352    7.7448     0.017589     0.002123    15.731871     7.700001
 353    7.7449     0.095054     0.033959   126.884338    94.686423
 354    7.7485     0.027718     0.009417     8.787457     7.695266
 355    7.7532     0.059472     0.012234   180.933972   103.990895
 356    7.7581     0.030909     0.007338    14.738324   -17.106274
 357    7.7599     0.036121     0.009068   -89.027686   -44.386747
 358    7.7629     0.023887     0.004475   -15.774770   -17.406053
 359    7.7674     0.071074     0.024450    15.808858    17.784289
 360    7.7719     0.029005     0.008790    42.558148    25.475396
 361    7.7759     0.036555     0.009701   -37.164547   -19.369615
 362    7.7776     0.047774     0.015540    23.789090    -0.774362
 363    7.7826     0.005721     0.001123    30.503679    20.468562
 364    7.7857     0.006684     0.002098    27.208841    14.386447
 365    7.7864     0.011014     0.002667    -1.690851     5.761728
 366    7.7916     0.046054     0.014984   -64.072727   -38.399966
 367    7.7924     0.009536     0.008867    20.251270    19.784440
 368    7.7967     0.037950     0.006914   -25.021229   -23.055800
 369    7.8012     0.031440     0.032135    33.542363    39.641463
 370    7.8026     0.005624     0.003425   -14.038956    -6.320130
 371    7.8067     0.008805     0.007541    39.620415    70.379602
 372    7.8090     0.126082     0.036312    49.961359    48.388028
 373    7.8107     0.003897     0.002167   -12.446536    -7.276454
 374    7.8152     0.004731     0.002380    15.810779    11.029033
 375    7.8196     0.069728     0.025403    59.941348    46.229677
 376    7.8218     0.033766     0.009002    54.756465    25.844982
 377    7.8260     0.052934     0.019085   -73.601055   -54.016581
 378    7.8312     0.014048     0.003134   -38.685452   -11.596449
 379    7.8330     0.105393     0.036590   -69.496656   -78.651766
 380    7.8357     0.046485     0.029078    62.381894    78.765754
 381    7.8378     0.042521     0.017265   -45.669871   -10.173920
 382    7.8448     0.001666     0.002834     0.874424   -13.518589
 383    7.8493     0.026787     0.007824     0.511903    -3.512830
 384    7.8522     0.057636     0.023946    23.668640    10.434399
 385    7.8559     0.096044     0.028862    -9.240515   -18.829471
 386    7.8583     0.016362     0.002136    -9.189660   -14.158078
 387    7.8632     0.026672     0.005717    34.006705    20.101251
 388    7.8662     0.031524     0.006675   -36.878445   -18.915384
 389    7.8667     0.002510     0.001843   -10.160513    -9.336912
 390    7.8711     0.020987     0.006987    14.584777    10.063543
 391    7.8715     0.058752     0.016588    31.336554    19.483305
 392    7.8772     0.016445     0.003920   -10.662000    -3.696608
 393    7.8796     0.059709     0.015256    20.086640    15.569546
 394    7.8868     0.094196     0.024387   -43.046966   -46.521480
 395    7.8888     0.011343     0.003853     6.382969     3.872438
 396    7.8900     0.044535     0.008951   -54.629527   -38.726337
 397    7.8950     0.073690     0.018661    96.842589    51.629343
 398    7.8960     0.034111     0.015586    61.192938    -5.680906
 399    7.9042     0.015323     0.006011    -5.823868    -2.086842
 400    7.9093     0.006890     0.002282   -67.655982    40.590030
 401    7.9127     0.355515     0.076111  -113.935739   -72.902572
 402    7.9189     0.014500     0.002750   -20.869093    -5.593802
 403    7.9197     0.193984     0.049791    88.345811    37.298103
 404    7.9285     0.046697     0.023555   -30.842310   -18.999293
 405    7.9366     0.011859     0.009903   -37.890656   -39.716386
 406    7.9382     0.008675     0.007040   -47.715829   -35.990383
 407    7.9426     0.019240     0.005784    36.075615     4.707754
 408    7.9461     0.095381     0.039338    -0.499226   -31.309252
 409    7.9496     0.075672     0.025643     1.964702     1.690317
 410    7.9543     0.007349     0.012999   -48.158943   -74.941247
 411    7.9575     0.020116     0.005987   -26.903653   -20.797854
 412    7.9608     0.104284     0.022245   -38.055697    14.999168
 413    7.9620     0.067483     0.018609    59.956564    29.724064
 414    7.9654     0.011135     0.048841   -40.976121  -146.053099
 415    7.9743     0.016265     0.004055    -0.245328   -14.013113
 416    7.9761     0.021849     0.005892    63.187144    44.034279
 417    7.9778     0.015460     0.013938    -7.826576    10.132420
 418    7.9820     0.052749     0.008697   -31.190695   -22.524658
 419    7.9840     0.047848     0.050316    69.006124   -20.513901
 420    7.9880     0.052202     0.025277    87.371216    76.516490
 421    7.9891     0.018898     0.027011    21.357495    15.050132
 422    7.9955     0.162418     0.045933    34.679680   -10.263775
 423    7.9957     0.084400     0.020970    14.532375     9.853736
 424    7.9998     0.050711     0.014278   -45.890640   -11.802170
 425    8.0060     0.041260     0.005377    28.761033    11.326006
 426    8.0096     0.069358     0.017190  -104.939522   -59.803550
 427    8.0109     0.021049     0.010817    86.525473     3.505112
 428    8.0123     0.017487     0.022957    29.103965    37.047330
 429    8.0168     0.046925     0.019886   -79.815413    -4.275122
 430    8.0183     0.004193     0.001851    -9.798587     8.177787
 431    8.0223     0.039728     0.024546    25.502585    57.310248
 432    8.0249     0.020707     0.011712   -37.498770   -24.240429
 433    8.0304     0.009287     0.003306   -23.711435   -18.367120
 434    8.0325     0.036391     0.040323   -24.324075   -16.843476
 435    8.0342     0.005969     0.014197    32.769362    30.174132
 436    8.0378     0.079455     0.021584   -51.677134   -31.208021
 437    8.0412     0.005410     0.005847   -14.649693    31.587840
 438    8.0476     0.238453     0.061847    49.003453    49.474410
 439    8.0493     0.015930     0.007495     6.224960     4.774727
 440    8.0514     0.030011     0.008695   135.926828   118.880828
 441    8.0538     0.043505     0.010111   -23.805148    -2.188737
 442    8.0568     0.153156     0.029691  -199.472282   -72.730070
 443    8.0607     0.008534     0.004959   -10.137931    -0.922851
 444    8.0620     0.062645     0.038541   -95.119548   -78.782240
 445    8.0655     0.000775     0.000273    -3.577601     2.770184
 446    8.0686     0.032601     0.002334    -5.104894     8.814849
 447    8.0715     0.050786     0.015651    31.580711    17.814522
 448    8.0816     0.009493     0.027114   -46.626483   -21.769544
 449    8.0862     0.033274     0.020241   -21.349916   -21.496555
 450    8.0897     0.093914     0.041824   -16.354171   -17.329318
 451    8.0911     0.067248     0.046685  -129.961725   -93.252364
 452    8.0928     0.118438     0.069380   -78.116623   -29.549434
 453    8.0949     0.019650     0.001717    26.313645     9.626646
 454    8.1011     0.042577     0.011459   -17.627378   -15.639543
 455    8.1047     0.008372     0.002290    30.798237    11.238434
 456    8.1110     0.001640     0.004732    -1.330485     0.831805
 457    8.1120     0.098325     0.025137   -24.845695   -27.304858
 458    8.1147     0.067173     0.011914     9.724472     2.934872
 459    8.1173     0.003266     0.006726     3.941406    -8.437844
 460    8.1215     0.025421     0.010827    11.410533     8.625231
 461    8.1243     0.047153     0.010589    70.714524    53.236512
 462    8.1256     0.010698     0.003291    30.316562    27.302022
 463    8.1266     0.029934     0.009937    11.748812     8.806648
 464    8.1317     0.063254     0.014635    58.037918    29.772056
 465    8.1338     0.082138     0.009489   -75.383209   -38.090257
 466    8.1349     0.025422     0.011558   -15.095577   -22.126899
 467    8.1396     0.037865     0.005060   -15.444136    -8.642991
 468    8.1412     0.009246     0.004723   -20.663101   -25.803350
 469    8.1423     0.011788     0.006206    31.662194    24.103628
 470    8.1460     0.016515     0.003184    19.307796    12.778421
 471    8.1488     0.007962     0.004445    -9.515491   -11.910841
 472    8.1521     0.047496     0.009790   -27.463256   -30.393594
 473    8.1569     0.010480     0.010781   -19.069194     0.794990
 474    8.1596     0.027969     0.011016   -44.323923   -53.659008
 475    8.1617     0.020981     0.014149    -5.600006    -0.953399
 476    8.1662     0.009128     0.006160    21.563625    18.854309
 477    8.1680     0.004051     0.006689     3.412771    19.426538
 478    8.1738     0.075817     0.019919    46.692020    47.871352
 479    8.1750     0.033192     0.008232    29.151072     0.984554
 480    8.1765     0.011341     0.010820    -5.313706    -6.222172
 481    8.1816     0.021124     0.010513    29.767682    17.903765
 482    8.1840     0.007057     0.001147   -32.488458   -18.090056
 483    8.1876     0.071304     0.023194    71.435633    80.122374
 484    8.1893     0.079066     0.061367   -61.803102   -91.812692
 485    8.1897     0.026655     0.005120     5.604297    -6.029707
 486    8.1931     0.007474     0.009336    16.393979    28.627041
 487    8.1943     0.010517     0.028004    20.652104    19.813739
 488    8.1965     0.034265     0.020979     0.031328     4.535801
 489    8.1992     0.044878     0.024064    24.472551    -3.539183
 490    8.2021     0.029717     0.010631    43.230107    34.767135
 491    8.2050     0.070518     0.056540    33.483105    13.049742
 492    8.2067     0.008087     0.001798   -17.880061     2.082873
 493    8.2088     0.087379     0.043522   -84.333765   -81.510509
 494    8.2135     0.004465     0.000412    14.178431    -2.483466
 495    8.2153     0.039932     0.016537   107.272385    82.749521
 496    8.2182     0.001581     0.001189    -8.265670    10.258652
 497    8.2204     0.031349     0.009154   -27.823904   -15.566912
 498    8.2231     0.075232     0.039436    -2.234704    16.768186
 499    8.2247     0.009076     0.007600    26.681736    29.670582
 500    8.2252     0.003115     0.002300    -1.281809    -1.275776
 501    8.2272     0.012799     0.006937     9.617082    10.184772
 502    8.2323     0.048799     0.020367    -2.914270   -25.616865
 503    8.2345     0.036215     0.010875   -20.196659    -3.699311
 504    8.2381     0.177511     0.047149   -77.917787    -3.117234
 505    8.2402     0.009615     0.005137    -9.931800     7.949292
 506    8.2434     0.023847     0.006842    -7.120162    -5.704116
 507    8.2440     0.016352     0.002322     1.717085   -15.169753
 508    8.2449     0.011216     0.006110    -3.249450    10.017114
 509    8.2473     0.136309     0.015255    27.124500    19.179440
 510    8.2506     0.034986     0.016946   100.874193    84.507576
 511    8.2530     0.025931     0.004720    10.482185     6.256953
 512    8.2535     0.004741     0.000067    26.084903     0.340924
 513    8.2574     0.067019     0.026723    59.394369    66.958923
 514    8.2579     0.006493     0.004962    24.833634   -15.528554
 515    8.2613     0.036484     0.013834   -11.133435   -37.551430
 516    8.2637     0.031850     0.017217    -1.139816    -8.515487
 517    8.2701     0.006574     0.000150   -11.262203    -1.134301
 518    8.2713     0.006998     0.005435    -8.225007   -15.052794
 519    8.2734     0.031754     0.017641    -2.727158     1.738634
 520    8.2781     0.025848     0.005074    69.945998   -26.747085
 521    8.2811     0.037789     0.004193    54.894420    15.430417
 522    8.2816     0.155913     0.036812    75.450062    42.292737
 523    8.2855     0.034432     0.001835   -47.227028   -20.575667
 524    8.2859     0.002364     0.005025    17.823732    15.600935
 525    8.2886     0.055628     0.021315    39.354251    26.234293
 526    8.2907     0.063291     0.031166    23.601840    15.758681
 527    8.2914     0.028717     0.015215   -15.602874   -23.417917
 528    8.2982     0.038645     0.002899    13.536784    -1.015852
 529    8.2985     0.003860     0.006083    12.171551    -9.219095
 530    8.3001     0.003868     0.005887    20.857280   -20.947750
 531    8.3015     0.013217     0.002183   -30.142959   -23.353169
 532    8.3061     0.046912     0.024124   -30.179090   -72.357911
 533    8.3078     0.033292     0.010137    41.051544    21.275209
 534    8.3103     0.018250     0.015805    45.954536    32.073336
 535    8.3144     0.032399     0.019333    -3.730433     1.153743
 536    8.3170     0.108546     0.039563    15.380748    16.203161
 537    8.3211     0.045646     0.023385    45.137518    39.581831
 538    8.3219     0.002411     0.002120   -16.067727     2.177007
 539    8.3237     0.008449     0.005036    17.016701   -11.741435
 540    8.3301     0.024270     0.022979   -23.791126     2.001278
 541    8.3321     0.017366     0.016186   -33.986116   -37.644504
 542    8.3331     0.011309     0.021171    60.908900   109.639926
 543    8.3365     0.061764     0.014767   -31.455477   -29.027412
 544    8.3379     0.040552     0.007872   -41.829131   -19.845507
 545    8.3422     0.050571     0.024462   -28.033252   -39.577240
 546    8.3432     0.073497     0.034899    56.801093    43.968165
 547    8.3444     0.076416     0.044373   -57.459232   -33.663068
 548    8.3499     0.041248     0.013482   -14.075461     9.647813
 549    8.3511     0.006629     0.007351    21.004847    16.518705
 550    8.3540     0.007914     0.005702    17.783637    15.925489
 551    8.3565     0.035007     0.009559    13.240104     3.045336
 552    8.3578     0.054523     0.018151    -2.493937    11.545920
 553    8.3616     0.027983     0.004728    20.439980   -12.585258
 554    8.3626     0.006802     0.000751   -24.465619     0.907349
 555    8.3652     0.011511     0.010668    17.165488    28.305621
 556    8.3676     0.015821     0.011697    18.584834    13.700376
 557    8.3686     0.016004     0.018501   -28.773516   -40.721751
 558    8.3694     0.018153     0.015029     3.279720    27.269795
 559    8.3732     0.035928     0.028111    47.154784    52.088584
 560    8.3771     0.023054     0.011222   -76.540501   -62.487641
 561    8.3810     0.008181     0.002417    -7.710894   -19.981628
 562    8.3815     0.049803     0.018916    -3.352021    -3.310238
 563    8.3823     0.009124     0.009127    -8.636536   -11.684350
 564    8.3846     0.018834     0.004573    28.633479    15.454464
 565    8.3886     0.047075     0.017931     3.515511     9.577480
 566    8.3903     0.006005     0.000922   -12.800903    -5.447482
 567    8.3967     0.058782     0.027793    43.498722    46.772494
 568    8.3995     0.021153     0.014163    18.170158    -3.496144
 569    8.4012     0.039842     0.017631    -1.481911    14.092282
 570    8.4038     0.031931     0.015637   -89.119094   -80.882671
 571    8.4070     0.043625     0.029087    34.329597    36.355142
 572    8.4090     0.022233     0.013893   -14.712114    -6.313105
 573    8.4096     0.021679     0.005036    60.831267    10.836727
 574    8.4117     0.021416     0.005944   -40.612293   -13.444042
 575    8.4123     0.094890     0.049450    -8.866217   -38.722160
 576    8.4168     0.020781     0.007098   -34.216384   -21.969914
 577    8.4190     0.026764     0.013691   -47.049842   -27.022133
 578    8.4199     0.128084     0.079495    -2.411800    -3.570029
 579    8.4213     0.008262     0.010759    34.191860    32.033914
 580    8.4246     0.135428     0.034160   -68.598391   -47.332889
 581    8.4268     0.021698     0.003914    26.158908   -16.821404
 582    8.4294     0.001874     0.000418    11.588797   -13.185355
 583    8.4322     0.007690     0.003536    -2.237922    -2.894761
 584    8.4341     0.032687     0.004180    -1.264017     6.259931
 585    8.4364     0.003956     0.001061    11.665426     6.190601
 586    8.4393     0.013123     0.004176   -17.594460    -4.402683
 587    8.4408     0.027710     0.008217     6.028790     2.319054
 588    8.4444     0.024773     0.019505    -3.566197     7.916578
 589    8.4454     0.022736     0.003523    27.583017    13.548100
 590    8.4459     0.005851     0.001271    -3.508088     7.695721
 591    8.4477     0.014036     0.001722     4.080145    -3.614134
 592    8.4498     0.003971     0.000895     0.892398     1.131852
 593    8.4511     0.005105     0.018080   -21.723495   -41.674747
 594    8.4546     0.006552     0.003440     1.099838     1.943903
 595    8.4566     0.033487     0.008514    23.843184     6.565880
 596    8.4584     0.037779     0.013407    -9.363083    -8.155797
 597    8.4620     0.030452     0.012413    14.679098    13.114467
 598    8.4634     0.017257     0.007361   -18.362879     4.493145
 599    8.4643     0.016828     0.003534    16.985664    24.780659
 600    8.4679     0.024097     0.020311    51.558866    33.311048
 601    8.4711     0.027396     0.021929   -36.350205   -24.248303
 602    8.4733     0.022147     0.019496    18.688493    24.252912
 603    8.4743     0.009600     0.006472   -21.901889   -31.853646
 604    8.4753     0.007016     0.006946     6.471283     3.840729
 605    8.4770     0.020137     0.010802   -12.633375    -4.348717
 606    8.4780     0.013367     0.005305    23.142554    29.190777
 607    8.4798     0.009949     0.013952   -21.389390   -40.049622
 608    8.4824     0.028592     0.020667   -34.019526   -31.658384
 609    8.4828     0.005182     0.006480    15.980795    15.164847
 610    8.4854     0.013586     0.019226   -21.771404   -35.306976
 611    8.4868     0.061296     0.031028   -27.848366   -23.167073
 612    8.4894     0.020599     0.005349   -60.806731   -35.657399
 613    8.4922     0.049228     0.018822    32.396481    23.955421
 614    8.4951     0.040482     0.014325    20.642171    14.446236
 615    8.4988     0.040822     0.025977   -11.749744    -7.051881
 616    8.4996     0.011102     0.002805   -35.193303   -23.723855
 617    8.5015     0.014960     0.009839     1.041152   -10.421053
 618    8.5027     0.011712     0.006832    19.298197     8.823908
 619    8.5045     0.024654     0.021150   -20.907576   -31.294627
 620    8.5064     0.014397     0.002506     5.627428     3.682372
 621    8.5098     0.006125     0.000762   -18.925493    -8.885826
 622    8.5105     0.007926     0.010912     4.390332    -4.201072
 623    8.5120     0.023731     0.003345    18.105425    10.533857
 624    8.5154     0.006323     0.006952     9.771510    11.426635
 625    8.5179     0.002272     0.002612    -6.343652     6.340022
 626    8.5200     0.011503     0.017918   -11.577911    -8.492951
 627    8.5219     0.015620     0.006638   -21.787915   -19.833560
 628    8.5244     0.036492     0.021030    16.092029     4.219810
 629    8.5261     0.049463     0.027439    19.061802    14.716741
 630    8.5275     0.041329     0.009106    -3.779139    -2.744529
 631    8.5295     0.034046     0.020880   -83.719249   -20.686598
 632    8.5308     0.003680     0.002254    -9.870617     0.195748
 633    8.5324     0.015938     0.010248    25.944916    12.178619
 634    8.5337     0.014579     0.014970   -22.806889    18.260594
 635    8.5357     0.018315     0.003053    -7.261777    -4.403630
 636    8.5381     0.010634     0.004261    13.499085     2.608093
 637    8.5414     0.025568     0.009728    -4.114685   -11.333460
 638    8.5440     0.025098     0.005589    27.260588    23.016418
 639    8.5446     0.015356     0.005784     6.364452    10.888874
 640    8.5463     0.007826     0.002450     0.217760    -1.217165
 641    8.5477     0.001109     0.000956    -4.124241    -1.207084
 642    8.5501     0.037668     0.016732    33.622847    36.214944
 643    8.5520     0.051322     0.022213    42.537368    34.842441
 644    8.5525     0.059597     0.022530    43.294351    33.913115
 645    8.5554     0.047823     0.018791   -63.992068   -70.048208
 646    8.5578     0.032794     0.023057     3.953915     8.651934
 647    8.5620     0.003883     0.004533    -6.871347    -8.712156
 648    8.5627     0.000797     0.002671     1.790387     3.733456
 649    8.5647     0.006156     0.002087    20.259646    22.279897
 650    8.5666     0.022830     0.011446    -1.568857    -5.997902
 651    8.5680     0.120475     0.034034   -66.032797   -44.471816
 652    8.5702     0.027757     0.010564     4.690132     5.512432
 653    8.5729     0.028844     0.012536   -10.575121    -8.016026
 654    8.5789     0.026137     0.012206   -37.238291   -25.605289
 655    8.5798     0.002494     0.003258     3.424865     3.875842
 656    8.5813     0.038441     0.006762    19.759925    -1.869179
 657    8.5819     0.005928     0.003739    -2.220116     7.929742
 658    8.5825     0.003515     0.002153    11.556196     5.595880
 659    8.5855     0.009887     0.002201   -17.565064    -3.606330
 660    8.5899     0.017636     0.004551    -2.874438    -5.721230
 661    8.5920     0.067665     0.022400   -21.289550    -3.154166
 662    8.5941     0.018207     0.005284    -0.802147     5.514057
 663    8.5960     0.009904     0.005193    13.327613    13.897523
 664    8.5967     0.006867     0.006150    -3.907488    14.255878
 665    8.6012     0.015218     0.005752     0.499425     0.731529
 666    8.6017     0.003797     0.015855   -15.793331   -24.639870
 667    8.6045     0.011157     0.011557     5.972230    10.566313
 668    8.6090     0.020720     0.004147   -12.214786   -10.210561
 669    8.6140     0.005341     0.002226     6.125732     4.306917
 670    8.6153     0.020127     0.008649    21.859672    10.744884
 671    8.6168     0.007041     0.002676    -0.086209    -8.555223
 672    8.6184     0.005757     0.002243     5.318992     6.751986
 673    8.6193     0.032215     0.012759    30.708888    23.651352
 674    8.6220     0.029012     0.006256   -41.053030   -15.375027
 675    8.6240     0.018903     0.006790    -4.820070    -5.814193
 676    8.6253     0.008947     0.007925    -9.667204    -9.657690
 677    8.6270     0.013048     0.002447     1.393075    -0.988136
 678    8.6286     0.006811     0.002655     7.888782    16.853096
 679    8.6312     0.033293     0.012889     0.264093     0.112522
 680    8.6341     0.032970     0.011959   -27.499686   -28.526984
 681    8.6350     0.004477     0.003259     8.479699     1.757028
 682    8.6384     0.014148     0.003330    53.844496    33.606104
 683    8.6398     0.013319     0.004001    12.866909   -14.498106
 684    8.6413     0.011282     0.002413    38.311690    24.738572
 685    8.6456     0.018979     0.003911    17.356587     5.774717
 686    8.6475     0.011979     0.002206    -6.885347    -0.783549
 687    8.6497     0.003834     0.002186     9.069662    14.871171
 688    8.6523     0.020019     0.005138     7.489085    10.245153
 689    8.6535     0.006239     0.003943   -11.263613   -10.401220
 690    8.6546     0.006650     0.002514   -14.181528    -9.445378
 691    8.6569     0.016821     0.005293    -7.318590    -9.157764
 692    8.6579     0.016192     0.014215    -8.595826    -2.703306
 693    8.6598     0.029889     0.009684    -8.504599    -5.864574
 694    8.6614     0.023730     0.006315     3.064346    17.362661
 695    8.6633     0.016917     0.006700     5.989297    -0.943217
 696    8.6644     0.003223     0.002485     0.818630     1.571749
 697    8.6662     0.017874     0.006324    26.501191    13.820380
 698    8.6672     0.037703     0.014116    22.423307     7.360499
 699    8.6701     0.009547     0.004419     2.698167     1.062645
 700    8.6714     0.012795     0.002485   -27.558945   -11.953977
 701    8.6729     0.017933     0.008468    -2.184585    -6.981646
 702    8.6740     0.001345     0.001123     1.236423     6.792830
 703    8.6763     0.009026     0.002226   -15.677839    -8.382682
 704    8.6790     0.016370     0.004945   -21.665607   -15.732704
 705    8.6814     0.038649     0.009516   -24.370536   -12.679837
 706    8.6824     0.001564     0.003292    -4.284425     0.731985
 707    8.6830     0.002618     0.000358    -3.378956    -2.046567
 708    8.6850     0.005155     0.001299     3.990915     1.090061
 709    8.6874     0.003289     0.002813     7.459398     6.642959
 710    8.6891     0.004270     0.001483    16.279678     9.388411
 711    8.6905     0.011865     0.004492   -12.917441    -5.720257
 712    8.6916     0.001367     0.001921    -3.960577    -5.852063
 713    8.6932     0.038802     0.015944   -19.403653    -7.346999
 714    8.6949     0.003423     0.001532     8.691970     7.892146
 715    8.6978     0.008298     0.002532   -10.485123    -4.190179
 716    8.6983     0.013403     0.004153    -5.761726   -11.721267
 717    8.6995     0.008610     0.004440     5.101791     5.627878
 718    8.7015     0.001298     0.000924    -0.598858    -5.496539
 719    8.7025     0.003266     0.002241     0.883480     2.894608
 720    8.7055     0.010780     0.007902     9.128137    13.798801
 721    8.7083     0.004975     0.005487    16.854183    23.778114
 722    8.7096     0.016850     0.005084    -7.139615    -3.412275
 723    8.7122     0.020096     0.004733    34.366576    16.661447
 724    8.7134     0.021647     0.014128    28.161239    17.635073
 725    8.7158     0.003424     0.002620     6.310535     5.807669
 726    8.7181     0.007055     0.002379     2.537206    -0.798666
 727    8.7191     0.000917     0.000659     3.035430     5.440419
 728    8.7206     0.038676     0.014831    17.130250    10.934470
 729    8.7229     0.017461     0.006275   -22.091854   -12.871320
 730    8.7237     0.007280     0.002629    -4.339965    -1.239277
 731    8.7273     0.003518     0.001231    -3.986006    -1.421403
 732    8.7302     0.007308     0.000889    -7.552581    -2.070096
 733    8.7317     0.079705     0.011543    93.336151    40.711188
 734    8.7345     0.040479     0.013050   -51.204379   -28.906134
 735    8.7354     0.006894     0.003539     8.055249     6.883962
 736    8.7373     0.017498     0.007052    -9.385854   -26.729050
 737    8.7402     0.006346     0.003049   -13.963614    -2.202682
 738    8.7410     0.017798     0.004845     2.363577     2.831156
 739    8.7416     0.009347     0.007928     4.475824    -1.940478
 740    8.7445     0.007392     0.012951    12.912797    10.762604
 741    8.7473     0.011054     0.001885    -7.876999    -2.333968
 742    8.7487     0.007263     0.003968    11.269013     0.359021
 743    8.7493     0.025460     0.013864    -9.837591   -11.509095
 744    8.7525     0.009382     0.003736     7.993206    -9.845705
 745    8.7554     0.005702     0.005750    -4.726659     1.559157
 746    8.7571     0.018357     0.011351   -10.638380    -9.669717
 747    8.7595     0.020221     0.016411     8.976092    17.487554
 748    8.7612     0.018617     0.010238   -16.432706   -27.083204
 749    8.7643     0.007935     0.006018     4.928896     8.629980
 750    8.7667     0.021264     0.009414    22.769606    18.555621
 751    8.7686     0.006962     0.002580    -0.133902    -3.001280
 752    8.7699     0.034705     0.011777   -66.861188   -44.940228
 753    8.7729     0.026037     0.007632     7.945726     2.514639
 754    8.7758     0.007400     0.003263   -14.094375     2.402024
 755    8.7790     0.006660     0.003416     3.444335    -1.431747
 756    8.7811     0.016930     0.003132     4.544240     2.304316
 757    8.7829     0.046593     0.008574    15.500234    15.576470
 758    8.7837     0.043567     0.012892    16.903485    14.823285
 759    8.7849     0.011368     0.008319     4.309613     5.203870
 760    8.7856     0.006166     0.002456    10.506936     8.936705
 761    8.7879     0.021888     0.007925    -6.647198    -6.275036
 762    8.7887     0.015820     0.003959    10.337153     5.029664
 763    8.7905     0.007649     0.006757    20.488334    17.918947
 764    8.7936     0.012527     0.002366   -51.611833   -15.513328
 765    8.7942     0.053344     0.009746    -1.238466     1.455322
 766    8.7953     0.001524     0.000841     3.757459     4.260807
 767    8.7980     0.004527     0.000715     2.304902     2.277982
 768    8.7989     0.006344     0.001402   -18.080190    -8.395322
 769    8.8004     0.006301     0.004395    14.153950    15.281522
 770    8.8031     0.005355     0.002466    -0.177034    -2.287780
 771    8.8070     0.018367     0.012883   -32.568546    -7.274321
 772    8.8076     0.006037     0.001654   -16.561577    -9.260330
 773    8.8092     0.015985     0.003018    25.808218     9.036016
 774    8.8113     0.012886     0.004172    -3.867744    -2.968093
 775    8.8116     0.012949     0.004012   -12.939756   -11.066562
 776    8.8143     0.024445     0.008260     5.455890    -0.786475
 777    8.8160     0.001052     0.001465    -0.532198    -6.475841
 778    8.8180     0.010327     0.004668   -10.309936   -10.021120
 779    8.8200     0.038034     0.009011    12.638689    14.680694
 780    8.8219     0.003223     0.001819    -6.206597    -5.090091
 781    8.8251     0.030487     0.009892   -20.799393    -7.540544
 782    8.8266     0.014346     0.001599    41.234560    13.275552
 783    8.8283     0.001192     0.003705    -4.575985     3.846830
 784    8.8298     0.038250     0.010713    -7.865978   -12.976336
 785    8.8328     0.004152     0.006510     0.035190     2.016052
 786    8.8338     0.004256     0.004158   -10.347899    -0.189907
 787    8.8362     0.005343     0.001529   -26.240204   -21.313309
 788    8.8371     0.008549     0.006289    -9.354873   -22.685871
 789    8.8394     0.011345     0.002211     1.443861     3.223231
 790    8.8403     0.012896     0.006747    12.654645     0.921215
 791    8.8412     0.001580     0.001268    -0.995211     0.632573
 792    8.8428     0.011420     0.003629    43.931009    24.922453
 793    8.8443     0.012079     0.008041   -18.905807    -6.438806
 794    8.8475     0.064686     0.023095   -20.371642   -22.854775
 795    8.8483     0.014948     0.003152    13.464501     9.100550
 796    8.8514     0.001738     0.003915    -8.265932   -11.185157
 797    8.8550     0.018938     0.006533    10.338277    -2.929004
 798    8.8561     0.007620     0.004740   -10.459073     2.726012
 799    8.8596     0.007058     0.003957   -10.624152     5.783274
 800    8.8605     0.020978     0.007268    28.367445     1.173695
 801    8.8643     0.007735     0.004460   -15.917967   -12.134950
 802    8.8656     0.010723     0.004407    18.645679    15.731170
 803    8.8677     0.035738     0.006224   -16.527543   -11.876975
 804    8.8680     0.013899     0.003820     8.345022     8.395176
 805    8.8716     0.029685     0.010055     0.206418    -6.334161
 806    8.8728     0.017127     0.002657     4.254798     4.193226
 807    8.8738     0.025966     0.010133    -1.505157     1.408823
 808    8.8766     0.009600     0.000742    25.443143     9.356972
 809    8.8777     0.014220     0.005171     0.239248    -0.997479
 810    8.8784     0.036814     0.010428    37.559314    20.919054
 811    8.8804     0.026803     0.011825   -16.556589   -27.018739
 812    8.8812     0.001797     0.000329     1.517997     2.089940
 813    8.8829     0.012448     0.003266   -25.650480   -18.591537
 814    8.8842     0.010419     0.002583     9.371673     1.524829
 815    8.8873     0.005393     0.000853    -6.168068     1.808864
 816    8.8899     0.027930     0.006538    25.358820     4.514604
 817    8.8914     0.002149     0.000334    -8.108845    -2.352984
 818    8.8951     0.043600     0.015583    -2.209183     4.159118
 819    8.8963     0.022540     0.006703    -8.442256    -5.395459
 820    8.8971     0.011344     0.007712     7.620005     7.732221
 821    8.8976     0.023336     0.007498   -17.988020   -11.509603
 822    8.8998     0.047285     0.013386    15.407332    16.031841
 823    8.9023     0.021581     0.009699    29.203202    29.672939
 824    8.9033     0.003833     0.001249     9.537901     7.124447
 825    8.9057     0.001810     0.001080     3.581766    -3.488559
 826    8.9064     0.009011     0.003385    -6.921616    -1.514145
 827    8.9082     0.006308     0.002179    -2.901766    -3.918401
 828    8.9100     0.002737     0.001635    -7.086681    -5.042165
 829    8.9119     0.028341     0.007213    27.608139    12.845468
 830    8.9151     0.007213     0.004372    -5.621103    -3.319307
 831    8.9161     0.035393     0.011160   -25.908208   -22.277338
 832    8.9188     0.009561     0.003150     0.937105     0.333331
 833    8.9204     0.013175     0.004526     5.726004     1.680893
 834    8.9213     0.008950     0.003102   -21.080113   -13.107482
 835    8.9219     0.018723     0.003971    15.646652     8.606270
 836    8.9252     0.007636     0.002664    -2.147889    -4.043754
 837    8.9277     0.009723     0.004457   -15.609934   -12.981959
 838    8.9284     0.002834     0.001107    -2.042798    -3.312537
 839    8.9313     0.014128     0.003927    -1.907314     5.654695
 840    8.9326     0.025116     0.007678   -11.254582    -3.944235
 841    8.9337     0.011811     0.006407    12.858390    12.999730
 842    8.9365     0.004679     0.004113   -15.200245   -25.169034
 843    8.9393     0.014843     0.003954    15.998247    10.409838
 844    8.9395     0.013167     0.007475     5.131187    -5.280195
 845    8.9420     0.039433     0.017205    -4.269534    -7.341748
 846    8.9432     0.002463     0.002766     1.880683    12.061590
 847    8.9440     0.020032     0.004861    24.098050     9.982076
 848    8.9466     0.009254     0.002679   -16.180701    -5.682108
 849    8.9482     0.004182     0.001933   -11.905391   -12.795194
 850    8.9493     0.007777     0.002556   -12.552436   -10.346668
 851    8.9510     0.008724     0.001827    16.120292    11.386537
 852    8.9537     0.001564     0.001172     5.396243    -1.315973
 853    8.9547     0.010059     0.004796     1.852096     4.691226
 854    8.9558     0.000107     0.001352     0.727401     4.489375
 855    8.9578     0.009717     0.003308     8.337902     1.902380
 856    8.9591     0.006762     0.003414     8.767954     9.230270
 857    8.9600     0.000495     0.001656     1.528132     2.624976
 858    8.9618     0.000996     0.000569     2.546274     2.675208
 859    8.9632     0.014233     0.010835    16.817718    24.851157
 860    8.9660     0.004624     0.002090     1.982953     3.208970
 861    8.9673     0.000727     0.001016   -11.675770    -5.181853
 862    8.9685     0.001222     0.000775    -0.177048     0.587220
 863    8.9713     0.006529     0.002612   -19.420346   -11.970650
 864    8.9724     0.018456     0.002319   -35.111868   -13.984623
 865    8.9752     0.019397     0.011399   -15.692908    -5.635180
 866    8.9769     0.010003     0.001996   -41.678386   -24.134104
 867    8.9813     0.023572     0.005471    13.276797     2.075095
 868    8.9821     0.009708     0.007308   -10.987946    -6.463650
 869    8.9842     0.008111     0.003236     4.688421    -2.799114
 870    8.9855     0.001589     0.000992   -19.486905   -20.491315
 871    8.9881     0.009457     0.006261   -25.868363   -24.853884
 872    8.9907     0.018226     0.006225     6.986579     4.495950
 873    8.9918     0.000203     0.000377     1.584850     0.577096
 874    8.9927     0.000475     0.000638     0.365338    -7.463315
 875    8.9940     0.007877     0.006728    14.397342    14.336529
 876    8.9976     0.001719     0.000761    -1.721037    -0.438726
 877    8.9987     0.005777     0.002081    11.649701     6.146335
 878    9.0006     0.007859     0.002138    19.130259    12.007835
 879    9.0024     0.012153     0.003306    16.982313     2.628911
 880    9.0041     0.001160     0.001050     4.681895     4.632369
 881    9.0075     0.004144     0.001045    -4.079564    -1.022892
 882    9.0093     0.002304     0.000786     4.751166    -4.253472
 883    9.0106     0.000710     0.000384    -1.080679    -1.204647
 884    9.0114     0.003735     0.000042     8.794460    -0.628289
 885    9.0135     0.000718     0.001056    -0.675697     5.363864
 886    9.0150     0.008628     0.001563   -22.406663   -11.890676
 887    9.0165     0.001518     0.000186    -7.994818    -0.058062
 888    9.0175     0.001091     0.000249     0.967046    -0.351527
 889    9.0181     0.000830     0.000180    -8.808882     1.460095
 890    9.0202     0.003238     0.000142     3.707084     0.959442
 891    9.0211     0.010765     0.002806    15.673498    13.268852
 892    9.0252     0.001191     0.000748    -0.460008    -0.211281
 893    9.0263     0.011012     0.002817    -0.762675    -4.509645
 894    9.0265     0.001559     0.000573    -4.504513    -3.532121
 895    9.0290     0.003759     0.001876     9.331563     8.712093
 896    9.0303     0.007546     0.003225    17.057307    16.162129
 897    9.0313     0.008032     0.000506   -23.662295    -7.700078
 898    9.0324     0.004950     0.002351     5.199015     1.736060
 899    9.0344     0.003646     0.001277    11.085956     8.693294
 900    9.0351     0.007780     0.001300    10.934949     5.733358
 901    9.0367     0.005215     0.001005    10.905978     3.145771
 902    9.0390     0.004210     0.003176     2.269144    -3.907691
 903    9.0398     0.004635     0.002247     5.983184     5.967781
 904    9.0406     0.012616     0.001720     3.379310    -2.438548
 905    9.0422     0.000139     0.000317     1.254011     2.368179
 906    9.0446     0.013170     0.005023     4.781844    12.880737
 907    9.0454     0.000935     0.001103    -4.423320    -1.777577
 908    9.0473     0.009852     0.005375    -2.448822    -4.030126
 909    9.0478     0.000019     0.000399     0.024749    -0.771880
 910    9.0507     0.005765     0.000797     5.894813     1.832053
 911    9.0523     0.022137     0.007433   -38.008329   -19.840117
 912    9.0538     0.006591     0.000956   -19.121120    -5.800340
 913    9.0547     0.015765     0.003929   -45.319813   -26.425626
 914    9.0579     0.001956     0.000668     7.088162    -0.475734
 915    9.0581     0.004457     0.000538     4.081036     5.857054
 916    9.0599     0.000339     0.000232     0.396636     1.791244
 917    9.0620     0.008458     0.001281     5.994573     3.011731
 918    9.0648     0.062995     0.012185    29.460859     5.133486
 919    9.0658     0.037969     0.007887    18.413170    17.143718
 920    9.0681     0.056986     0.014515    19.425516     9.069916
 921    9.0697     0.007434     0.002629   -21.349404   -15.710125
 922    9.0708     0.020394     0.005836   -13.238810   -10.069019
 923    9.0722     0.008882     0.001469   -14.308857    -8.346635
 924    9.0729     0.022487     0.010586   -23.458114   -23.408051
 925    9.0745     0.027209     0.007686    -2.216480    13.926788
 926    9.0759     0.001654     0.000127    -1.710241    -1.037453
 927    9.0780     0.005525     0.001523    -3.939800    -5.580683
 928    9.0794     0.017819     0.005592    -6.628971    -3.373356
 929    9.0810     0.024994     0.010685     0.944032    -2.643524
 930    9.0834     0.005622     0.002785   -13.198041    -8.651535
 931    9.0874     0.006431     0.001078   -24.368318   -10.099350
 932    9.0902     0.007148     0.001494    14.581740    15.751668
 933    9.0916     0.010017     0.002177     6.610457     1.630054
 934    9.0934     0.004713     0.002466    -4.550884   -25.234621
 935    9.0945     0.002869     0.001503   -12.951987    -8.302540
 936    9.0962     0.003140     0.000651    -6.035610    -4.625080
 937    9.0967     0.005044     0.002173    -1.083955     1.935636
 938    9.0980     0.001024     0.000239    -3.050209     3.978598
 939    9.1001     0.005999     0.001859    15.784331     4.119048
 940    9.1025     0.003951     0.003312    -0.722978     3.889216
 941    9.1030     0.008509     0.002637     9.296487     8.414300
 942    9.1059     0.001228     0.001598    -5.873143    -3.455143
 943    9.1064     0.003599     0.000896    -9.077280    -2.477425
 944    9.1094     0.007012     0.001522     0.871539     1.310987
 945    9.1107     0.021691     0.002539    13.899864     2.328052
 946    9.1118     0.031981     0.012127    27.988674    27.400193
 947    9.1154     0.018734     0.003480    27.387899    17.430694
 948    9.1168     0.010211     0.003860     4.388365    -5.473857
 949    9.1180     0.003716     0.000742    -6.185185    -2.136190
 950    9.1184     0.006228     0.002215    -9.689531    -7.721589
 951    9.1206     0.012103     0.005202    -8.200288    -6.564778
 952    9.1237     0.019088     0.005418   -42.836237   -34.974404
 953    9.1260     0.055586     0.013344     1.916300     6.157079
 954    9.1269     0.037712     0.007902   -33.760797   -19.347291
 955    9.1307     0.007438     0.003104    13.652223    14.504610
 956    9.1336     0.013145     0.003933     5.568638     7.912218
 957    9.1362     0.003388     0.003527     2.280821     5.328061
 958    9.1365     0.047884     0.008859   -29.420388   -22.371028
 959    9.1392     0.018124     0.005185     0.747467     4.838457
 960    9.1411     0.016788     0.014109    -3.870964    -7.206686
 961    9.1427     0.004669     0.003774    16.555012    17.398922
 962    9.1458     0.013904     0.004849    33.376632    29.440594
 963    9.1468     0.019233     0.001232    -3.199854    -3.536535
 964    9.1489     0.003295     0.001166    -4.669832    -3.129667
 965    9.1502     0.002640     0.000592    -9.145762    -5.153426
 966    9.1546     0.018400     0.003703    28.367463    17.819223
 967    9.1549     0.034394     0.009719   -55.275215   -35.646534
 968    9.1575     0.025773     0.005696   -15.184432     1.449018
 969    9.1587     0.100485     0.022090   -11.748838   -11.095702
 970    9.1611     0.052864     0.017715    61.842303    44.399744
 971    9.1627     0.019812     0.003845   -30.508561   -21.736383
 972    9.1650     0.010141     0.003984   -37.281671   -28.508437
 973    9.1667     0.012044     0.002495   -31.269096   -12.763369
 974    9.1692     0.016500     0.009288   -24.075567     4.523396
 975    9.1714     0.013655     0.004665   -40.928118   -21.576036
 976    9.1719     0.023996     0.007154   -22.674050   -16.945118
 977    9.1742     0.013581     0.007652    -3.338987     1.774427
 978    9.1781     0.018574     0.002367     2.875060    -0.236000
 979    9.1802     0.044021     0.008428     1.346349    -3.172769
 980    9.1822     0.005351     0.001176     7.450093     4.490596
 981    9.1848     0.008741     0.003151    17.637425    15.857518
 982    9.1873     0.007247     0.000970    40.432212    11.210005
 983    9.1887     0.031923     0.014135    25.999292    22.309625
 984    9.1904     0.005551     0.002691     7.637936     5.582441
 985    9.1913     0.006663     0.000901     7.546852     8.970180
 986    9.1936     0.053235     0.019354    30.254526    25.469477
 987    9.1945     0.041802     0.009990    74.588249    50.850812
 988    9.1960     0.036296     0.005828   -21.446767   -14.722144
 989    9.1990     0.011995     0.002999    -1.786073    -4.829964
 990    9.1996     0.038664     0.009061   -15.696470    -9.101853
 991    9.2049     0.067204     0.012913    20.218023    10.417587
 992    9.2071     0.003661     0.001121     0.833358     8.668877
 993    9.2087     0.002139     0.000524    -4.013600    -6.976248
 994    9.2101     0.018839     0.002465   -32.715273   -11.949055
 995    9.2118     0.040593     0.009774    36.965762    21.712899
 996    9.2135     0.002489     0.002149     6.573990    -3.359096
 997    9.2143     0.008254     0.002970    26.075795    20.303300
 998    9.2176     0.022060     0.007578    -3.896068    -3.673544
 999    9.2203     0.066738     0.017568     0.609658    -2.799742
1000    9.2219     0.000957     0.000622    -4.954282    -0.886391
1001    9.2240     0.004402     0.002184   -18.126174    -5.754653
1002    9.2246     0.040674     0.007635   -43.389017   -21.610476
1003    9.2282     0.007360     0.001532    -2.966290     0.307895
1004    9.2303     0.001725     0.004351     6.811945    12.161352
1005    9.2313     0.049216     0.016807    47.767563    34.538029
1006    9.2350     0.026287     0.005129    -0.147128    -0.320522
1007    9.2358     0.006398     0.005470     2.552041    -0.410490
1008    9.2380     0.009332     0.004355     8.227575    12.640274
1009    9.2390     0.005522     0.000896    -4.029250    -5.015346
1010    9.2424     0.010693     0.002258   -19.177614   -10.659878
1011    9.2435     0.008143     0.004371    16.383007    11.127742
1012    9.2472     0.013740     0.006579    -7.879540    -5.333223
1013    9.2494     0.015164     0.002945   -26.192564   -12.464620
1014    9.2498     0.008525     0.001058     6.028924    -9.042561
1015    9.2510     0.032051     0.015419    -3.383501    -2.780214
1016    9.2532     0.016054     0.007704    22.536646    11.725205
1017    9.2549     0.008540     0.001795    12.961930    -2.553745
1018    9.2566     0.001006     0.003161     3.288267    -5.519501
1019    9.2570     0.016865     0.004884     2.036158     0.564353
1020    9.2590     0.028164     0.008503   -59.470108   -50.843545
1021    9.2609     0.043423     0.017008    25.045714    17.656784
1022    9.2616     0.025366     0.010135    32.325185    24.388349
1023    9.2645     0.001964     0.002242    10.832837     7.570309
1024    9.2661     0.042403     0.010682     2.783234     0.580155
1025    9.2688     0.009864     0.007274    23.433001    20.578057
1026    9.2699     0.009846     0.003720    13.324049     3.219653
1027    9.2717     0.022233     0.001970   111.214219    40.471380
1028    9.2736     0.006236     0.002390    -6.018081    -4.269305
1029    9.2757     0.004108     0.000721   -12.422604    -4.870516
1030    9.2776     0.033937     0.009251     9.045759     4.435055
1031    9.2793     0.022429     0.005354   -28.409525   -22.528046
1032    9.2806     0.017796     0.003331     5.869349     0.652300
1033    9.2819     0.003807     0.001827    -7.679802    -8.038653
1034    9.2843     0.018564     0.002389   -11.675651    -8.493967
1035    9.2863     0.033415     0.011328    30.626232    19.989308
1036    9.2875     0.005321     0.001794   -20.312316   -16.084688
1037    9.2888     0.058713     0.013981   -25.503960   -15.200495
1038    9.2916     0.032090     0.009346    -5.026407   -10.195636
1039    9.2924     0.014271     0.003961   -21.388747   -15.474585
1040    9.2939     0.036045     0.020285    11.496018    42.315894
1041    9.2949     0.015765     0.002481   -21.537377    -9.279358
1042    9.2973     0.009979     0.003831    18.999619    13.168197
1043    9.2988     0.042084     0.010772   -65.172277   -42.013423
1044    9.3004     0.046907     0.017568     5.244088   -21.599486
1045    9.3034     0.007757     0.002756   -10.844019    -8.698789
1046    9.3041     0.032726     0.007238     8.933645     5.338188
1047    9.3067     0.051677     0.013922   -33.220854   -21.014175
1048    9.3086     0.038435     0.013192     6.683036     4.763130
1049    9.3108     0.011504     0.002033   -42.709343   -27.429764
1050    9.3131     0.017676     0.005124     0.401430    11.595509
1051    9.3150     0.095530     0.027935    66.171153    21.778363
1052    9.3169     0.024678     0.009745    14.194100    -3.143544
1053    9.3184     0.023238     0.013494    16.582516     6.925436
1054    9.3221     0.025364     0.011194     5.927292     4.450119
1055    9.3225     0.011824     0.003287    23.790594     6.731805
1056    9.3246     0.003791     0.001880   -12.020734     4.048011
1057    9.3260     0.001089     0.000166     3.188960     0.144271
1058    9.3288     0.002931     0.003136   -10.055180     2.788640
1059    9.3298     0.019305     0.002312     2.700665    -0.600960
1060    9.3312     0.026446     0.008791    -8.228028   -10.401098
1061    9.3330     0.007873     0.002885    -7.408852     2.184769
1062    9.3360     0.008605     0.005307   -13.959059    -8.509807
1063    9.3363     0.015550     0.008741   -17.361854   -16.423469
1064    9.3377     0.016125     0.011404    23.049954    21.264678
1065    9.3406     0.013473     0.003587   -20.373719   -12.558062
1066    9.3427     0.005669     0.001520    10.723649     7.636743
1067    9.3431     0.014367     0.003523     2.718011     0.932682
1068    9.3438     0.011515     0.007074    -0.265293    -5.762690
1069    9.3456     0.018901     0.006867     0.389436     5.605838
1070    9.3459     0.025297     0.007770    32.708920    26.559512
1071    9.3485     0.022991     0.007084     7.319099     5.158308
1072    9.3495     0.017395     0.004803     7.655004     9.243291
1073    9.3518     0.019475     0.006925   -25.261170   -16.275525
1074    9.3529     0.005810     0.000957     0.485979    -1.280672
1075    9.3554     0.006249     0.001425     1.036715    11.100957
1076    9.3580     0.011518     0.002548    15.578997     9.887412
1077    9.3586     0.008841     0.003029     1.829710     1.032574
1078    9.3609     0.000760     0.000353    -6.236866    -5.505652
1079    9.3617     0.006594     0.003016     6.449105     1.201595
1080    9.3632     0.022303     0.008544   -10.518233    -9.801563
1081    9.3672     0.017168     0.003529    -7.699015    -3.922619
1082    9.3679     0.051293     0.017273   -20.249199   -17.398965
1083    9.3714     0.032896     0.012324   -22.994364   -21.249703
1084    9.3751     0.006232     0.002648     5.335754     3.461804
1085    9.3767     0.001447     0.000906     0.846169     2.649961
1086    9.3773     0.008411     0.002172    -9.821209    -6.487504
1087    9.3810     0.006026     0.000969     5.925400     3.023139
1088    9.3821     0.002480     0.000277     8.345138     3.006766
1089    9.3861     0.009757     0.003263    16.848139    11.763267
1090    9.3869     0.003706     0.001532    -2.232160    -1.604487
1091    9.3894     0.002569     0.001370   -27.195173   -20.938513
1092    9.3907     0.035698     0.009737    -7.243215     0.145665
1093    9.3924     0.013190     0.004672    18.575570    10.450457
1094    9.3946     0.000415     0.000778     0.563180    -0.402976
1095    9.3962     0.001987     0.001564     1.946044     1.706187
1096    9.3976     0.018936     0.003313     8.148672     3.460555
1097    9.3993     0.002639     0.000032    -3.262774     0.322159
1098    9.4011     0.004693     0.001861   -13.298679    -6.663874
1099    9.4030     0.028718     0.012545    -8.130243    -2.397337
1100    9.4041     0.010119     0.004453    16.600071    14.104751
1101    9.4067     0.006533     0.002418    17.440885     3.526949
1102    9.4080     0.003645     0.001528     4.160987     1.538474
1103    9.4093     0.028524     0.012590   -20.311870   -14.939172
1104    9.4114     0.009814     0.004318   -12.562120    -4.149803
1105    9.4132     0.001132     0.000396    -6.968771    -3.490679
1106    9.4166     0.007994     0.004415    10.455054    16.818710
1107    9.4186     0.005229     0.002417   -10.580457     2.375910
1108    9.4201     0.003084     0.000970    -6.198410     0.274148
1109    9.4212     0.008692     0.001804    -0.510817    -8.316436
1110    9.4227     0.010998     0.004749    14.007022     5.338636
1111    9.4243     0.016904     0.007467    20.665758    17.804125
1112    9.4255     0.021863     0.007323     7.953088     6.017003
1113    9.4282     0.017397     0.004887   -10.519306    -4.208564
1114    9.4296     0.020373     0.009060   -12.095099   -15.100069
1115    9.4298     0.012479     0.006112     3.115026     2.214636
1116    9.4318     0.018247     0.008852     9.724697    -8.233688
1117    9.4329     0.054667     0.017859   -16.426990   -10.336961
1118    9.4347     0.011045     0.004215     4.104989    10.709763
1119    9.4367     0.041733     0.012541   -24.016825   -18.366397
1120    9.4369     0.015737     0.006912    17.621366    12.592757
1121    9.4392     0.008847     0.002786     0.142143    -3.451525
1122    9.4407     0.027757     0.009269    -4.646481    -7.258562
1123    9.4411     0.004889     0.003398   -12.959960   -13.666848
1124    9.4437     0.001696     0.000527    -6.142818    -4.054118
1125    9.4439     0.010031     0.002915   -16.709996    -9.529237
1126    9.4462     0.025925     0.009915    11.938244     6.597419
1127    9.4477     0.014444     0.005281     7.404543    13.254956
1128    9.4486     0.012513     0.002302    -1.460102     0.279635
1129    9.4499     0.002063     0.001227     4.377761     1.940346
1130    9.4511     0.020869     0.007495    -7.676345    -5.754015
1131    9.4534     0.012292     0.003515   -18.277699    -5.719352
1132    9.4544     0.015276     0.004875     6.699123     7.165026
1133    9.4556     0.020763     0.009015    22.844646    14.666135
1134    9.4569     0.007085     0.004359    11.557881     9.496811
1135    9.4598     0.026452     0.007535    -3.214229    -0.008620
1136    9.4613     0.004487     0.002338    -7.423028    -6.034479
1137    9.4659     0.024880     0.005785    -8.505612    -5.258830
1138    9.4681     0.002724     0.002629   -11.645937   -14.000068
1139    9.4688     0.018639     0.006283   -20.269381   -10.853459
1140    9.4710     0.022786     0.010855     0.356948     3.804636
1141    9.4723     0.006624     0.001692    11.454483     1.540933
1142    9.4743     0.004766     0.002017    -2.970587    -4.915069
1143    9.4786     0.007899     0.001960     1.291961     6.179791
1144    9.4802     0.031388     0.010346     2.002808    -3.660028
1145    9.4840     0.015538     0.003279     8.344324     2.539098
1146    9.4858     0.002940     0.000630     2.035473     0.734074
1147    9.4867     0.006010     0.003550     0.058069    -0.161735
1148    9.4882     0.004075     0.002522     5.587157     5.173448
1149    9.4886     0.013284     0.006756    24.766174    19.276447
1150    9.4910     0.031336     0.008989    39.890369    18.368527
1151    9.4935     0.004796     0.003961    12.105516    -2.740887
1152    9.4943     0.007646     0.001898    -5.800412    -4.313282
1153    9.4962     0.003679     0.000930    -1.357298    -2.592975
1154    9.4978     0.011198     0.005450   -23.826420   -18.192061
1155    9.4998     0.015332     0.007573     7.978889     7.236454
1156    9.5011     0.011820     0.005221    -3.859675    -0.577428
1157    9.5022     0.009372     0.002161    -8.929569    -6.622855
1158    9.5037     0.004661     0.000633     2.029695     1.328739
1159    9.5055     0.008944     0.003443     1.483040    -0.468994
1160    9.5064     0.009812     0.004134     6.475489    11.192293
1161    9.5074     0.000780     0.000134    -0.723386     0.076524
1162    9.5084     0.006879     0.003622    -4.568962    -5.101973
1163    9.5097     0.001094     0.001218     0.102746    -0.530988
1164    9.5119     0.005064     0.000618     8.796920     3.173738
1165    9.5137     0.009577     0.000493    -8.595032    -1.249147
1166    9.5146     0.004542     0.000811     2.067345    -4.091598
1167    9.5167     0.001158     0.000360     2.855529    -0.471213
1168    9.5188     0.008396     0.001316   -14.383448    -2.695169
1169    9.5198     0.007537     0.001218    20.042937     9.197529
1170    9.5227     0.002614     0.002574    -6.741784    -8.678845
1171    9.5236     0.015646     0.006702    -3.160123    -1.399843
1172    9.5265     0.007928     0.001981   -14.607313    -8.491309
1173    9.5272     0.002152     0.000952    12.256933     9.558561
1174    9.5299     0.002982     0.001643    -4.405288     2.338105
1175    9.5333     0.003271     0.003410    10.938975    20.154453
1176    9.5343     0.002143     0.004499   -12.129532    11.740555
1177    9.5352     0.014008     0.006162    12.132590    -0.490799
1178    9.5358     0.010630     0.003986    -8.620254   -10.747578
1179    9.5401     0.007220     0.002651   -10.807910    -9.995894
1180    9.5408     0.007588     0.002717     6.673630    -0.476469
1181    9.5422     0.001597     0.000323     2.633677     1.511386
1182    9.5444     0.028342     0.004475    43.884485    18.709352
1183    9.5461     0.004182     0.000618   -21.711971    -9.171737
1184    9.5508     0.020503     0.006837    -1.786808    -1.388277
1185    9.5525     0.014897     0.006863   -20.167555   -13.358141
1186    9.5532     0.003999     0.002396    -0.153943     4.167040
1187    9.5550     0.029292     0.016725   -12.801651   -14.230498
1188    9.5557     0.011431     0.002636     8.342367     3.965242
1189    9.5581     0.005011     0.002005    -6.580519    -1.805017
1190    9.5602     0.010855     0.003789   -24.882606   -14.741960
1191    9.5626     0.020163     0.008628   -12.129688    -7.973078
1192    9.5634     0.000955     0.001342     0.497463     0.950827
1193    9.5645     0.014296     0.003721    -1.075708     3.493078
1194    9.5667     0.002224     0.001294     2.072913     0.301769
1195    9.5695     0.002903     0.001484     4.595372     5.739971
1196    9.5726     0.009471     0.002744    -5.500028    -5.954631
1197    9.5757     0.005323     0.003019    -1.135281    -0.739979
1198    9.5776     0.002974     0.000262    -7.009520    -2.193572
1199    9.5791     0.003974     0.000455    -1.478775    -0.799240
1200    9.5807     0.016783     0.003191     1.056717     2.376517
1201    9.5847     0.003574     0.000342    -1.669496    -0.961473
1202    9.5850     0.009424     0.001093    -4.208919    -3.423716
1203    9.5886     0.007164     0.000186     3.008210     1.345429
1204    9.5903     0.000837     0.001574     1.151125     5.967834
1205    9.5909     0.008280     0.002365     9.112986     7.255862
1206    9.5935     0.011985     0.002095    23.474849    12.473759
1207    9.5974     0.007228     0.003447    -2.777269    -1.445927
1208    9.6003     0.002988     0.001337    11.003470    -4.395581
1209    9.6020     0.014793     0.002988   -20.451331   -13.220006
1210    9.6035     0.001983     0.000193    -6.358623    -0.856601
1211    9.6050     0.008345     0.001123    15.040301     8.870409
1212    9.6058     0.014528     0.004434   -14.327586    -2.502353
1213    9.6074     0.005211     0.001237    -5.922981    -3.373887
1214    9.6101     0.012421     0.003687     9.257781     3.167300
1215    9.6113     0.006951     0.002414     6.110683     3.916207
1216    9.6135     0.000406     0.001135    -0.714023    -3.136158
1217    9.6144     0.004541     0.003116     9.975088    15.854739
1218    9.6158     0.004511     0.003553    -4.383646    -5.488614
1219    9.6182     0.008212     0.005289     3.262024    -0.116055
1220    9.6208     0.006717     0.001224     0.693108     0.352320
1221    9.6216     0.016635     0.009222    17.449216    13.006352
1222    9.6245     0.007111     0.003342    18.260336    13.098241
1223    9.6263     0.009226     0.004399     6.247996     2.971346
1224    9.6275     0.006036     0.001270   -13.641593    -2.473953
1225    9.6293     0.004328     0.001762     3.527046     1.435880
1226    9.6314     0.004547     0.001894    -2.590042    -2.016898
1227    9.6322     0.007009     0.008049   -12.222409    -7.547542
1228    9.6338     0.000394     0.000093     2.854749    -0.949496
1229    9.6350     0.015140     0.005586    16.871103    13.939567
1230    9.6373     0.004585     0.002371    -0.128878    -0.804097
1231    9.6382     0.009886     0.004658    16.270302     8.971711
1232    9.6399     0.001960     0.000434     0.959407     2.483195
1233    9.6421     0.012378     0.004544    -4.511302    -4.683353
1234    9.6435     0.006253     0.003093   -15.203807   -12.162614
1235    9.6444     0.007358     0.003850    11.828487     5.981038
1236    9.6486     0.001607     0.000529    -3.651760    -2.549195
1237    9.6503     0.009440     0.004417    -1.548483    -3.498162
1238    9.6513     0.009508     0.003767    14.373264    10.355980
1239    9.6528     0.001026     0.000516     3.473215     5.327710
1240    9.6541     0.007363     0.002167     9.753610    -1.388284
1241    9.6578     0.017182     0.004303     9.782009    11.509133
1242    9.6579     0.015234     0.003202   -23.994579   -18.664245
1243    9.6634     0.004240     0.001514   -11.874936    -8.370308
1244    9.6642     0.009712     0.003020   -27.400331   -14.018720
1245    9.6654     0.008455     0.004069    -7.113247    -4.445132
1246    9.6674     0.001962     0.002558     0.048093     3.136065
1247    9.6706     0.003787     0.000346     3.415968    -3.305020
1248    9.6714     0.011573     0.003641    11.862481     4.899533
1249    9.6733     0.002646     0.000495    -7.926347    -4.957359
1250    9.6746     0.011397     0.003813    -6.259675    -9.227231
1251    9.6766     0.002669     0.000917    -4.586169    -4.193094
1252    9.6772     0.006000     0.003086   -15.221958   -11.679512
1253    9.6820     0.002245     0.000650    -0.623497    -0.307154
1254    9.6827     0.008876     0.002073     3.869026     0.644912
1255    9.6845     0.002743     0.002340    -2.434583    -3.325087
1256    9.6858     0.015228     0.005588   -12.494528    -6.650633
1257    9.6880     0.016435     0.006926    13.130743     7.999491
1258    9.6887     0.014802     0.004215     3.773141     4.648765
1259    9.6904     0.007204     0.003895   -10.181027    -2.873230
1260    9.6915     0.001574     0.000349     2.351367     0.580128
1261    9.6938     0.013515     0.004871   -26.274664   -17.833011
1262    9.6949     0.013633     0.002566    11.718252     7.491499
1263    9.6976     0.002228     0.000888    -1.959519    -1.593408
1264    9.6991     0.010613     0.006224    29.151986    21.829847
1265    9.6997     0.001436     0.000658     2.221496     1.994002
1266    9.7006     0.005614     0.002787     2.271132     1.717527
1267    9.7014     0.015905     0.005232    17.945926    13.189535
1268    9.7038     0.007989     0.003552     4.059707     5.477971
1269    9.7061     0.017537     0.003971     1.418913     1.733208
1270    9.7070     0.008132     0.002885    -6.815371    -5.718494
1271    9.7082     0.017221     0.006874    -7.093673    -9.181586
1272    9.7108     0.004125     0.001211    -2.826423    -1.935861
1273    9.7112     0.008821     0.003570    -5.061495     5.530589
1274    9.7118     0.003744     0.002632     0.207537     0.926210
1275    9.7146     0.007462     0.001813    13.784300     8.619742
1276    9.7154     0.002316     0.000465     3.893214    -1.915903
1277    9.7183     0.008135     0.002814   -15.049517   -10.967573
1278    9.7210     0.002440     0.001097   -10.463439    -1.022080
1279    9.7215     0.013239     0.002962    -7.069899    -3.529734
1280    9.7232     0.011154     0.005671    -1.692460    -3.870296
1281    9.7255     0.011253     0.004761     9.497351     8.623380
1282    9.7259     0.002877     0.001933     0.022630     0.168045
1283    9.7268     0.012767     0.003449   -11.195146    -9.900051
1284    9.7285     0.002563     0.000375     1.755481     1.672902
1285    9.7299     0.000382     0.000335    -1.656322    -2.728466
1286    9.7316     0.005731     0.007892     1.916035    -0.828035
1287    9.7328     0.008080     0.001157     6.409714     3.295178
1288    9.7360     0.014495     0.001914    17.558124     7.057744
1289    9.7380     0.000178     0.000047     0.425482     0.223447
1290    9.7386     0.005321     0.001635     6.935511     4.746671
1291    9.7412     0.002294     0.001042     6.103859     5.150832
1292    9.7424     0.001678     0.001586     1.004851    -3.665808
1293    9.7441     0.000383     0.000071    -0.869855    -0.394363
1294    9.7466     0.012619     0.001865    28.178092    12.577729
1295    9.7490     0.001914     0.000133    -1.362675    -0.466920
1296    9.7495     0.004439     0.000050    -5.515194    -1.622288
1297    9.7510     0.015526     0.009184     1.412418     1.709964
1298    9.7522     0.008279     0.004292   -16.679283   -13.771515
1299    9.7541     0.004837     0.001118    -2.347717    -0.359990
1300    9.7574     0.014752     0.003831   -15.208001    -8.455522
1301    9.7582     0.003840     0.003640     7.788112     5.958867
1302    9.7603     0.002492     0.001640     0.321881     0.363775
1303    9.7623     0.000621     0.000478     3.340148     2.439961
1304    9.7634     0.008624     0.005099     4.332069     3.376062
1305    9.7644     0.013247     0.002828   -20.604640   -10.008474
1306    9.7661     0.001599     0.000790     1.381870    -2.266266
1307    9.7676     0.000128     0.000279     0.343309     0.798621
1308    9.7695     0.009915     0.003624    -4.575799    -4.793209
1309    9.7712     0.009090     0.000300     5.875835     2.573127
1310    9.7721     0.001556     0.000912    -0.263328    -0.212173
1311    9.7746     0.016289     0.007417   -12.238587    -7.091694
1312    9.7762     0.000326     0.000246     0.462978     1.987268
1313    9.7787     0.010637     0.005183    -5.088770    -2.888774
1314    9.7797     0.019696     0.006485    18.970205     9.634228
1315    9.7819     0.003534     0.000263     9.096992    -0.373414
1316    9.7828     0.001036     0.001592    -1.637134    -2.628249
1317    9.7840     0.003105     0.002339    -3.164581    -0.874774
1318    9.7880     0.000777     0.000943     0.661724    -1.293531
1319    9.7891     0.006077     0.005489    13.354261    16.458376
1320    9.7910     0.011667     0.006860   -15.565205   -12.903525
1321    9.7912     0.025831     0.004884     1.915565     1.840185
1322    9.7935     0.003284     0.001556     4.332011     4.332920
1323    9.7950     0.010737     0.001545   -13.841024    -8.766263
1324    9.7956     0.025800     0.006369    -7.871059    -5.986263
1325    9.7991     0.004491     0.001055     4.665702     4.753278
1326    9.7995     0.013448     0.005052    -0.185548    -3.083225
1327    9.8006     0.002257     0.003235     2.635052     3.455421
1328    9.8016     0.002769     0.003401    -1.894295    -6.673070
1329    9.8037     0.008831     0.001933    -0.457833    -2.248339
1330    9.8045     0.002672     0.001524    16.852921    12.973705
1331    9.8101     0.021607     0.008823   -12.313848   -10.854073
1332    9.8121     0.000618     0.000795     2.049850     2.618720
1333    9.8124     0.005312     0.001738    -3.133064    -2.201740
1334    9.8134     0.007549     0.001304    12.077808     5.544460
1335    9.8144     0.000205     0.000064    -0.198988    -0.162112
1336    9.8183     0.013844     0.006751    -5.548143    -8.151330
1337    9.8196     0.005496     0.000845    -1.687800     0.465583
1338    9.8215     0.002827     0.002084    -1.703050    -2.241398
1339    9.8221     0.010358     0.001842    13.346792     1.598526
1340    9.8236     0.006251     0.001358    -0.006388     0.175341
1341    9.8238     0.009751     0.004344    -2.482400    -3.028066
1342    9.8264     0.004528     0.001147     3.916935     2.233149
1343    9.8296     0.018518     0.007583    11.709837     7.850036
1344    9.8301     0.002212     0.001486    -0.470326    -0.343828
1345    9.8310     0.000859     0.000900    -1.088615    -4.035454
1346    9.8337     0.004147     0.001058     5.344739     1.417065
1347    9.8353     0.005405     0.000715    -4.748159     0.299542
1348    9.8366     0.016696     0.004583    -1.481576    -1.919015
1349    9.8381     0.009558     0.001359    -8.076663    -3.285614
1350    9.8398     0.004886     0.002561     2.811526     1.563089
1351    9.8428     0.002496     0.002450     4.148603     6.610569
1352    9.8444     0.001105     0.000775     5.944427     0.303346
1353    9.8446     0.000416     0.001858     1.102978    -6.002037
1354    9.8464     0.001681     0.000630    -0.422490     0.286559
1355    9.8471     0.002559     0.001558    -0.802457    -1.045367
1356    9.8478     0.018976     0.006680   -20.262278   -12.107215
1357    9.8506     0.017339     0.006901    -8.399530    -6.277453
1358    9.8535     0.007691     0.002783     0.862963    -4.302745
1359    9.8544     0.005198     0.004116    -2.954046    -8.322925
1360    9.8572     0.009318     0.003259     5.768830     3.458859
1361    9.8584     0.003612     0.001772     0.477621     1.920249
1362    9.8600     0.001765     0.001364    -1.587335    -3.231308
1363    9.8624     0.005110     0.001983    17.886509    12.123223
1364    9.8626     0.004482     0.003157     4.544549     2.146613
1365    9.8652     0.008260     0.001042    -5.436730    -2.968672
1366    9.8667     0.001426     0.000507    -0.642737    -0.061140
1367    9.8672     0.001446     0.000967    -0.149772     3.202060
1368    9.8684     0.007226     0.003179    -0.419304     0.280206
1369    9.8697     0.008226     0.001440    -4.263409    -2.050447
1370    9.8708     0.001825     0.002188    -3.333633   -11.960178
1371    9.8722     0.011686     0.005045     3.118906     4.540091
1372    9.8730     0.002615     0.000333     1.105630     0.379855
1373    9.8754     0.002985     0.000418     0.903597     2.408949
1374    9.8764     0.001755     0.000687    -0.218169     0.018115
1375    9.8790     0.006644     0.000831    -8.819835    -2.831827
1376    9.8809     0.002535     0.000850    -6.892902     4.092157
1377    9.8825     0.003304     0.003315     0.238972     3.908313
1378    9.8845     0.005301     0.000740    -0.360744    -1.771652
1379    9.8854     0.005452     0.001804    -2.003398    -1.050636
1380    9.8875     0.001669     0.000062     1.288897     0.108528
1381    9.8886     0.002453     0.001862     5.641730     1.038922
1382    9.8893     0.003272     0.006624     0.448378    -0.657829
1383    9.8900     0.000422     0.000584    -2.654193    -0.018236
1384    9.8915     0.004590     0.000427     0.210635     0.382817
1385    9.8944     0.004045     0.003186    -6.697780    -7.851321
1386    9.8964     0.008154     0.001471    -4.980437    -5.379875
1387    9.8997     0.002426     0.001122     4.240961     2.272884
1388    9.9001     0.002885     0.000263    -0.744065    -0.145891
1389    9.9008     0.002848     0.000581     1.762614     2.024906
1390    9.9032     0.001252     0.000900     2.458526     4.185477
1391    9.9041     0.000330     0.000210     1.250207     0.335696
1392    9.9076     0.000962     0.000625     5.444420    -5.135255
1393    9.9088     0.002274     0.000626    -0.450368     1.606320
1394    9.9091     0.005400     0.005610     4.293743     3.396418
1395    9.9116     0.005730     0.000587     2.358130     1.098481
1396    9.9132     0.010666     0.002969    -8.980645    -5.275012
1397    9.9154     0.005538     0.001936     1.286876    -4.781292
1398    9.9180     0.002046     0.001101    -5.301281    -4.243082
1399    9.9192     0.014526     0.007281   -10.639930    -9.321592
1400    9.9220     0.002575     0.001206    -6.112515    -5.033516
1401    9.9227     0.001802     0.008518    10.442519    23.275741
1402    9.9240     0.002253     0.000240     0.655236     0.019535
1403    9.9253     0.001263     0.000557    -3.144694    -2.517542
1404    9.9260     0.000725     0.000948     0.522650    -2.775806
1405    9.9269     0.001091     0.000789     6.274727     2.360528
1406    9.9297     0.002973     0.001237     2.515943     1.461570
1407    9.9315     0.000208     0.000901    -0.498527    -2.092856
1408    9.9335     0.003875     0.001054    -1.869066     0.663268
1409    9.9345     0.005384     0.002021    -3.224714    -1.427985
1410    9.9357     0.003661     0.001563    -0.285163     1.001880
1411    9.9375     0.011398     0.004638    -5.076854    -8.258070
1412    9.9388     0.004336     0.001393    -1.570960     2.960521
1413    9.9401     0.004022     0.001649     1.020478    -0.427092
1414    9.9406     0.001957     0.000862    -2.649303     2.048209
1415    9.9415     0.001776     0.000439     3.995866    -0.404935
1416    9.9435     0.004469     0.001357    -2.145458     0.323255
1417    9.9459     0.002967     0.000463     5.737994     2.104662
1418    9.9471     0.010146     0.003400    15.586850    10.364490
1419    9.9488     0.002481     0.000233     4.030274    -1.225587
1420    9.9494     0.002506     0.000706     6.850833     3.954979
1421    9.9506     0.003351     0.000193     5.891874     0.072216
1422    9.9543     0.001648     0.000650     0.819901     2.633338
1423    9.9558     0.003429     0.001944    -3.406659    -4.569168
1424    9.9574     0.011672     0.005361   -21.120418   -14.696415
1425    9.9590     0.001784     0.000153    -1.127422    -1.062815
1426    9.9607     0.000586     0.000625    -2.217224    -2.981674
1427    9.9620     0.002173     0.001841    -1.846494    -2.658801
1428    9.9623     0.001965     0.000505     5.895168    -0.216542
1429    9.9651     0.003303     0.000403    -2.696687    -1.295386
1430    9.9655     0.001358     0.000305     1.343262     0.468263
1431    9.9690     0.001229     0.000457     1.372696    -0.339715
1432    9.9698     0.016775     0.005102     8.273182     5.091865
1433    9.9714     0.001155     0.000170    -1.276073    -0.398559
1434    9.9721     0.000133     0.000546    -1.401065    -2.239075
1435    9.9727     0.018018     0.006330    -6.335898    -5.119040
1436    9.9741     0.001931     0.001829     1.885253     0.238968
1437    9.9752     0.000878     0.001126    -3.321863    -3.138817
1438    9.9778     0.004971     0.000979     0.070089    -0.999963
1439    9.9790     0.007254     0.003579     3.461516     3.626551
1440    9.9808     0.003424     0.001350     6.609408     3.376062
1441    9.9815     0.002976     0.001083    -0.970334    -1.294792
1442    9.9821     0.000748     0.000623    -0.448730    -1.068945
1443    9.9841     0.004020     0.001900    -3.623830    -2.108031
1444    9.9850     0.000779     0.000778    -3.836354    -6.261470
1445    9.9860     0.003711     0.000390    11.206600     1.038219
1446    9.9870     0.002325     0.000892     1.655971     0.482170
1447    9.9878     0.003200     0.003013     0.523925    -1.187637
1448    9.9898     0.004990     0.004379    10.448978    10.788749
1449    9.9910     0.000440     0.001763     0.030444     2.122610
1450    9.9918     0.003260     0.000510     1.537351     0.383508
1451    9.9930     0.002378     0.001337    -0.816154    -0.645361
1452    9.9954     0.003768     0.002222    -3.311147     7.404348
1453    9.9963     0.015038     0.003005   -16.994191    -9.565451
1454    9.9979     0.013681     0.002668     9.260175     9.874319
1455    9.9991     0.003591     0.002936    -3.664617    -1.579528
1456   10.0000     0.007370     0.002731    -4.565823    -6.421891
