$coord
          0.039638922073         13.203257849529          0.264361288085     o 
          0.032463729235         10.903099693976          0.059660666188     c 
         -2.264829788526          9.258224797520         -0.073599010032     c 
         -2.448701065819          7.357175235260          1.753393275662     c 
         -4.226680124871          5.477180915009          1.527886391215     c 
         -5.808900207408          5.410408073530         -0.573662419193     c 
         -7.308378597815          3.209906557572         -0.921120250935     n 
         -9.900351714413          3.274275758124         -0.592158220695     c 
        -11.171680682177          5.583190794521         -0.392578581437     c 
        -13.762383063996          5.654780254391         -0.127393584197     c 
        -15.142900904300          3.430996761220         -0.038531370989     c 
        -13.892853645207          1.139493273695         -0.158985390907     c 
        -11.289137731417          1.026532895499         -0.424419658188     c 
         -9.981574752384         -1.500707984389         -0.316325094173     c 
        -11.451563641967         -3.540482523317         -1.678214580849     c 
        -12.051439627990         -3.672856944088         -4.207533242827     c 
        -13.429870887172         -5.736615048179         -5.060503641057     c 
        -14.184374681923         -7.622551343918         -3.405242974340     c 
        -13.581654704859         -7.498447390683         -0.859397104392     c 
        -12.207955984280         -5.444449811101          0.002955447016     c 
        -11.308161357983         -4.796490524966          2.519386384654     c 
        -11.529845215712         -6.048237918761          4.807157111157     c 
        -10.450992159898         -4.970636757355          6.936436223659     c 
         -9.180623287441         -2.683915661261          6.791611451708     c 
         -8.955913731586         -1.417824514467          4.503822188376     c 
        -10.019730312766         -2.487774906590          2.384016207217     c 
         -7.272469435400         -1.378367987557         -1.193600651624     c 
         -5.970346591894         -3.570045282309         -1.637846391416     c 
         -3.394375498452         -3.571657401168         -2.311023142921     c 
         -2.016552346780         -5.809338200484         -2.699340691192     c 
          0.495573720484         -5.720830578500         -3.326294811379     c 
          1.722787630049         -3.391430997439         -3.620453309259     c 
          0.426489383576         -1.185548885900         -3.267147124923     c 
         -2.152229106321         -1.210432561978         -2.580200605144     c 
         -3.508736480323          1.019472314828         -2.137422695642     c 
         -6.023906705981          0.977068234050         -1.403608491881     c 
         -5.748465963319          7.378503187730         -2.314747917415     c 
         -4.013495721450          9.318405326280         -2.032307715009     c 
          2.269704559212          9.239723658241          0.020299697921     c 
          4.288691741344          9.502415586052          1.711100556666     c 
          6.057069117399          7.606495508864          1.975307191512     c 
          5.917236371533          5.450590096271          0.456196274757     c 
          7.407727102711          3.265689231974          0.845141444668     n 
          9.987672286293          3.274118405943          0.427287928686     c 
         11.292344930542          5.548968529717          0.070472968325     c 
         13.872740274789          5.560367755996         -0.274021689493     c 
         15.211475830014          3.306557280717         -0.304611292301     c 
         13.924918130947          1.045328212509         -0.059397498470     c 
         11.329212905953          0.989538144750          0.291695312526     c 
          9.983354828393         -1.516877214072          0.296526440498     c 
         11.425987247725         -3.514488849943          1.748695498015     c 
         12.031346315961         -3.538710018158          4.279831696728     c 
         13.375501005702         -5.584700018939          5.225083180736     c 
         14.092753313264         -7.558378951786          3.657691819868     c 
         13.484951508796         -7.542559802158          1.110244735126     c 
         12.144322320583         -5.507337117689          0.155983303102     c 
         11.246125975530         -4.962993897590         -2.385178153331     c 
         11.428813276815         -6.328324300259         -4.610771624319     c 
         10.356267290167         -5.334630168400         -6.783609413754     c 
          9.126915884245         -3.021213305269         -6.742401760928     c 
          8.939568867558         -1.642300366175         -4.517235808165     c 
         10.000771304733         -2.626734152798         -2.354984198949     c 
          7.282196396326         -1.306160882119          1.182689704827     c 
          5.916495054834         -3.473225148284          1.653502007041     c 
          3.328185154691         -3.405377454899          2.336263588854     c 
          1.899678559201         -5.583541917362          2.720680092325     c 
         -0.647546496528         -5.424075059199          3.377233558848     c 
         -1.792396755500         -3.090710879221          3.693742133480     c 
         -0.416160780942         -0.897732841356          3.347211343882     c 
          2.158076630134         -0.998958921812          2.640399856134     c 
          3.569319992824          1.182686044028          2.215378927088     c 
          6.121706427260          1.064099554027          1.390324954131     c 
          4.061211400944          5.309094077268         -1.426200760902     c 
          2.252931293521          7.147315262319         -1.617364017136     c 
         -1.157724126711          7.357488398391          3.334880969284     h 
         -4.356206520958          3.986996956348          2.917097124202     h 
        -10.112155018932          7.323799344188         -0.429308262495     h 
        -14.707162670003          7.457105327484          0.015977224874     h 
        -17.171343926255          3.480856230837          0.160164828921     h 
        -14.946659947192         -0.603491531480         -0.024948444927     h 
        -11.463300905761         -2.203823571812         -5.497295599690     h 
        -13.920421883342         -5.873946345470         -7.036730475689     h 
        -15.256630863033         -9.209763786985         -4.111129506994     h 
        -14.173056806975         -8.972042997055          0.422452231006     h 
        -12.519090082705         -7.828738253688          4.931415665809     h 
        -10.601172383142         -5.923264944724          8.735531533092     h 
         -8.353320519687         -1.879560954797          8.475259318674     h 
         -7.971510397028          0.368273606716          4.396211396798     h 
         -6.927746187575         -5.363085187079         -1.438769400831     h 
         -2.972613600093         -7.600960523179         -2.485561623403     h 
          1.548627042317         -7.445872537619         -3.607823161737     h 
          3.703393325125         -3.359807813628         -4.117959941476     h 
          1.351107081530          0.619529990380         -3.487477126727     h 
         -2.537354686668          2.798530876730         -2.365629017723     h 
         -6.993757936206          7.338476633194         -3.932027651714     h 
         -3.924054468594         10.820564220140         -3.410544161313     h 
          4.352684639972         11.147782966414          2.915349607055     h 
          7.482867932970          7.729614999768          3.431271113337     h 
         10.265391190400          7.307834109140          0.043739464279     h 
         14.844437869236          7.335201839288         -0.531020208333     h 
         17.233466978161          3.310451218621         -0.564994118695     h 
         14.941845093618         -0.721278088569         -0.163063430892     h 
         11.470600824562         -2.002499994666          5.501744239140     h 
         13.867443342952         -5.639578854102          7.204931201779     h 
         15.138726820400         -9.129777997709          4.434738248352     h 
         14.046573577706         -9.084538372154         -0.102736527628     h 
         12.382307380912         -8.131961316296         -4.653856872669     h 
         10.477199630986         -6.375707331436         -8.535309171366     h 
          8.301696631951         -2.284932988225         -8.457940366702     h 
          7.982057598172          0.161755660133         -4.489585393332     h 
          6.823437710432         -5.290678165923          1.456724493903     h 
          2.785588885325         -7.409198158651          2.502323660864     h 
         -1.729729397974         -7.132404918423          3.648555441007     h 
         -3.767108301372         -2.989061039397          4.204670842228     h 
         -1.288034340349          0.930958736970          3.582538640930     h 
          2.697882060661          2.993978732326          2.549240203981     h 
          4.058095427164          3.698464464884         -2.680552479351     h 
          0.800150163004          6.997221026675         -3.043246638819     h 
$end
