 NM
 VELO
 MMASS
   644.730799999999     
 LFAKTOR
  0.5
 RFAKTOR
  1.0
 WIDTH
  0.20
 SHIFT
  0.00
 DATXY
   1    3.2274     0.958425     0.210209  -164.521849   -65.362752
   2    3.2457     0.015496     0.005011    69.694563    42.428181
   3    3.2468     0.010304     0.004947   -73.539459   -51.131063
   4    3.3194     0.000217     0.000059     0.489557    -0.844824
   5    3.7057     0.031938     0.005692  -178.424970  -118.194460
   6    3.7078     0.386295     0.072858  -818.591764  -740.417336
   7    3.7092     0.373108     0.073180  1070.648955   897.229301
   8    4.0296     0.253107     0.027512    23.296039    13.606252
   9    4.0362     0.000249     0.000317     0.436455    -1.051137
  10    4.0654     0.366925     0.152826     1.251410     1.078884
  11    4.0950     0.001254     0.006743   -13.983520   -53.640812
  12    4.1001     0.016410     0.017440    88.213413   105.979328
  13    4.4073     0.000096     0.000487    -0.047163    -0.486992
  14    4.4348     0.186698     0.097487   -38.582999   -33.766562
  15    4.5885     0.483241     0.128183    41.580738    21.850543
  16    4.6731     0.003778     0.015995     8.872187   -17.356395
  17    4.6740     0.004655     0.001439   -31.830313    14.452931
  18    4.8249     0.006771     0.002200    -5.446142    -3.502092
  19    4.8710     0.031216     0.003374    46.118852    34.012769
  20    4.9870     0.000319     0.006684    -2.103887    31.575538
  21    5.0108     0.007715     0.045958    -3.534971   -26.228258
  22    5.0245     0.290221     0.063084  -155.958218  -123.639279
  23    5.0597     0.012017     0.236099     0.086126     0.673313
  24    5.1093     0.001254     0.011886    -0.918265   -12.331454
  25    5.1218     0.066010     0.017715    91.801078    78.442229
  26    5.2596     0.000709     0.000122     0.270591    -0.150843
  27    5.2766     0.240982     0.029476    76.784233    42.836370
  28    5.3390     0.001004     0.017758    -9.063609   -40.018174
  29    5.4560     0.029735     0.020849   -15.639383    12.818406
  30    5.4563     0.002023     0.026907     5.419881   -69.215914
  31    5.4569     0.577306     0.222281    61.155453    56.728263
  32    5.5723     0.370113     0.099291    30.003944    19.925973
  33    5.8123     0.002391     0.001477     2.506885     1.341222
  34    5.8261     0.069904     0.004719  -154.173860  -101.686764
  35    5.8679     0.791372     0.175593 -2827.033184 -1860.635376
  36    5.8719     1.086342     0.241201  3523.236212  2366.049210
  37    5.8862     0.036959     0.004698     1.942022     3.355187
  38    5.9071     0.005951     0.000861    27.408107    14.161293
  39    5.9612     0.000337     0.000036     0.869044     0.404544
  40    6.0008     0.210057     0.034301  -249.133111  -176.732829
  41    6.0894     0.005470     0.002412    -2.854356    10.017515
  42    6.0941     0.024771     0.003955  -111.013708     4.895446
  43    6.0973     0.000920     0.003914    -7.821327   -16.650139
  44    6.1077     0.001689     0.022924   -23.760385   -96.031856
  45    6.1322     0.002632     0.015452   -18.080172   -34.068468
  46    6.1504     0.007225     0.012367   -55.206649   152.418939
  47    6.1637     0.001939     0.006743    -9.957328   -16.872505
  48    6.1728     0.000674     0.013274   -18.526558  -105.705941
  49    6.1985     0.000053     0.006058    -0.376388    69.188481
  50    6.2869     0.044722     0.013427   -20.691187   -10.727326
  51    6.3122     0.000051     0.000501     0.317128    -0.931343
  52    6.3323     0.001083     0.002798    -1.275076    -4.071694
  53    6.3637     0.328891     0.114937  -609.235407  -435.348350
  54    6.3652     0.233520     0.065865   702.001407   467.449759
  55    6.4051     1.535642     0.498155    66.260949    41.422146
  56    6.4348     0.005698     0.002014     2.010579     1.093259
  57    6.4381     0.000055     0.000020     0.032876     0.045661
  58    6.4571     0.285998     0.069248   -40.032232   -24.626079
  59    6.4615     0.006034     0.001469    -0.115233    -0.234219
  60    6.4616     0.034310     0.008301    -7.903055    -5.288208
  61    6.4996     0.000115     0.000115    -0.412048     0.626777
  62    6.5265     0.002517     0.003861     8.345318    15.053407
  63    6.5422     0.130146     0.027186    23.568584    16.915332
  64    6.5680     0.002665     0.001879    -8.145847    -6.723746
  65    6.6091     0.013064     0.001092     2.393797     1.240808
  66    6.6101     0.000026     0.000000    -0.380262    -0.065101
  67    6.6296     0.014358     0.004412    14.830794     4.954060
  68    6.6321     0.000523     0.001576     9.129091    18.128887
  69    6.6693     0.015048     0.007621    -5.316223    -4.692159
  70    6.6976     0.098425     0.018952  -203.277730  -131.858768
  71    6.7021     0.003881     0.010464   -14.429496   -22.027396
  72    6.7044     0.050523     0.006673   194.692797    97.300712
  73    6.7111     0.040480     0.029580    45.012586    33.190405
  74    6.7121     0.050182     0.001922   274.414493    51.220014
  75    6.7133     0.049779     0.017914  -107.984166   -80.442146
  76    6.7526     0.000024     0.000169    -0.217198    -0.537238
  77    6.7552     0.000592     0.000099    -2.475492    -0.213272
  78    6.7947     0.000433     0.007804    -6.259055   -28.855516
  79    6.8100     0.232695     0.028053    34.083930    27.102060
  80    6.8282     0.000232     0.003157     2.722816     4.409998
  81    6.8288     0.001776     0.005856    21.090937    60.535592
  82    6.8362     0.000447     0.000598     5.947121    -9.818754
  83    6.8747     0.021697     0.004163    75.814576    43.809457
  84    6.8877     0.030839     0.006383    72.110056    45.573865
  85    6.8958     0.039470     0.010519  -166.588778   -92.235342
  86    6.9048     0.011024     0.003277    -8.535081     7.085201
  87    6.9061     0.061974     0.017514   132.732539    88.171357
  88    6.9382     0.466787     0.057304  -133.780870   -61.881115
  89    6.9700     0.000115     0.001466     1.250159    -5.485781
  90    6.9715     0.000546     0.004349   -22.635379    24.347075
  91    7.0089     0.006022     0.006077   -16.510158   -15.486937
  92    7.0194     0.211089     0.073862   119.990563    93.673460
  93    7.0418     0.047879     0.015150     0.372427     1.274813
  94    7.0465     0.081145     0.027555    56.621905   101.734892
  95    7.0490     0.002666     0.016939   -15.467841   -20.959523
  96    7.0806     0.032550     0.002245   -84.961157    29.584572
  97    7.0826     0.002420     0.000547   -14.830503     6.821447
  98    7.0974     0.054963     0.026630  -198.260134  -217.239032
  99    7.1147     0.006123     0.001386   -27.962281     3.482799
 100    7.1249     0.004053     0.000556   -15.872038   -12.882079
 101    7.1303     0.005437     0.013234    -3.971173    -7.618972
 102    7.1457     0.005048     0.000012   -17.122217    -1.124195
 103    7.1522     0.003471     0.007045    26.335548    50.313332
 104    7.1679     0.041157     0.018799  -170.649473  -172.613212
 105    7.1869     0.000382     0.000078     8.074995    -5.646665
 106    7.2402     0.044186     0.008676  -256.111603  -146.636287
 107    7.2454     0.051033     0.019740   295.978886   246.833227
 108    7.2588     0.024180     0.004572    63.349593    42.166174
 109    7.2696     0.137405     0.041773  -581.972255  -431.877988
 110    7.2713     0.178174     0.038705   710.138869   451.299868
 111    7.3544     0.000171     0.002970     0.682182     4.671301
 112    7.3559     0.105873     0.019201   -53.937683   -27.285017
 113    7.3732     0.106668     0.027364  -102.498713   -78.547264
 114    7.3876     0.195720     0.076009    35.658677    20.708750
 115    7.3898     0.007780     0.019486     0.215933   -31.477691
 116    7.4018     0.094393     0.036250   -36.183566   -23.232142
 117    7.4353     0.000441     0.001111     0.325569     2.187120
 118    7.4479     0.274223     0.136002   -83.658122   -61.198210
 119    7.4621     0.127374     0.020205   626.586855   337.876337
 120    7.4669     0.177644     0.065691  -457.023827  -379.619095
 121    7.4721     0.008864     0.002899    -7.181257   -11.936163
 122    7.5038     0.011334     0.052084   -18.884236   -26.057995
 123    7.5093     0.004322     0.005285   -31.819457   -35.541230
 124    7.5120     0.001149     0.000386   -12.260679    -4.456178
 125    7.5186     0.020838     0.008769  -240.651898   135.043158
 126    7.5292     0.002320     0.000882   -11.083849    -5.984712
 127    7.5315     0.023573     0.013031    -1.674783     1.157719
 128    7.5481     0.007584     0.001057   -14.476655    22.629116
 129    7.5518     0.018734     0.010878    76.276126   -50.090113
 130    7.5604     0.033978     0.093060   -60.881228   -89.359285
 131    7.5631     0.024186     0.008344    13.509521     2.849445
 132    7.5894     0.003019     0.026846     5.101440    16.441326
 133    7.5927     0.096788     0.019971    50.882725    34.883477
 134    7.6001     0.013022     0.014024    -1.336439     3.349565
 135    7.6008     0.023942     0.009260    -8.927058    -3.937805
 136    7.6056     0.000364     0.000079     2.261922    -0.821822
 137    7.6121     0.202716     0.063809  -161.256422    15.770187
 138    7.6363     0.010473     0.004848    -2.463117    41.464106
 139    7.6473     0.050268     0.008965   -88.546795   -28.956011
 140    7.6477     0.035953     0.005325   -90.481420     0.341666
 141    7.6530     0.010418     0.015173   125.026074  -148.113646
 142    7.6567     0.084030     0.133570   301.184061   600.288359
 143    7.6623     0.001099     0.021944    -2.581248   -17.818137
 144    7.6697     0.000115     0.064986    13.615058  -349.764246
 145    7.6842     0.093938     0.043078   136.885133   200.427383
 146    7.7055     0.004749     0.031308   111.255983  -272.352933
 147    7.7145     0.245538     0.068258    -4.286081    20.927291
 148    7.7210     0.001244     0.033099   -25.628904  -180.895176
 149    7.7311     0.049469     0.013949   -31.148500    24.846578
 150    7.7337     0.002212     0.001609    -8.845681    21.224102
 151    7.7500     0.426851     0.104332   220.704174   174.359779
 152    7.7659     0.262666     0.040811  -118.237478   -60.711710
 153    7.7715     0.002784     0.008287   -11.382263    46.159264
 154    7.7763     0.002489     0.004108   -16.155977    26.866264
 155    7.7782     0.041824     0.006071  -139.176141   -79.885053
 156    7.7788     0.069468     0.010412  -214.256401  -122.992116
 157    7.8111     0.290327     0.056730   246.622889   161.761384
 158    7.8182     0.003611     0.000822     3.012185     0.778633
 159    7.8240     0.387393     0.075638   289.372320   184.119201
 160    7.8443     0.042824     0.014181  -167.442618  -154.950304
 161    7.8563     0.032691     0.019329    82.335081    52.801349
 162    7.8694     0.020717     0.009585  -112.267148  -119.994267
 163    7.8733     0.017262     0.006270   -28.421668     1.396591
 164    7.8905     0.111599     0.013887    33.279394    25.808721
 165    7.9081     0.089918     0.015259   -16.631559    -9.270272
 166    7.9126     0.006284     0.002853    -1.625577    -1.043182
 167    7.9280     0.000782     0.002537    -1.556056    -6.214114
 168    7.9348     0.082782     0.011953    99.769476    62.680529
 169    7.9419     0.086788     0.019973   -31.476092   -16.640814
 170    7.9511     0.002029     0.000428    17.285962    11.166768
 171    7.9566     0.018320     0.003423   -22.364562   -16.784460
 172    7.9751     0.000488     0.000346    -4.361759     3.663844
 173    7.9975     0.000140     0.000359    -0.296355    -1.177147
 174    7.9993     0.063290     0.009987   -49.964370   -27.422893
 175    8.0261     0.002718     0.037739    24.580583    84.397119
 176    8.0286     0.007167     0.015101   -34.860755   -48.127735
 177    8.0454     0.002355     0.010629     1.597975    19.773096
 178    8.0843     0.000596     0.024932   -15.330672    96.726518
 179    8.0884     0.002136     0.057311    19.778481   105.100395
 180    8.0995     0.008389     0.030743    46.075648   -97.565268
 181    8.1208     0.003337     0.027638     0.933048   -12.539415
 182    8.1218     0.004211     0.053988    64.771320   246.586542
 183    8.1241     0.046168     0.032492   -61.228606   -44.376563
 184    8.1343     0.000043     0.015918    -1.012561   -50.306157
 185    8.1476     0.026055     0.015464   -77.927899   -54.137946
 186    8.1572     0.002907     0.012938    10.625035   -19.300296
 187    8.1638     0.003870     0.114764   -30.964414  -126.948898
 188    8.1714     0.037183     0.001188  -398.482373   -72.012869
 189    8.1754     0.005885     0.000002    41.645138     3.330767
 190    8.1883     0.065201     0.011768    -3.080695    -3.684228
 191    8.2076     0.032448     0.004902     5.045579     3.737140
 192    8.2178     0.000125     0.000118    -0.163759     0.658152
 193    8.2219     0.000086     0.000006     1.426297    -0.066404
 194    8.2342     0.071231     0.020036   -38.105952   -18.525084
 195    8.2443     0.009353     0.002471    26.274460    16.766818
 196    8.2532     0.012701     0.002040    98.419776    51.038193
 197    8.2855     0.068362     0.057292   -78.643529  -142.308601
 198    8.2873     0.042202     0.027177   143.920189    77.434414
 199    8.3046     0.000849     0.002590     6.494479   -13.210121
 200    8.3221     0.006352     0.005091    37.020451    38.560576
 201    8.3356     0.018417     0.009773    33.356260    35.817647
 202    8.3484     0.001036     0.000805    17.382038    15.668163
 203    8.3593     0.018123     0.003537   -15.360852   -10.816184
 204    8.3602     0.008647     0.011199   -50.245718   -65.751785
 205    8.3631     0.014309     0.030568    12.846344    13.655311
 206    8.3891     0.338254     0.115676   -78.213366   -70.684937
 207    8.4265     0.064022     0.047316   322.155848   367.103258
 208    8.4308     0.052121     0.040319  -276.600003  -306.668542
 209    8.4689     0.000048     0.000239     0.620794    -1.435222
 210    8.4938     0.164504     0.028614   -99.678282   -58.920205
 211    8.5304     0.001272     0.005260    -5.554262   -14.020883
 212    8.5413     0.044446     0.012064     0.408707    34.705015
 213    8.5640     0.007839     0.001832   -59.179860   -37.813654
 214    8.5682     0.043574     0.005777   -51.728219   -23.320328
 215    8.5693     0.038773     0.019163    32.391590    29.665483
 216    8.5728     0.001826     0.002372     4.992934   -21.569384
 217    8.5737     0.003811     0.002857     6.435182   -10.900256
 218    8.5748     0.060202     0.007942   -35.497265   -21.027046
 219    8.5833     0.025158     0.003408   -36.158796   -24.931181
 220    8.5854     0.000814     0.000772    -0.173403     0.687893
 221    8.5893     0.003403     0.002517     5.361889    -6.410013
 222    8.5932     0.000500     0.000207     2.752754    -2.576680
 223    8.6076     0.013724     0.001744     7.925851     1.578167
 224    8.6097     0.018839     0.003942    15.978122     7.803989
 225    8.6302     0.018573     0.004813   -29.834262   -21.156664
 226    8.6329     0.024470     0.001507   -78.085178   -25.312303
 227    8.6412     0.001465     0.000002    26.490780     5.220918
 228    8.6546     0.016985     0.003452    -9.220517    -0.837960
 229    8.6602     0.021637     0.005170   -20.084192    -3.377865
 230    8.6679     0.006910     0.011195    70.511688  -100.947051
 231    8.6828     0.005571     0.028206    18.209027    45.012627
 232    8.6866     0.008160     0.011057    20.997075    19.698359
 233    8.6880     0.020942     0.034258    57.011742   118.619671
 234    8.6934     0.008442     0.005338    22.184295    -2.579792
 235    8.6981     0.021030     0.003900     8.759249     4.335250
 236    8.7021     0.025416     0.005244     8.680230     2.391097
 237    8.7055     0.003981     0.005596    -0.354136    -3.005666
 238    8.7104     0.058874     0.016728  -158.131369  -106.189125
 239    8.7148     0.001915     0.004726     6.685105   -17.661218
 240    8.7190     0.001504     0.001575     4.467134     7.454295
 241    8.7211     0.021612     0.010540   -17.662547   -16.488684
 242    8.7306     0.172767     0.014700   -59.953285   -24.095432
 243    8.7374     0.003790     0.000274    -0.960886    -0.547889
 244    8.7504     0.001584     0.003172    10.865733   -17.710174
 245    8.7553     0.004897     0.001266    -0.730132    -0.180123
 246    8.7608     0.041627     0.011909   -14.393783    -7.664188
 247    8.7709     0.017979     0.001591    25.658602     9.919536
 248    8.7751     0.001933     0.004531     5.403503    -6.842064
 249    8.7777     0.004518     0.002542     5.910140     6.343258
 250    8.7932     0.009366     0.005644     6.194516     7.771883
 251    8.8015     0.004077     0.000577    -1.104073     5.568885
 252    8.8043     0.000155     0.002257    -1.217661     3.263585
 253    8.8207     0.023150     0.002891    31.175120    17.380693
 254    8.8233     0.006081     0.000495     5.743328     2.167508
 255    8.8310     0.001695     0.002012    -1.744363    -1.442336
 256    8.8312     0.002352     0.001103    -2.473151    -1.803835
 257    8.8339     0.024358     0.003423   -22.367959    -8.496169
 258    8.8588     0.000528     0.001666     7.019545   -16.565675
 259    8.8599     0.017277     0.007685    27.795641    23.426943
 260    8.8630     0.018842     0.001804    -3.152720     1.088684
 261    8.8697     0.059955     0.011871    34.084002    23.071661
 262    8.8751     0.001800     0.012132     6.956840    20.558587
 263    8.8785     0.005733     0.002214   -17.414109    -9.695526
 264    8.8795     0.016244     0.006963    49.124852    40.316961
 265    8.9029     0.020669     0.009201    38.458503    25.639990
 266    8.9041     0.073185     0.009623  -145.180880   -67.302727
 267    8.9123     0.001534     0.002524    -7.171960   -12.253607
 268    8.9344     0.002408     0.015761   -32.070098   -86.267604
 269    8.9414     0.005473     0.012736    36.227673    96.635971
 270    8.9437     0.032022     0.011098    28.723740    21.949912
 271    8.9515     0.069693     0.008717   182.385643    87.049195
 272    8.9599     0.023821     0.009818   -35.115780   -29.197037
 273    8.9737     0.009401     0.002757    25.103503    25.306013
 274    8.9748     0.005079     0.001789    -8.452241    -6.331050
 275    8.9758     0.021478     0.001091    17.960060    11.003756
 276    8.9835     0.000408     0.000926    -1.320860     2.119137
 277    8.9870     0.033980     0.012637   -37.131496   -24.149819
 278    8.9957     0.004928     0.004384    10.314339    12.926167
 279    8.9999     0.011080     0.000025     7.868864     0.311636
 280    9.0024     0.001626     0.000682    -2.125353    -0.153570
 281    9.0071     0.002014     0.000126     4.268512     1.576891
 282    9.0123     0.048113     0.025294    93.799957   102.410895
 283    9.0148     0.015758     0.011674   -61.765332   -75.566609
 284    9.0158     0.038995     0.006964  -135.528371   -54.871703
 285    9.0198     0.017605     0.001799   112.407729    47.368261
 286    9.0232     0.027988     0.016558    27.160662    23.181609
 287    9.0321     0.006296     0.000735     2.010288     0.785971
 288    9.0398     0.015488     0.003646   -14.265764   -11.486330
 289    9.0500     0.004259     0.000428    39.987470    14.727528
 290    9.0529     0.001390     0.007007    15.488178    43.750136
 291    9.0645     0.004728     0.003643   -47.479802   -50.202506
 292    9.0675     0.006962     0.008179   -13.704111   -18.720626
 293    9.0834     0.002720     0.002352   -17.300438   -25.992770
 294    9.0885     0.000106     0.001838    -2.306389   -12.577389
 295    9.1009     0.030392     0.014212    83.991067    67.968733
 296    9.1072     0.004294     0.001974    22.287112   -18.276136
 297    9.1140     0.049302     0.010138  -126.908653   -78.654743
 298    9.1199     0.000487     0.000135    -2.175454    -5.225582
 299    9.1255     0.015190     0.007268    66.451096    60.374073
 300    9.1308     0.146645     0.031524  -110.673887   -73.471036
 301    9.1431     0.001884     0.000203    18.855784     6.441152
 302    9.1462     0.014649     0.001718    87.301506    52.381165
 303    9.1624     0.003711     0.003480   -35.252200   -39.699998
 304    9.1639     0.000678     0.000341     2.387911     0.682717
 305    9.1735     0.004114     0.000386   -15.835573    -5.864519
 306    9.1751     0.096236     0.021466   -85.677107   -50.677719
 307    9.1951     0.001374     0.000775   -12.381616   -12.279756
 308    9.2174     0.113419     0.052119   -34.538794   -23.432301
 309    9.2252     0.007673     0.001104    13.593247     9.160638
 310    9.2282     0.006367     0.001597   -46.896949   -32.809873
 311    9.2368     0.018678     0.003421    -4.856522    -3.338253
 312    9.2383     0.000710     0.001067    -5.077307   -10.998469
 313    9.2449     0.062287     0.020457    22.046600    20.436602
 314    9.2582     0.002826     0.009250    20.311890    36.468598
 315    9.2605     0.000550     0.001005    -1.713036     5.702264
 316    9.2742     0.000706     0.000651     0.745795    -0.110011
 317    9.2815     0.037813     0.017378   -48.253691   -36.767136
 318    9.2841     0.026752     0.009386   -24.224631   -21.494606
 319    9.2885     0.000190     0.000489    -0.696082    -2.921496
 320    9.2952     0.085535     0.017457    63.906386    37.561949
 321    9.3006     0.026291     0.004541   -36.936861    -6.125811
 322    9.3048     0.000290     0.000439    -0.336945    -0.167817
 323    9.3185     0.033284     0.013086    50.072668    54.384988
 324    9.3212     0.001114     0.001025     0.449073    -0.642550
 325    9.3350     0.021202     0.008767    20.729761    11.317775
 326    9.3420     0.000131     0.000392    -1.317640     3.861469
 327    9.3515     0.000912     0.000819     3.446773     3.806958
 328    9.3655     0.000159     0.000609    -1.713923    -4.257597
 329    9.3714     0.024224     0.002947    64.849750    31.728747
 330    9.3732     0.002165     0.000799    -3.006965     4.834280
 331    9.3782     0.016140     0.010099    -2.988251    -9.487324
 332    9.3809     0.002069     0.000467     1.603817     4.011557
 333    9.3852     0.003117     0.000371    -3.919099    -1.281894
 334    9.4019     0.006583     0.000895   -27.917343   -11.639969
 335    9.4063     0.003095     0.001868    -8.505505    -6.944062
 336    9.4099     0.007729     0.003807    -2.387863    -2.273609
 337    9.4243     0.004037     0.000741    -7.256750     5.926856
 338    9.4351     0.013083     0.000095   -35.440202    -5.817893
 339    9.4390     0.000014     0.000046     0.129254     0.328484
 340    9.4397     0.002280     0.002908     3.326103    16.162523
 341    9.4423     0.000041     0.000043    -0.046643    -0.079748
 342    9.4500     0.015334     0.004707    19.210099    17.163304
 343    9.4648     0.014808     0.005062     7.466085    -5.914511
 344    9.4665     0.001366     0.005205    -1.988144    -5.570768
 345    9.4765     0.003259     0.002832     9.177744    10.716719
 346    9.4805     0.000048     0.000100     0.169831     0.248680
 347    9.4819     0.000075     0.000091     0.193346     0.185498
 348    9.4843     0.003134     0.001297    -2.846915    -2.946098
 349    9.4975     0.004368     0.010636     9.395783    13.809355
 350    9.4985     0.000367     0.003276    -3.374309    15.046755
 351    9.5266     0.002220     0.001017     6.164790     5.422581
 352    9.5279     0.002334     0.001009     0.493151     0.519763
 353    9.5337     0.000541     0.000512     4.973176     5.847682
 354    9.5436     0.018413     0.003546   -35.880895   -18.121981
 355    9.5510     0.000309     0.003014    -4.065888    14.263390
 356    9.5557     0.005193     0.000477    -5.169789    -2.056814
 357    9.5603     0.000028     0.000092    -0.213777    -0.577763
 358    9.5619     0.000085     0.000698     0.788581     2.637591
 359    9.5674     0.005649     0.000174    -9.803149    -2.318529
 360    9.5725     0.009555     0.004375    20.513088    17.724144
 361    9.5733     0.002262     0.000951     4.720423     3.096008
 362    9.5796     0.002102     0.000314    -0.093749     0.320235
 363    9.5837     0.001441     0.000711    -1.446524    -0.229624
 364    9.5884     0.035041     0.010927     9.311407     8.007393
 365    9.5925     0.001140     0.000119     2.560255     1.018100
 366    9.6008     0.000099     0.000599    -0.336355     1.858138
 367    9.6064     0.026963     0.010209    -0.463397    -3.549296
 368    9.6139     0.004010     0.001307    -8.196173     4.987009
 369    9.6213     0.002874     0.000876     5.918790    -4.849373
 370    9.6235     0.000355     0.001647    -0.845667    -1.638666
 371    9.6293     0.012767     0.003278   -16.933316   -11.160591
 372    9.6387     0.016940     0.009003   -21.571832   -22.170109
 373    9.6402     0.020888     0.006392   -26.084948   -16.597758
 374    9.6471     0.007662     0.001581    15.285220     9.687956
 375    9.6496     0.009821     0.002001    18.857012    10.190279
 376    9.6500     0.014048     0.002356    23.905629     9.604101
 377    9.6543     0.000912     0.001080     1.685614    -1.346011
 378    9.6591     0.002711     0.001849    -1.607440    -2.368643
 379    9.6630     0.000427     0.000051    -3.634150     0.908934
 380    9.6688     0.010712     0.001574    11.783567     2.717053
 381    9.6709     0.018907     0.005697    16.893746    11.226309
 382    9.6729     0.009816     0.005680     9.496183     6.661949
 383    9.6837     0.023635     0.006866   -91.467653   -63.463835
 384    9.6972     0.008024     0.008061    28.854324    36.145708
 385    9.7013     0.007059     0.000065    41.271124    -1.541603
 386    9.7075     0.011866     0.000661    -7.925278    -2.856968
 387    9.7172     0.000050     0.022083     0.137411     4.481476
 388    9.7230     0.000010     0.008247     0.135957     5.100443
 389    9.7237     0.000281     0.012676     2.345103    15.498157
 390    9.7335     0.001213     0.000425    -3.337673    -2.560190
 391    9.7343     0.004335     0.011041    13.379034    25.467531
 392    9.7500     0.039475     0.009359   -30.839690   -22.013058
 393    9.7506     0.017059     0.004186   -15.448943   -11.325685
 394    9.7525     0.000011     0.000001    -0.018094    -0.000549
 395    9.7631     0.002362     0.001643    -2.537796    -2.763760
 396    9.7718     0.140759     0.041915     1.092346     6.934031
 397    9.7766     0.000546     0.004193     1.314752    -4.505477
 398    9.7808     0.005417     0.003000     4.233186     1.271545
 399    9.7879     0.009809     0.002640    10.863468     4.515585
 400    9.7921     0.001637     0.000636    -8.789677    -6.162442
 401    9.8019     0.005751     0.002198   -18.801213   -15.161517
 402    9.8030     0.010312     0.011117     9.685138    14.789042
 403    9.8112     0.009838     0.001681   -14.985716    -8.157400
 404    9.8154     0.005334     0.000071    -1.988084    -0.400831
 405    9.8242     0.000108     0.000130     1.281091     0.955375
 406    9.8313     0.000109     0.003728     1.258280    16.249873
 407    9.8348     0.019108     0.006103   -13.913863    -7.750350
 408    9.8366     0.034207     0.012848   -30.243310   -19.128155
 409    9.8378     0.001141     0.001063     4.819534     6.818871
 410    9.8398     0.002813     0.000291   -24.598176    -3.062177
 411    9.8460     0.000630     0.000273     0.931419     1.896786
 412    9.8514     0.000100     0.001722    -2.502918    10.898874
 413    9.8584     0.004575     0.001027     3.115733     1.907969
 414    9.8594     0.004166     0.001963    -0.098716     0.093159
 415    9.8597     0.021918     0.008340    51.619377    44.032450
 416    9.8612     0.002270     0.004174     5.040064     9.931165
 417    9.8638     0.000870     0.004100    -0.295626     2.549538
 418    9.8717     0.005532     0.004101   -11.790395    -9.720913
 419    9.8727     0.001943     0.002692    -4.963339    -8.804532
 420    9.8755     0.003681     0.001615     5.561449     0.600996
 421    9.8813     0.005947     0.001352     5.424575     1.989433
 422    9.8842     0.000430     0.001829     2.375231     5.592709
 423    9.8970     0.009992     0.004771   -22.791571   -17.138386
 424    9.9046     0.003546     0.000636     1.574922     1.390153
 425    9.9111     0.000835     0.002239    -1.272863    -6.663924
 426    9.9137     0.037230     0.008665     2.068130     3.215787
 427    9.9259     0.005083     0.000444    -0.513966    -0.199606
 428    9.9268     0.000543     0.001297     3.521915     8.299530
 429    9.9285     0.016801     0.007158   -24.353723   -19.067048
 430    9.9317     0.000784     0.000326   -11.113558    -7.901339
 431    9.9409     0.007469     0.001517   -15.805696    -9.799439
 432    9.9472     0.000081     0.000228     0.381863     1.519910
 433    9.9509     0.005829     0.001011    -0.243991    -0.272582
 434    9.9595     0.017723     0.003021   -15.430159    -8.988750
 435    9.9606     0.007167     0.001748     4.577057     3.004138
 436    9.9634     0.000532     0.000254    -1.091908     0.289432
 437    9.9642     0.000984     0.000019    -4.931543    -1.294608
 438    9.9692     0.000448     0.000438     0.203602     0.922369
 439    9.9698     0.030841     0.016884    -5.707926   -10.753519
 440    9.9776     0.014106     0.002097     9.160108     2.939709
 441    9.9824     0.031510     0.006418     3.597546    -3.331903
 442    9.9903     0.002863     0.000037    12.654744     2.504539
 443    9.9994     0.001548     0.000604    -5.954442     0.010423
 444    9.9999     0.000387     0.000884    -2.171702     1.626566
