           2           1  0.885973841784161     
           3           1  3.223099228240437E-002
           3           2  0.901396286045106     
           4           1  3.214230776975947E-002
           4           2  0.886345518380709     
           4           3  3.222560384052443E-002
           5           1  1.721873489645485E-002
           5           2  0.963552979452006     
           5           3  1.718600079401326E-002
           5           4  1.717383251840704E-002
           6           1  3.903147613740011E-003
           6           2  6.415083978040211E-003
           6           3  6.881430430228036E-003
           6           4  3.867789353894609E-003
           6           5   1.30244278350560     
           7           2  9.692431244059399E-003
           7           5  2.124033247671192E-003
           7           6   1.54979981000870     
           8           5  6.325297753536401E-002
           8           6  2.989174734145173E-003
           8           7   1.27970047038558     
           9           6  2.928467844658510E-002
           9           7  7.655889391533837E-003
           9           8   1.22638225384665     
          10           5  2.640075937805689E-002
          10           6  3.422474723428936E-003
          10           7  3.640070322839545E-002
          10           8  1.155048601107862E-002
          10           9   1.47764667083218     
          11           8  1.318182611178390E-002
          11           9  9.663037502909564E-003
          11          10   1.05284438739568     
          12           5  2.485660437045626E-003
          12           7  2.382466976622113E-003
          12           9  2.101225363178191E-002
          12          10  6.799139158159320E-003
          12          11   1.37634936298202     
          13          10  1.193854513818676E-002
          13          11  2.609871280727013E-003
          13          12   1.45821596167888     
          14           9  1.033232904653763E-002
          14          11  9.624142686445206E-002
          14          12  3.224600310786884E-003
          14          13   1.38381083754633     
          15          11  5.512958998947302E-003
          15          12  1.126067338922048E-002
          15          13  1.409658299427769E-002
          15          14  0.984452890990423     
          16          11  2.162079396401776E-003
          16          13  6.786357255217298E-003
          16          14  9.791946339783678E-003
          16          15   1.04470176596997     
          17          13  3.474600543165151E-003
          17          14  2.515998736705219E-003
          17          15  4.986846954239250E-002
          17          16   1.39447259627133     
          18          15  9.489151829040129E-003
          18          16  4.598940881532051E-003
          18          17   1.40386122843278     
          19          15  2.339888520319812E-002
          19          16  9.238192190192948E-002
          19          17  7.892373450280194E-003
          19          18   1.45541481208075     
          20          15  1.930041766256497E-002
          20          16  8.567093729946908E-003
          20          17  7.886808691254592E-002
          20          18  7.424156816710584E-003
          20          19   1.39690913905410     
          21          14  9.302127908416915E-003
          21          15  1.888426319669018E-002
          21          16   1.28128824195901     
          21          17  8.868987525545113E-003
          21          18  9.260806442771725E-002
          21          19  4.665048624662482E-003
          21          20   1.40711900651595     
          22          15  8.597935611285497E-003
          22          16  3.293811539220683E-002
          22          17  2.212234700506058E-002
          22          18  2.447003624961531E-002
          22          19  1.114631484231270E-002
          22          20  5.428010356345284E-002
          22          21   1.06571800257511     
          23          14  9.027210732153479E-003
          23          15  1.877109946688349E-002
          23          16  1.106399580097573E-002
          23          17  3.693359844314970E-003
          23          19  2.696561061840554E-003
          23          20  1.085863950944924E-002
          23          21  3.231833187512811E-003
          23          22   1.06667282907399     
          24          15  1.932045197995990E-002
          24          16  3.054533741918022E-003
          24          17  3.057895217018815E-003
          24          18  4.149867711151461E-003
          24          20  7.059625590560895E-003
          24          21  1.087367906934971E-002
          24          22  5.436540679912550E-002
          24          23   1.40561219487131     
          25          15  2.298288355984192E-002
          25          17  4.872206694221472E-003
          25          19  2.908318999610946E-003
          25          21  2.679047149062137E-003
          25          22  1.112020217957694E-002
          25          23  4.629485110406658E-003
          25          24   1.39793089461474     
          26          15  9.473065408797488E-003
          26          18  2.292305988451081E-003
          26          20  4.142225016130503E-003
          26          22  2.454427301508579E-002
          26          23  9.230724245624072E-002
          26          24  7.426147318327964E-003
          26          25   1.45464440301217     
          27          13  2.984121759033095E-003
          27          14  2.637487392203072E-003
          27          15  4.909089889787688E-002
          27          16  9.129710963450784E-003
          27          17  8.073026355649758E-003
          27          19  4.880898783034160E-003
          27          20  3.011882398443238E-003
          27          21  3.685955246215683E-003
          27          22  2.205623894837591E-002
          27          23  8.747095239977654E-003
          27          24  7.909634042517327E-002
          27          25  7.665401793646034E-003
          27          26   1.40356493384512     
          28          11  2.105452188667075E-003
          28          13  9.884044195624086E-003
          28          14  9.541715215313057E-003
          28          15   1.04301105799009     
          28          16  7.356195728529956E-003
          28          17  9.143912673074413E-003
          28          20  3.071095173159039E-003
          28          21  1.104170364443070E-002
          28          22  3.305192178711593E-002
          28          23   1.28237842348399     
          28          24  8.605853349884191E-003
          28          25  9.242202879385911E-002
          28          26  4.631134473951684E-003
          28          27   1.39476789179620     
          29          10  1.195442967647871E-002
          29          11  2.361740351531893E-003
          29          12  0.100660092612911     
          29          13  4.167966754445905E-003
          29          14   1.37579173652402     
          29          15  1.375223308568333E-002
          29          16  9.749105916944494E-003
          29          17  2.681739553727605E-003
          29          27  3.051854935390961E-003
          29          28  6.809798432296103E-003
          30           5  2.331501124674269E-003
          30           7  2.460834800681147E-003
          30           9  2.364636348413877E-002
          30          10  6.674650405325889E-003
          30          11   1.36689692118928     
          30          12  2.295057515958119E-003
          30          13  0.101554094079735     
          30          14  3.164216743791605E-003
          30          15  1.102543610569917E-002
          30          29   1.46790192901067     
          31           5  3.328836579876788E-003
          31           6  2.667691679889664E-002
          31           8  6.229453045504774E-002
          31           9  2.405390708112586E-002
          31          10   1.15350201525323     
          31          11  6.350185902274736E-003
          31          12  1.233269021688292E-002
          31          14  2.907662375111968E-003
          31          30  7.497372865424117E-003
          32           9  1.214379072706910E-002
          32          10  6.359572843453130E-003
          32          31   1.05266406460378     
          33           6  2.347358957867888E-003
          33           8  4.062352691245085E-003
          33          10  7.492873863145166E-003
          33          30  2.764025061731974E-003
          33          31  6.687249705613880E-003
          33          32   1.36706749652459     
          34          31  1.194845768534473E-002
          34          32  2.356816768832482E-003
          34          33   1.46774754585591     
          35           8  2.680677667756132E-003
          35          10  2.906105174408054E-003
          35          32  9.627702001395394E-002
          35          33  3.166577904213551E-003
          35          34   1.37604581897255     
          36          32  5.452712774950129E-003
          36          33  1.101450879853542E-002
          36          34  1.368975193609478E-002
          36          35  0.984022757445550     
          37          32  2.113207912054181E-003
          37          34  6.826674013102260E-003
          37          35  9.544565806192054E-003
          37          36   1.04321119709258     
          38          34  3.045054858406871E-003
          38          35  2.620226900094525E-003
          38          36  4.918072621050364E-002
          38          37   1.39476445779961     
          39          36  9.469823201768405E-003
          39          37  4.628464924594643E-003
          39          38   1.40345479460928     
          40          36  2.302862849876140E-002
          40          37  9.240556429491198E-002
          40          38  7.683977634243187E-003
          40          39   1.45476589688115     
          41          36  1.933385711691945E-002
          41          37  8.607605275655433E-003
          41          38  7.905531895064938E-002
          41          39  7.431412873665335E-003
          41          40   1.39777199708266     
          42          35  9.030364571701918E-003
          42          36  1.879446136098552E-002
          42          37   1.28219507386241     
          42          38  8.758840608814480E-003
          42          39  9.230460537128346E-002
          42          40  4.634020811757954E-003
          42          41   1.40573606104137     
          43          36  8.606206885355822E-003
          43          37  3.304595884513921E-002
          43          38  2.206849440140676E-002
          43          39  2.455496265346118E-002
          43          40  1.111990647080263E-002
          43          41  5.440988658503915E-002
          43          42   1.06672241077153     
          44          35  9.294068828154412E-003
          44          36  1.889500520908748E-002
          44          37  1.104385281664182E-002
          44          38  3.691647839443844E-003
          44          40  2.682625387213229E-003
          44          41  1.087693571440913E-002
          44          42  3.232739028785641E-003
          44          43   1.06552093696785     
          45          36  1.930910501175993E-002
          45          37  3.068211584735351E-003
          45          38  3.015324439965525E-003
          45          39  4.141372037667612E-003
          45          41  7.061096882619215E-003
          45          42  1.084805750794563E-002
          45          43  5.426662865520995E-002
          45          44   1.40722567214081     
          46          36  2.341429050594705E-002
          46          38  4.889846440126484E-003
          46          40  2.913504007811891E-003
          46          42  2.697912406141597E-003
          46          43  1.115135990925498E-002
          46          44  4.667786169274774E-003
          46          45   1.39685180779833     
          47          36  9.491212302261479E-003
          47          39  2.290677238242000E-003
          47          41  4.149674092687811E-003
          47          43  2.445458948954161E-002
          47          44  9.262494154972374E-002
          47          45  7.418179917353456E-003
          47          46   1.45545738750524     
          48          34  2.673671047346348E-003
          48          35  2.499801506590077E-003
          48          36  4.988844527812258E-002
          48          37  9.139509522319263E-003
          48          38  8.086161336685360E-003
          48          40  4.880068213349231E-003
          48          41  3.061223232540287E-003
          48          42  3.697866618834369E-003
          48          43  2.212990270915376E-002
          48          44  8.869804699366863E-003
          48          45  7.887614133626379E-002
          48          46  7.895576828504646E-003
          48          47   1.40385001308717     
          49          32  2.161470892220080E-003
          49          34  9.737465368752246E-003
          49          35  9.788811017648070E-003
          49          36   1.04467614118851     
          49          37  7.354928736232134E-003
          49          38  9.140267738074343E-003
          49          41  3.052676350651012E-003
          49          42  1.106474991031321E-002
          49          43  3.290919255261606E-002
          49          44   1.28136003683020     
          49          45  8.560322626658212E-003
          49          46  9.238474969200516E-002
          49          47  4.594214969597596E-003
          49          48   1.39447644195291     
          50          31  1.193731227808207E-002
          50          32  2.604680637917289E-003
          50          33  0.101619491087937     
          50          34  4.162762442664108E-003
          50          35   1.38399854547230     
          50          36  1.403729875505999E-002
          50          37  9.877778951762948E-003
          50          38  2.979471010024327E-003
          50          48  3.457449239451942E-003
          50          49  6.785941275150618E-003
          51           6  2.504791966916780E-003
          51           8  4.485779202243077E-003
          51           9  2.725296122657167E-003
          51          10  1.233552643998943E-002
          51          31  6.827382361152887E-003
          51          32   1.37644603995472     
          51          33  2.298695367907223E-003
          51          34  0.100713199268216     
          51          35  3.228384891410896E-003
          51          36  1.125585381547990E-002
          51          50   1.45812747760684     
          52           5  2.854696653266687E-002
          52           7  1.118009821245083E-002
          52           8  1.769378372851069E-002
          52           9  7.046222530373006E-002
          52          10  2.397487417212560E-002
          52          11  1.215159542909553E-002
          52          12  2.717073912488174E-003
          52          31   1.47839786110542     
          52          32  9.685074169666848E-003
          52          33  2.368008755807080E-002
          52          35  1.036350305543422E-002
          52          51  2.104453865353925E-002
          53           2  1.169494680102967E-002
          53           5  2.967525680964044E-003
          53           6  6.375844401526619E-002
          53           7  4.391728312878249E-003
          53           8   1.22806756495948     
          53           9  1.758618910425718E-002
          53          10  6.183890527533962E-002
          53          12  4.445090971323019E-003
          53          14  2.653977815294594E-003
          53          30  4.027294405471710E-003
          53          31  1.134870386037351E-002
          53          32  1.315316652514877E-002
          53          52   1.22405263478989     
          54           1  1.010291933877252E-002
          54           2  7.059124478072010E-003
          54           3  2.491301490466660E-003
          54           4  9.692325154514974E-003
          54           5   1.51934520906755     
          54           6  2.518151177017356E-003
          54           7  0.110017963635467     
          54           8  4.370586716012945E-003
          54           9  1.099822516591714E-002
          54          31  3.648712006443015E-002
          54          33  2.466350258030415E-003
          54          51  2.386308404396876E-003
          54          52  7.746410615348340E-003
          54          53   1.28403245951201     
          55           4  2.170993681004576E-003
          55           6  0.969029202143538     
          55           8  1.155766377091764E-002
          55          54  8.757691844029906E-003
          56           5  1.168840709854170E-002
          56           7  0.967410441412924     
          56          53  9.156945302025611E-003
          57           9  4.074150371689199E-003
          57          12  0.968422623492150     
          57          14  1.064692757825169E-002
          57          30  9.515473399822965E-003
          58          11  1.069656521638212E-002
          58          13  0.969351087911256     
          58          29  9.518660565702207E-003
          59          17  0.965972069629911     
          59          19  1.038514841247025E-002
          59          21  9.319144191636678E-003
          60          16  1.028676651269967E-002
          60          18  0.972512158407240     
          60          20  1.086663603949370E-002
          61          17  1.087703663750367E-002
          61          19  0.972440322585875     
          61          21  1.020802431734742E-002
          62          16  9.378321242880983E-003
          62          18  1.038172273874593E-002
          62          20  0.967636473545898     
          62          22  4.108047620349853E-003
          63          22  4.034658126586691E-003
          63          24  0.967644589439251     
          63          26  1.039199051193783E-002
          63          28  9.384988205149228E-003
          64          23  1.022256449574159E-002
          64          25  0.972485142448276     
          64          27  1.084570949184305E-002
          65          24  1.086146630036739E-002
          65          26  0.972425213731973     
          65          28  1.031427133405016E-002
          66          14  2.116820616259809E-003
          66          23  9.270573886457618E-003
          66          25  1.043055246570698E-002
          66          27  0.965742842177448     
          66          29  2.097710861003287E-003
          67          11  1.075435949631651E-002
          67          13  9.260704101924486E-003
          67          29  0.969241933574052     
          68          12  9.588205277912227E-003
          68          14  1.066447208942017E-002
          68          30  0.967839160490743     
          69          33  0.967836136021470     
          69          35  1.066133832712157E-002
          69          51  9.590191191438958E-003
          70          32  1.075145000264010E-002
          70          34  0.969242074227166     
          70          50  9.261995166776985E-003
          71          34  2.081641692379980E-003
          71          35  2.129115809398834E-003
          71          38  0.965747361934665     
          71          40  1.042978346170057E-002
          71          42  9.271676306080166E-003
          72          37  1.031429934707584E-002
          72          39  0.972426249243736     
          72          41  1.086366757575087E-002
          73          38  1.084754670642320E-002
          73          40  0.972485193223392     
          73          42  1.022065096554130E-002
          74          37  9.387168151263846E-003
          74          39  1.038976278935945E-002
          74          41  0.967645408681042     
          74          43  4.033858564384777E-003
          75          43  4.106917264452923E-003
          75          45  0.967636565666948     
          75          47  1.038101393273772E-002
          75          49  9.378366855932459E-003
          76          44  1.020674185301663E-002
          76          46  0.972441947248206     
          76          48  1.087728133365270E-002
          77          45  1.086643441593351E-002
          77          47  0.972515618195519     
          77          49  1.028524567945815E-002
          78          44  9.319092088736276E-003
          78          46  1.038456715398907E-002
          78          48  0.965993502554527     
          79          32  1.069286108464616E-002
          79          34  9.520473980169085E-003
          79          50  0.969357057008090     
          80          33  9.519052221255280E-003
          80          35  1.064258284710457E-002
          80          51  0.968424082130146     
          80          52  4.079061105383743E-003
          81           3  1.271984540367531E-002
          81           6  1.080433552788204E-002
          81           8  9.118221937788749E-003
          81          54  0.963365462229688     
