 NM
 UV
 MMASS
   604.785999999999     
 LFAKTOR
  0.5
 RFAKTOR
  1.0
 WIDTH
  0.20
 SHIFT
  0.00
 DATXY
   1    2.9380     1.208557     0.439531   -30.597129   -28.282294
   2    3.3524     0.556718     0.207328   112.370818    57.555500
   3    3.5670     0.017569     0.004889     5.129761    24.964063
   4    3.7584     0.061315     0.063422    26.891170    31.685465
   5    3.8756     0.018424     0.019992   -31.865668   -51.106978
   6    4.0474     0.060233     0.056592    -7.340622  -108.763855
   7    4.0870     0.040703     0.040251   -12.443790   -14.940807
   8    4.0985     0.198271     0.107439  -139.569647   -44.460961
   9    4.2310     0.005897     0.003532    -1.513052   -13.486850
  10    4.2445     0.186383     0.085786   184.374351   109.137590
  11    4.3400     0.091150     0.027995   -94.378947   -68.065627
  12    4.4142     0.308836     0.175181    84.609900    61.667663
  13    4.4752     0.118704     0.082993   174.561082    66.392768
  14    4.7776     0.097699     0.034145    27.456774     5.909155
  15    4.8505     0.123180     0.064194   -69.930974    12.666664
  16    5.0463     0.001564     0.024470    -5.113708    -2.140355
  17    5.0993     0.000415     0.000391   -19.430233   -21.034820
  18    5.1142     0.006808     0.034282     9.649532   -16.512616
  19    5.3197     0.293309     0.114823   -11.447705     0.866136
  20    5.3657     0.000436     0.002200    -0.165459    -5.602114
  21    5.4200     0.200993     0.086953     8.687419    20.170289
  22    5.4807     0.041245     0.023056    58.571088    47.412068
  23    5.5189     0.005029     0.007439   -36.928709   -49.326312
  24    5.5645     0.078756     0.040320   -42.715924   -48.396762
  25    5.5947     0.006456     0.016920    40.868504    61.368212
  26    5.6313     0.144691     0.062105   -73.234075   -45.322226
  27    5.7021     0.051807     0.024765    81.138927    56.741974
  28    5.7063     0.017011     0.018543   -79.332213  -104.293172
  29    5.7116     0.021066     0.012765    67.065934    45.238057
  30    5.7265     0.006971     0.003550     3.046567     6.504737
  31    5.7499     0.016697     0.010249   -16.930138   -21.537989
  32    5.7798     0.006713     0.004690    -2.279555    11.252036
  33    5.8057     0.021057     0.005431    19.948286    12.206705
  34    5.8320     0.014906     0.015469    -8.490460   -28.126478
  35    5.9058     0.046774     0.029282    45.890461    34.792892
  36    5.9939     0.011990     0.020493     5.442399    24.376620
  37    6.0142     0.132688     0.059722   -12.265565    -2.719497
  38    6.0968     0.018310     0.009151    11.669718   -16.188752
  39    6.1517     0.048626     0.605292   -15.854101   -15.330260
  40    6.1578     0.024620     0.131040   -23.118523   -10.159117
  41    6.1976     0.000581     0.008484     2.537889    25.099007
  42    6.2187     0.123822     0.074102    -8.410975   -20.137098
  43    6.2884     0.065468     0.039783   -18.242227   -32.939540
  44    6.3189     0.035678     0.022539   -18.262978   -11.986465
  45    6.3706     0.025649     0.009261     5.903127    13.220661
  46    6.3998     0.087516     0.038263    83.319229    54.244564
  47    6.4344     0.007076     0.003968     8.125022     9.473404
  48    6.4412     0.036807     0.017727   -14.583380    -1.312220
  49    6.4680     0.003577     0.011331    16.824596     4.364642
  50    6.4741     0.047074     0.029073   -11.159939    -5.918511
  51    6.5127     0.038279     0.033928    48.176101    57.147746
  52    6.5212     0.017152     0.016290   -36.895938   -46.084919
  53    6.5722     0.068048     0.050007   -66.219982   -58.489480
  54    6.6042     0.021354     0.020183    48.086726    30.384658
  55    6.6397     0.322145     0.253124   -53.904643   -39.009066
  56    6.6412     0.069922     0.030295   -20.399441    24.093539
  57    6.6566     0.082853     0.056396    -8.737572   -26.271916
  58    6.6870     0.009922     0.001215   -20.541653    -0.361447
  59    6.6938     0.047461     0.024226    37.307385    39.945519
  60    6.7086     0.027876     0.023313   -32.099421    -8.646191
  61    6.7325     0.106297     0.052426    -0.010294   -16.645296
  62    6.7423     0.014863     0.012294   -40.164175   -41.375613
  63    6.7557     0.187173     0.128251    51.873961    58.406245
  64    6.7770     0.180020     0.110482   -91.009800    -6.870406
  65    6.8217     0.145417     0.093396   -48.735450   -56.281318
  66    6.8797     0.049537     0.033009    -6.755420    -2.077133
  67    6.8854     0.123498     0.081184   -61.246807   -33.913135
  68    6.8912     0.132810     0.069348    20.745319    14.304388
  69    6.8967     0.014107     0.017924    34.291678    57.722673
  70    6.9180     0.054859     0.024806   -50.117133   -35.378364
  71    6.9446     0.015482     0.054889     1.526220    60.568399
  72    6.9588     0.002989     0.013949   -11.759013    44.790242
  73    6.9713     0.030007     0.018176    36.069898    48.521669
  74    6.9891     0.104651     0.055846    33.599387   -56.406142
  75    7.0280     0.002080     0.001351    -6.157669    -7.062044
  76    7.0468     0.022512     0.037668   -38.133194   -35.110830
  77    7.0527     0.014599     0.018718   -16.922000   -21.182367
  78    7.0629     0.110393     0.069661   -27.045715     3.086831
  79    7.0644     0.015342     0.014431    11.858419    -6.976701
  80    7.0717     0.010452     0.033893     3.438896   -29.701842
  81    7.0932     0.157093     0.097361   -96.353224   -84.156329
  82    7.1076     0.134985     0.069155    10.873268    -6.522152
  83    7.1236     0.047560     0.017986   -38.825328   -29.357474
  84    7.1513     0.174227     0.091158   224.512982   176.610621
  85    7.1629     0.062788     0.051014   -37.177082   -82.219899
  86    7.1917     0.065967     0.026401   127.739595    60.108371
  87    7.1987     0.114709     0.036098  -360.776616    -5.736690
  88    7.2433     0.038084     0.023491   174.678129   131.705087
  89    7.2495     0.256626     0.175825   193.091260   193.177472
  90    7.2693     0.100384     0.059562  -303.892681  -260.413596
  91    7.2748     0.213810     0.099115  -315.807215  -242.291249
  92    7.2957     0.018599     0.016505   -43.114952     6.592851
  93    7.3076     0.019451     0.012967    -7.603889     5.066632
  94    7.3186     0.028049     0.016674    33.642069    27.760735
  95    7.3312     0.037819     0.040205   -53.871802   -53.596913
  96    7.3349     0.020468     0.009214   -96.256375   -71.936184
  97    7.3581     0.077094     0.045058    69.866465    42.020053
  98    7.3638     0.002142     0.000274    -2.827029    -4.551871
  99    7.3715     0.007833     0.006778   -47.833588   -75.332432
 100    7.3780     0.026531     0.016686    52.337591    39.623736
 101    7.3888     0.009864     0.006019     6.656019     6.361292
 102    7.4068     0.016789     0.019183     2.616100   -61.839763
 103    7.4165     0.036392     0.016186    -8.575284     2.161679
 104    7.4208     0.005655     0.007472     6.384879     3.133015
 105    7.4293     0.022017     0.007544     9.530025   -32.761377
 106    7.4399     0.029224     0.030275    42.999658    -6.218650
 107    7.4635     0.031428     0.029631    33.192831    46.867204
 108    7.4793     0.031184     0.030000   -77.004811    39.161564
 109    7.4925     0.323609     0.188562   186.305345    83.341074
 110    7.4993     0.046810     0.026617  -131.043135   -32.199792
 111    7.5044     0.007163     0.010263    28.900050    51.955328
 112    7.5091     0.018890     0.026195     2.781608   -11.933035
 113    7.5236     0.017374     0.062988    80.002917   106.578770
 114    7.5356     0.085733     0.044800   202.988669   144.678466
 115    7.5498     0.098444     0.047253   151.506813   119.592447
 116    7.5573     0.063458     0.028509   135.834024    89.088814
 117    7.5589     0.004013     0.002579   -39.270934    25.214538
 118    7.5796     0.046666     0.066472  -134.520907  -196.353528
 119    7.5891     0.059860     0.047432   -71.604450   -52.583038
 120    7.6015     0.036458     0.029141   -13.326371    38.886439
 121    7.6055     0.052606     0.027479    61.257297    46.702624
 122    7.6154     0.094221     0.037848   143.913452    92.719170
 123    7.6288     0.020023     0.008948    74.558072   -46.370775
 124    7.6309     0.024130     0.008090    90.473149    39.204431
 125    7.6393     0.042588     0.045363    51.702471    50.577523
 126    7.6455     0.049160     0.056207  -150.035137  -108.523040
 127    7.6675     0.085035     0.104660   254.711198   290.430453
 128    7.6853     0.024831     0.027854   -60.583060   -68.757535
 129    7.6954     0.046481     0.085435   -38.008839   -25.274281
 130    7.7104     0.097088     0.037073   160.859532   117.270034
 131    7.7242     0.036933     0.022148    84.949891    63.837377
 132    7.7426     0.006017     0.009064   -20.317598   -21.635756
 133    7.7440     0.102123     0.151081   -39.784989    67.815924
 134    7.7709     0.023940     0.036712    86.486338    54.578460
 135    7.7813     0.083648     0.114641  -210.502400  -264.179264
 136    7.7905     0.003194     0.011695     8.570301   -64.983978
 137    7.8126     0.032488     0.026215   -22.787333   -14.462916
 138    7.8247     0.032754     0.007867   -31.795170     1.016858
 139    7.8318     0.012586     0.027083    21.304168     7.962620
 140    7.8461     0.054242     0.015389    22.620798   -35.034814
 141    7.8700     0.013714     0.007081    -0.309801     1.115286
 142    7.8811     0.002739     0.044842    29.426800  -107.070692
 143    7.8918     0.000990     0.036476   -14.898383   -33.957189
 144    7.9104     0.039281     0.036198    21.594273    39.136544
 145    7.9418     0.048800     0.093112  -120.549370  -168.408911
 146    7.9557     0.056448     0.024468  -101.104954   -94.932874
 147    7.9622     0.060753     0.024505    65.215019   229.682622
 148    7.9659     0.021313     0.054089   -75.841261    39.717317
 149    7.9867     0.024289     0.079815     4.902945   -54.558458
 150    7.9929     0.001262     0.008185     1.659066    -1.341947
 151    8.0135     0.008693     0.002901    20.594577    16.354693
 152    8.0375     0.021666     0.008711   -31.507780   -19.556192
 153    8.0478     0.009486     0.009027   -20.013979   -32.010841
 154    8.0550     0.062182     0.043077    -8.121137   -22.462223
 155    8.0677     0.021414     0.054738   -44.187671   -57.216725
 156    8.0885     0.004980     0.006231     2.033212    -7.389717
 157    8.0933     0.014828     0.006958   -18.448307    -2.778710
 158    8.1007     0.042119     0.030285    63.446981    40.901998
 159    8.1192     0.035473     0.028472     3.979702    31.613128
 160    8.1315     0.043633     0.031638   -64.590769   -58.679630
 161    8.1369     0.017359     0.017246    35.595276    16.274851
 162    8.1472     0.002329     0.001660     4.775139     1.767250
 163    8.1535     0.017582     0.016342     8.249694     3.044900
 164    8.1658     0.012619     0.018258     4.439307    27.166975
 165    8.2031     0.004299     0.008283     1.588322     1.584445
 166    8.2167     0.023236     0.010882     7.511616     0.590997
 167    8.2227     0.017579     0.011341    -1.825805    13.060870
 168    8.2414     0.037212     0.020691   -16.525638   -16.204139
 169    8.2521     0.014611     0.017488    38.276108    31.406278
 170    8.2666     0.012299     0.003388   -37.019381    -0.202066
 171    8.2695     0.003605     0.002633     7.948312   -10.535909
 172    8.2815     0.024659     0.054239   -11.009815    21.867444
 173    8.2902     0.023377     0.007583    -7.103887   -18.290656
 174    8.3105     0.026830     0.060060   -13.135439    29.960747
 175    8.3232     0.032060     0.030587   -18.611847   -29.711205
 176    8.3311     0.005631     0.019504    -0.567033    13.610647
 177    8.3352     0.014052     0.008405    45.737264    11.004547
 178    8.3482     0.011652     0.012899    -4.039836    -5.051656
 179    8.3564     0.017158     0.027738   -45.208550   -58.658663
 180    8.3706     0.021235     0.013968     4.482855    19.632399
 181    8.3813     0.007396     0.018218   -32.456679   -52.755962
 182    8.3974     0.013282     0.032336   -29.701684   -20.753852
 183    8.4023     0.050655     0.019257   116.963341    70.787014
 184    8.4129     0.021281     0.018903   -39.149751   -24.214481
 185    8.4206     0.028469     0.022076     8.156960     6.062873
 186    8.4228     0.009727     0.021109     2.359946    16.080508
 187    8.4322     0.006512     0.020566    14.349851    36.807405
 188    8.4358     0.045017     0.013501    71.245091    38.365783
 189    8.4419     0.004802     0.002463    12.865891     8.831236
 190    8.4563     0.000334     0.001914    -0.445075    -3.096011
 191    8.4585     0.003711     0.008288    22.162250     1.319188
 192    8.4697     0.022955     0.051900   -40.930618   -56.937578
 193    8.4823     0.006002     0.012798    -4.035489    83.760449
 194    8.4918     0.018598     0.052700   -61.836891  -119.879876
 195    8.4943     0.024098     0.024667    41.726314    27.768282
 196    8.4999     0.006477     0.013318    -6.090552   -14.785614
 197    8.5151     0.036772     0.025965    34.999645    79.762372
 198    8.5188     0.020456     0.014201   -22.734711   -32.559443
 199    8.5368     0.045081     0.032206   -61.433645   -43.899506
 200    8.5501     0.015567     0.007741    16.353149   -15.486459
 201    8.5611     0.089609     0.040539   -52.195589    18.034619
 202    8.5681     0.008414     0.010403     7.181663    25.249667
 203    8.5733     0.019110     0.022479    29.746604    36.962529
 204    8.5783     0.081398     0.058671   -73.250861   -59.732205
 205    8.5873     0.006411     0.011425   -21.471334   -29.123299
 206    8.5990     0.001238     0.000669   -10.184853   -12.527566
 207    8.6115     0.000139     0.000265    -1.523946     3.396400
 208    8.6263     0.002171     0.007263    11.794102     8.252285
 209    8.6431     0.003204     0.005872     0.565073    -8.734631
 210    8.6481     0.001828     0.002113     4.334974    -0.058382
 211    8.6553     0.002445     0.001590   -14.582743    -4.157330
 212    8.6640     0.034717     0.019467    40.361035    28.689430
 213    8.6692     0.019360     0.013348   -35.464829   -29.204980
 214    8.6809     0.002747     0.004960    -7.460907    -9.309962
 215    8.6970     0.016018     0.003699   -14.147932    -5.758006
 216    8.7073     0.008572     0.010079    -8.518623    -8.326922
 217    8.7132     0.008465     0.003150   -10.503451    -5.856607
 218    8.7243     0.002228     0.005597    -0.410596    -2.196170
 219    8.7260     0.004670     0.017647   -19.319495   -36.947611
 220    8.7371     0.000284     0.000309     1.784133     0.013690
 221    8.7424     0.012059     0.008199     4.715618     0.576686
 222    8.7469     0.008525     0.005996   -10.261406    -1.417378
 223    8.7593     0.005195     0.012156   -23.650777   -42.447215
 224    8.7635     0.007448     0.008317   -26.524587   -30.048216
 225    8.7673     0.023927     0.011569    35.703032    31.452537
 226    8.7764     0.011340     0.005897    -9.995432    -2.799847
 227    8.7810     0.028813     0.014739    26.273550    13.445398
 228    8.7911     0.007409     0.008597   -15.690049   -13.792721
 229    8.7960     0.023623     0.021760   -17.374092   -26.145254
 230    8.8145     0.016021     0.003802    -4.272662    -8.317158
 231    8.8190     0.027707     0.020252     9.031843     8.575586
 232    8.8388     0.015472     0.017663    12.181920   -18.466840
 233    8.8469     0.007632     0.004648   -15.631550     6.588612
 234    8.8551     0.005344     0.005886    -0.059458    -0.077690
 235    8.8743     0.039032     0.025351    39.708537    36.761000
 236    8.8863     0.010205     0.003526   -28.736471    -4.502363
 237    8.8937     0.006147     0.012096   -32.995663   -37.353460
 238    8.9039     0.018885     0.012745    73.520464    56.473034
 239    8.9048     0.006645     0.005950   -18.842245   -19.443281
 240    8.9103     0.003884     0.003386     1.039233    -0.383778
 241    8.9141     0.006985     0.001093   -27.089264    -0.789288
 242    8.9332     0.000688     0.000933     0.735442    -3.298436
 243    8.9375     0.009537     0.004228    10.155449    -6.091345
 244    8.9482     0.002242     0.001660   -17.921773   -15.632864
 245    8.9487     0.012894     0.016075     7.159944     6.687201
 246    8.9565     0.001316     0.002202    -6.463215   -12.525007
 247    8.9604     0.001240     0.002894   -14.310203   -22.301348
 248    8.9700     0.007241     0.000905    -9.932165     1.898578
 249    8.9776     0.015516     0.015867    -7.471635   -12.407030
 250    8.9818     0.012157     0.008593    -0.112898    -4.777238
 251    8.9968     0.003658     0.001669   -17.496523    12.256040
 252    9.0065     0.021973     0.015694     6.760840    14.284047
 253    9.0131     0.015301     0.022807   -10.223501    -5.503335
 254    9.0213     0.006989     0.012924    -5.619959    11.932768
 255    9.0274     0.001129     0.001520    -0.547316    -0.751782
 256    9.0327     0.002545     0.001650    -1.680508    -5.912084
 257    9.0396     0.003696     0.004346   -16.415455   -12.463736
 258    9.0442     0.005935     0.000612     4.287777    -0.199132
 259    9.0472     0.009617     0.003782    -2.725425     1.119603
 260    9.0523     0.031161     0.009890   -63.870491   -44.104133
 261    9.0641     0.014097     0.006774    -8.074640   -11.225915
 262    9.0674     0.005250     0.000562   -23.315003   -17.185065
 263    9.0721     0.006491     0.021645   -29.471962   -51.267833
 264    9.0869     0.033852     0.014434    81.947738    45.314747
 265    9.0922     0.008660     0.002146    25.588762    -8.019927
 266    9.0925     0.015507     0.012833    25.902692    29.740017
 267    9.1002     0.002549     0.004691     0.877809   -19.341840
 268    9.1049     0.007097     0.003164     4.527582     7.649479
 269    9.1113     0.005439     0.009772    10.566783     0.509267
 270    9.1173     0.010400     0.007852    -2.858046     3.814499
 271    9.1265     0.006914     0.013997     9.159099    14.860340
 272    9.1343     0.005239     0.014706    10.636637   -17.543058
 273    9.1372     0.007147     0.004016     3.565927     3.356569
 274    9.1520     0.001418     0.000884    -3.551666    -4.225319
 275    9.1619     0.004254     0.004507     2.729495    -4.413078
 276    9.1645     0.001756     0.005335     3.374682    12.143357
 277    9.1723     0.004829     0.010813     0.165990    -5.445399
 278    9.1766     0.014700     0.004861   -17.168746   -14.107189
 279    9.1792     0.000659     0.005513     6.142087    29.811939
 280    9.1892     0.045133     0.050274    -3.694337   -17.531623
 281    9.1946     0.004985     0.010448    12.462017    19.390433
 282    9.1993     0.008152     0.007642     5.025598     6.176613
 283    9.2129     0.010962     0.011133     5.240185     3.016183
 284    9.2282     0.006770     0.013337    -6.624423    28.675401
 285    9.2383     0.002805     0.007356     6.677706     3.766607
 286    9.2439     0.001320     0.005015    -6.286815    -9.559932
 287    9.2496     0.003029     0.002802   -21.273731   -14.198164
 288    9.2535     0.008262     0.007605    -8.610992    -1.110980
 289    9.2637     0.002464     0.012300    -7.809752    -0.781974
 290    9.2681     0.002696     0.003246     2.726354     2.465859
 291    9.2769     0.001078     0.001313     1.507237    -2.332630
 292    9.2792     0.000613     0.000484    -9.325054     8.758116
 293    9.2887     0.001363     0.001038     0.876673     3.384286
 294    9.3000     0.032536     0.024819    12.414344    15.326112
 295    9.3033     0.001579     0.001791     1.909418    -0.918212
 296    9.3098     0.001905     0.001171   -10.784179    -9.995450
 297    9.3129     0.007160     0.003996    -9.642873   -11.597174
 298    9.3210     0.002592     0.001110    -4.560289    -1.237524
 299    9.3287     0.001665     0.001240    -7.209434     2.080667
 300    9.3363     0.017695     0.012864     4.181284    10.922468
 301    9.3401     0.001687     0.002787     5.966353     4.105334
 302    9.3476     0.006683     0.004265    -0.802783     0.882009
 303    9.3633     0.007199     0.008129    14.823629     2.462777
 304    9.3704     0.029415     0.011173    31.844286    16.268079
 305    9.3805     0.007216     0.010467     1.658017    -1.914934
 306    9.3848     0.003888     0.005006     8.000082     3.210042
 307    9.4010     0.003249     0.004157     9.808930    10.900696
 308    9.4122     0.004057     0.003188     6.327701   -21.875976
 309    9.4158     0.001155     0.001564     6.048846     1.652507
 310    9.4246     0.016526     0.021306     2.268561    -4.505632
 311    9.4270     0.014617     0.009832    19.312070    10.168484
 312    9.4413     0.008829     0.007527    -6.010720    -3.053171
 313    9.4494     0.008668     0.008923     9.082048    17.406039
 314    9.4530     0.009699     0.007548    16.126431    15.278807
 315    9.4594     0.002006     0.011027    -4.969509   -27.007237
 316    9.4670     0.000352     0.001929    -0.951233    -2.692971
 317    9.4707     0.003559     0.004575   -14.021278   -14.041956
 318    9.4834     0.003935     0.001315    -1.864817    -1.173779
 319    9.4886     0.006599     0.002201     8.169735     4.445388
 320    9.4968     0.000776     0.001727     3.817574    -3.855852
 321    9.5045     0.001612     0.006608    -9.781587    15.179182
 322    9.5112     0.004705     0.004561   -12.320186   -10.671449
 323    9.5185     0.002982     0.001668    -0.987834     3.695806
 324    9.5213     0.008815     0.003263    -9.318807    -7.099894
 325    9.5270     0.001367     0.001167     1.268476     2.134356
 326    9.5374     0.004762     0.003304     0.903410    -4.792634
 327    9.5485     0.008752     0.008868   -12.060080     1.654803
 328    9.5714     0.005492     0.004586   -11.703450    -5.273171
 329    9.5742     0.001225     0.000855     1.890406     0.974121
 330    9.5793     0.004798     0.006995   -14.780809    15.929624
 331    9.5866     0.002874     0.003781     8.246223     5.623308
 332    9.5881     0.004910     0.001450    -3.228933     0.615343
 333    9.5905     0.005564     0.001927    14.201868     8.193542
 334    9.5930     0.007930     0.013188    18.768262    26.903126
 335    9.6020     0.005864     0.001938    -7.161659    -0.496257
 336    9.6083     0.003650     0.007590    15.855289   -10.066407
 337    9.6162     0.006579     0.004283    13.050780    15.076228
 338    9.6308     0.000782     0.000576    -0.577290    -2.722038
 339    9.6411     0.006665     0.007592    -6.056446   -12.104054
 340    9.6434     0.001350     0.002267     2.256047    -0.657417
 341    9.6562     0.014276     0.004848   -13.262504    -9.092383
 342    9.6634     0.001615     0.006810    -1.041278    -2.909766
 343    9.6651     0.004627     0.006716    -3.668525     1.653449
 344    9.6720     0.001119     0.001008    -3.022612    -1.495583
 345    9.6745     0.001233     0.001248     3.380854     1.350996
 346    9.6801     0.002014     0.001693     5.538934     0.183929
 347    9.6926     0.002761     0.001812    -2.346907    10.482760
 348    9.6961     0.002853     0.003383    -3.612621    -5.363834
 349    9.7029     0.005938     0.003641    -8.718044    -5.570919
 350    9.7096     0.000972     0.000483    -4.711892    -2.520052
 351    9.7128     0.004066     0.000929    -4.496238    -2.095945
 352    9.7161     0.016604     0.011557   -10.825103    -5.362157
 353    9.7231     0.006343     0.004390     3.903506    16.950086
 354    9.7247     0.002622     0.001988     1.838489     6.654074
 355    9.7382     0.010161     0.005600   -28.129135    -7.293404
 356    9.7455     0.001895     0.002430    -6.263986    -4.806194
 357    9.7494     0.001437     0.003067    -2.466088    -2.824005
 358    9.7551     0.002661     0.002680    -5.443287     3.099811
 359    9.7589     0.004217     0.006532    23.147002    16.015347
 360    9.7645     0.001569     0.000524    -2.644012     2.104745
 361    9.7707     0.009027     0.005052     0.856883     1.662944
 362    9.7738     0.002635     0.004635   -11.697759     0.529612
 363    9.7788     0.002777     0.008870     4.782715    10.114305
 364    9.7861     0.004986     0.002562     6.715820     9.967559
 365    9.7888     0.003591     0.005501     1.570824    -4.998123
 366    9.7965     0.000156     0.000286     0.176246    -0.132771
 367    9.8005     0.006499     0.003764     0.490026     1.808108
 368    9.8034     0.001140     0.002277    -0.039672     0.556700
 369    9.8091     0.002979     0.005326     5.456395    -2.826185
 370    9.8141     0.000960     0.002238    -6.425513    -2.269628
 371    9.8174     0.004617     0.003688    11.812810     2.099981
 372    9.8221     0.003221     0.001136     6.684889    -0.341631
 373    9.8272     0.007337     0.001956     5.082964     1.216084
 374    9.8307     0.010715     0.005329    15.289101    14.106983
 375    9.8357     0.010993     0.006777    14.469978     6.420975
 376    9.8401     0.006536     0.002131    -1.336875    -3.134280
 377    9.8446     0.002179     0.002988     8.602387    -7.203926
 378    9.8472     0.005325     0.000734    -0.358919    -4.511104
 379    9.8544     0.005641     0.003265    -3.045568    -2.311193
 380    9.8668     0.019541     0.011445     5.854244    -0.314729
 381    9.8706     0.001302     0.000602    -4.936281     5.318994
 382    9.8736     0.003469     0.001632     4.256294     3.191489
 383    9.8771     0.004463     0.005853    -9.359200   -14.631289
 384    9.8858     0.004419     0.003808     7.063305     5.379327
 385    9.8898     0.001495     0.001299     0.964616    -0.289020
 386    9.8966     0.002944     0.005627    -3.285627     5.686899
 387    9.9026     0.007731     0.005469   -11.980009    -5.408654
 388    9.9053     0.002425     0.000811    -9.756120    -3.257281
 389    9.9129     0.007682     0.006477   -10.198890    -6.993880
 390    9.9140     0.000185     0.000033    -0.291253    -0.177539
 391    9.9166     0.002551     0.004597    -3.384555     0.017702
 392    9.9237     0.002627     0.002991     2.264818     1.028060
 393    9.9266     0.002557     0.000505     8.647593    -5.205757
 394    9.9277     0.003346     0.005608    -4.604337    -3.824902
 395    9.9316     0.002586     0.001545     5.540706     7.192158
 396    9.9374     0.005949     0.004805    18.869051    19.933228
 397    9.9408     0.001181     0.000584     1.801476     4.601968
 398    9.9444     0.000400     0.001003    -1.891096     1.695329
 399    9.9514     0.002436     0.004124    10.291044    -2.553081
 400    9.9577     0.000510     0.000462     0.234472    -2.255584
 401    9.9597     0.000108     0.000078     0.284337    -0.066491
 402    9.9672     0.002119     0.002282    -0.703536     0.035031
 403    9.9774     0.000501     0.000422     0.679077    -2.629137
 404    9.9842     0.001981     0.001759     1.826981     0.712196
 405    9.9890     0.001753     0.005069    -2.558309    -4.554539
 406    9.9911     0.001305     0.003041     2.094381     2.240537
 407    9.9951     0.005146     0.001781   -23.837921     1.349452
