$coord
          7.082769536161         -5.967356940473          3.593485079003     c 
          4.585536970360         -5.294523716744          4.059778153716     c 
          3.551570987856         -3.101866375808          3.078928839334     c 
          5.070356733099         -1.584431759857          1.575086124079     c 
          7.635366133565         -2.210546835830          1.179606935604     c 
          8.635122372161         -4.419174970717          2.177301036415     c 
          8.729233403336         -0.173935594684         -0.249410865727     c 
         11.138896123318          0.254346413484         -1.192820050639     c 
         11.585291534539          2.460444874003         -2.513516643387     c 
          9.662309415839          4.213031198739         -2.899144153773     c 
          7.247656753738          3.821930355191         -1.977692262381     c 
          6.796489991460          1.618005731514         -0.639864480743     c 
          4.558121086848          0.719907242823          0.417628586322     n 
          2.236076974123          1.883538631763          0.196724802883     c 
         -0.000010704274          0.502129391809         -0.000035711516     c 
         -2.236089392348          1.883565198768         -0.196746111943     c 
         -4.558139142899          0.719957454834         -0.417692375363     n 
         -5.070361682891         -1.584393790961         -1.575133769652     c 
         -3.551589936526         -3.101790489464         -3.079029870607     c 
         -4.585534709246         -5.294472995013         -4.059843080332     c 
         -7.082728312458         -5.967377062542         -3.593446338001     c 
         -8.635067799242         -4.419238375409         -2.177198930923     c 
         -7.635338858695         -2.210574398989         -1.179559517759     c 
         -8.729227654963         -0.173951591302          0.249425005810     c 
        -11.138889087536          0.254305483093          1.192850328630     c 
        -11.585301590339          2.460406472818          2.513539237198     c 
         -9.662339948733          4.213025254447          2.899130684473     c 
         -7.247693748216          3.821958155044          1.977644938785     c 
         -6.796503233172          1.618019321393          0.639847811021     c 
         -2.222080402224          4.409949169153         -0.135423629377     n 
          0.000009651872          5.513338339625          0.000067184317     c 
          2.222090124419          4.409925948203          0.135509010469     n 
          7.818078213029         -7.698529905202          4.383741312550     h 
          3.424366825437         -6.499690590694          5.227385786037     h 
          1.633655065362         -2.590585686260          3.543472228034     h 
         10.593148971294         -4.896676889658          1.864650280645     h 
         12.622831957559         -1.113589934438         -0.896558258681     h 
         13.447251749004          2.836448106030         -3.259137476727     h 
         10.063641686640          5.921970605764         -3.939605384649     h 
          5.768788564261          5.191390275537         -2.264141458382     h 
         -0.000017441145         -1.528059612042         -0.000069332838     h 
         -1.633702955230         -2.590460860761         -3.543640496390     h 
         -3.424371927258         -6.499615235393         -5.227483254389     h 
         -7.818023841296         -7.698565188951         -4.383684402649     h 
        -10.593087028310         -4.896762069194         -1.864526567840     h 
        -12.622781845725         -1.113697462876          0.896698071190     h 
        -13.447246060858          2.836364751932          3.259221811857     h 
        -10.063696368865          5.921986603169          3.939545840369     h 
         -5.768855188209          5.191463125344          2.264023280001     h 
          0.000017193503          7.559148868434          0.000113334712     h 
$end
