$coord
         -6.880959996068          9.413863915042          4.751834982611     c 
         -6.279220635013          7.011208700583          3.377479246838     c 
         -8.150146863732          5.722008858547          2.058014036498     c 
         -7.622512551317          3.524518907485          0.757613020546     c 
         -5.185125177750          2.517393568667          0.759919034617     c 
         -4.585939095046          0.266890850908         -0.528994957075     n 
         -6.569361915833         -1.403448783785         -1.070360612006     c 
         -6.890489958552         -2.484328528960         -3.447927895341     c 
         -8.817245036447         -4.198655121448         -3.873778887301     c 
        -10.480753890759         -4.880264884221         -1.967926311286     c 
        -12.581681391208         -6.724837655481         -2.422444352996     c 
        -10.154970324786         -3.794817146300          0.406042765583     c 
         -8.234980501964         -2.096290011278          0.859424474153     c 
         -2.561318596229          0.416249435894         -2.315346099441     c 
         -2.793767907057          2.301156848862         -4.142940569545     c 
         -1.036727035935          2.600237675703         -6.044371667445     c 
          0.982339237514          0.949590505953         -6.148349952976     c 
          1.244395845977         -0.905139649156         -4.326888677983     c 
         -0.461113025413         -1.213652031165         -2.346722262682     c 
          0.047768968337         -3.177154216247         -0.273579484590     c 
          0.600155171417         -1.608485355453          2.097942082889     c 
         -1.008110636490         -1.710388459775          4.180530042535     c 
         -0.692674269121         -0.217792385904          6.301260579456     c 
          1.268130208899          1.503033510214          6.400608471252     c 
          2.899648663026          1.646124386248          4.373168954994     c 
          2.622907844429          0.113809873857          2.245644843660     c 
          4.519399039377          0.427500388961          0.340297237682     n 
          4.867675608966          2.882253866090         -0.605488398110     c 
          2.775635156899          4.350872781241         -1.230900891436     c 
          3.064656298559          6.758520315504         -2.189216704780     c 
          5.443925933044          7.798254081892         -2.561130902622     c 
          5.763507834193         10.390518170826         -3.657436010348     c 
          7.529802738393          6.345947730285         -1.904022816901     c 
          7.261132248604          3.941803734769         -0.927998256562     c 
          6.635606349055         -1.170694588855          0.459738912195     c 
          7.345196077462         -2.397951912814          2.675844728498     c 
          9.411981163839         -4.001176427353          2.698688619037     c 
         10.831372202576         -4.422412902017          0.538505264520     c 
         13.069846831529         -6.156992183666          0.550556716617     c 
         10.124924969315         -3.181202485550         -1.671948310746     c 
          8.067602658529         -1.587652730356         -1.722861079362     c 
         -2.265438323735         -4.965811831023         -0.130269595776     c 
         -1.696701144966         -7.637828193750          0.850524829740     c 
          0.509843058704         -7.650604936227          2.691919450694     c 
          2.885458288538         -6.707885249988          1.342175356624     c 
          2.276354250598         -4.946803443978         -0.874025713053     c 
         -3.307153573989          3.814527353902          2.064750089556     c 
         -3.850809579494          6.023048196659          3.344643852731     c 
         -8.599661779863          9.205521410881          5.863189917395     h 
         -7.182958837216         10.947323603884          3.408748716973     h 
         -5.341409012245          9.946656373380          6.003524203709     h 
        -10.052605951998          6.466173999765          2.029181686737     h 
         -9.108773818016          2.586083570620         -0.281209347095     h 
         -5.630534663860         -1.977746541317         -4.972259181905     h 
         -9.030149730651         -5.008790859457         -5.737018198769     h 
        -12.470958333255         -8.287955625678         -1.087323629818     h 
        -12.493907096909         -7.482464246062         -4.329929482706     h 
        -14.409128616604         -5.809863700633         -2.166247307010     h 
        -11.422648486185         -4.305870526566          1.924106157034     h 
         -7.995826473306         -1.284075773007          2.717872145647     h 
         -4.417729821027          3.538045848987         -4.043210137958     h 
         -1.258914077118          4.078329494859         -7.432303007419     h 
          2.369810644257          1.107342467573         -7.636067607747     h 
          2.851924945053         -2.142080041276         -4.472577274885     h 
         -2.592009251404         -2.987731636666          4.174975402664     h 
         -1.998585726841         -0.388683840092          7.859749536976     h 
          1.532614013710          2.705229691917          8.027306113023     h 
          4.457717261005          2.969065283501          4.402173310847     h 
          0.906587139553          3.596019970149         -0.975820874259     h 
          1.397187991026          7.840668683519         -2.657966819904     h 
          6.081548216870         10.266937011378         -5.690516851162     h 
          4.082386179069         11.529931456874         -3.343124873148     h 
          7.382514460714         11.344416321563         -2.822371148917     h 
          9.406783276110          7.119486540908         -2.134794453855     h 
          8.926781773057          2.891735543331         -0.390807540462     h 
          6.293406197853         -2.075649494116          4.395820364454     h 
          9.928793950136         -4.928488739812          4.443904366432     h 
         13.387763706626         -6.932948255064          2.425830645719     h 
         14.765644470863         -5.150141364498         -0.040754027391     h 
         12.776491875926         -7.715781566218         -0.762714478750     h 
         11.205520299537         -3.481846751102         -3.378934219274     h 
          7.536148147635         -0.641831210935         -3.452733081055     h 
         -3.764496907494         -4.141492441980          0.995728200918     h 
         -3.009358059399         -5.142797959046         -2.047831622489     h 
         -3.390875858029         -8.393616590499          1.754264527911     h 
         -1.240306641772         -8.890071280895         -0.725056475602     h 
          0.078841870838         -6.434551411204          4.297515037730     h 
          0.813549023037         -9.556096100991          3.422502204905     h 
          4.098932394605         -5.723577024815          2.685908453263     h 
          3.966006490015         -8.305237465601          0.606005768214     h 
          3.989030403570         -3.916423151192         -1.323467105553     h 
          1.759665780677         -6.067291255646         -2.528440257968     h 
         -1.413602337097          3.076950579514          2.097405991362     h 
         -2.349086148266          6.981279607421          4.343441037852     h 
$end
