$coord
          2.071218294588         12.586482991155         -1.078311472516     n 
          1.287332955660         10.573329212659         -0.898353089085     c 
          0.290045586742          8.106174369311         -0.708049339782     c 
         -1.789783259583          7.457526548140         -2.143056899205     c 
         -2.743783624730          5.004432216577         -2.061152133771     c 
         -1.672345449666          3.221389381759         -0.493190229166     c 
         -2.494834303486          0.704900343215         -0.608305044289     n 
         -0.969064106797         -1.288863616552         -1.350748153932     c 
          1.709428943333         -0.931035878522         -1.896425663889     c 
          2.444987000637          0.993782407705         -3.535101902257     c 
          4.959236532742          1.513231537388         -3.967115915998     c 
          6.847448579603          0.127202282189         -2.754939611477     c 
          9.462408279951          0.654150320965         -3.120740783144     c 
         11.269066741440         -0.720776989172         -1.945015946323     c 
         10.622803766748         -2.748347388436         -0.292627073342     c 
         12.456109205422         -4.189023264656          0.940850752851     c 
         11.769872530684         -6.143311802606          2.534238144695     c 
          9.250213636128         -6.705396760464          2.937702384483     c 
          7.352707922658         -5.314485458653          1.744718999191     c 
          4.737242070700         -5.839420266933          2.112020550114     c 
          2.924253475513         -4.465458409543          0.943962228849     c 
          3.554438763080         -2.435923117539         -0.712216898639     c 
          6.140441194377         -1.875783546178         -1.125369452986     c 
          8.035040377050         -3.311172407568          0.106217013476     c 
         -2.223994804917         -3.404813918811         -1.496253319306     n 
         -4.653829822403         -2.844655033001         -0.858982072424     c 
         -6.769479524186         -4.500876755751         -0.812574379026     c 
         -6.530925907509         -7.047820199728         -1.479064221640     c 
         -8.612532899476         -8.594254714424         -1.499355041122     c 
        -10.966666881751         -7.603117856283         -0.857947097699     c 
        -11.219643312070         -5.105553040255         -0.185289925070     c 
         -9.134874167455         -3.467790675285         -0.121343796766     c 
         -9.326265232787         -0.840899889665          0.652277232198     c 
        -11.608836279222          0.196042862144          1.510212505758     c 
        -11.781867913135          2.652648612902          2.337170595948     c 
         -9.646825891464          4.186774746855          2.380529707358     c 
         -7.378459155258          3.251215302565          1.538358243424     c 
         -7.177182653677          0.771892771933          0.625877688064     c 
         -4.877919036393         -0.288708805858         -0.277568789321     c 
          0.387156176737          3.857029791565          1.109906555278     c 
          1.438969008639          2.129353272587          2.846235858875     c 
          3.513654216768          2.768442866801          4.244832815202     c 
          4.607810137194          5.169632467680          4.002353994914     c 
          3.568007656819          6.923445021369          2.415066936281     c 
          1.430826902327          6.320286775064          0.945741833735     c 
         -2.645955190449          8.838626713929         -3.377387672551     h 
         -4.315782519635          4.482468159089         -3.254504696262     h 
          1.017780410797          2.082833528363         -4.508659701782     h 
          5.483966625976          3.013687263738         -5.248424702309     h 
          9.964662922471          2.188571388346         -4.371670797566     h 
         13.248632458086         -0.310451978677         -2.236022862114     h 
         14.429237294678         -3.760147693732          0.635941625546     h 
         13.214914690055         -7.240135230312          3.470884086943     h 
          8.727623346792         -8.235856207459          4.184574677651     h 
          4.231396217744         -7.378030743501          3.356519703697     h 
          0.952247152125         -4.909424949703          1.211770117879     h 
         -4.678350274958         -7.732496760609         -1.986115623746     h 
         -8.439975436212        -10.560422468830         -2.017991440712     h 
        -12.613597086245         -8.809509339151         -0.889044270538     h 
        -13.079893275467         -4.422372687600          0.289928005027     h 
        -13.290536833474         -0.952629489536          1.552501451210     h 
        -13.573708084027          3.384804419721          2.983806478391     h 
         -9.769416186588          6.099434378038          3.081263326146     h 
         -5.716528819050          4.430465603202          1.615151835101     h 
          0.580557418672          0.293691897044          3.077949313016     h 
          4.316916895518          1.422350014987          5.550206001913     h 
          6.259714116548          5.636373807001          5.104254923949     h 
          4.366009918178          8.796061714915          2.258385928204     h 
$end
