           2           1   1.30965165947841     
           3           1  2.829487444656582E-003
           3           2   1.44700430183016     
           4           1  6.209483840867406E-002
           4           2  1.996034322217947E-002
           4           3   1.42423566363447     
           5           1  1.171208721128374E-002
           5           2  4.731194525196687E-002
           5           3  4.481119847844823E-003
           5           4   1.21093223262030     
           6           1   1.50536716368007     
           6           2  5.533117135307170E-003
           6           3  9.051763911067499E-002
           6           4  7.075508668598121E-003
           6           5   1.30479568458541     
           7           1  1.546616935412467E-002
           7           2  1.369975581506012E-002
           7           3  1.157334508042218E-002
           7           4  2.054439192879194E-002
           7           5   1.16509973017668     
           7           6  2.349308773407701E-002
           8           1  1.112752472180964E-002
           8           2  8.843656307420336E-003
           8           4  1.366542784745775E-002
           8           5  2.566069659840045E-002
           8           6  1.738153864991820E-002
           8           7   1.16523139012314     
           9           2  2.070849502821940E-003
           9           4  2.581289650743385E-003
           9           5  1.733319788367424E-002
           9           6  3.163817070068312E-003
           9           7  2.350051991078115E-002
           9           8   1.30417057202376     
          10           1  7.016703076600249E-003
          10           2  6.432539061562706E-003
          10           4  6.135403595565420E-003
          10           5  1.100689064772934E-002
          10           7  1.546292616352958E-002
          10           8  1.154156607969221E-002
          10           9   1.50590189846978     
          11           1  6.533737337315674E-003
          11           4  2.358184431017081E-003
          11           5  8.865658722977409E-003
          11           6  2.122820196251576E-003
          11           7  1.374322968255056E-002
          11           8  4.736361790567992E-002
          11           9  5.604089317197330E-003
          11          10   1.31027634562485     
          12           4  6.470882934744595E-003
          12           7  1.158500829621997E-002
          12           8  4.442511055933070E-003
          12           9  9.055802231512206E-002
          12          10  2.800278435074481E-003
          12          11   1.44621714506156     
          13           1  6.145415547644713E-003
          13           2  2.317174654317317E-003
          13           3  6.485065436635432E-003
          13           4  2.457189728189154E-003
          13           5  1.362484225711695E-002
          13           6  2.638621505006393E-003
          13           7  2.058324890593361E-002
          13           8   1.21156216517239     
          13           9  7.140728766272152E-003
          13          10  6.240761370134950E-002
          13          11  1.980409253859652E-002
          13          12   1.42501943149165     
          14           2  1.183336314194768E-002
          14           3  3.959541795285814E-003
          14           4  0.962726562732914     
          14           5  4.104938861654445E-003
          14           6  9.191152183512541E-003
          14           7  4.824122391821796E-003
          14           8  4.104337456926793E-003
          14           9  9.205375447703583E-003
          14          11  1.184061478063607E-002
          14          12  3.949397449649412E-003
          14          13  0.963094340447497     
          15           1  9.229064933087045E-003
          15           2  8.790710959512404E-003
          15           3  7.365955599437295E-003
          15           4  2.204981325819056E-002
          15           5  1.518379399276760E-002
          15           8  1.520119025116499E-002
          15          10  9.150078088871092E-003
          15          11  8.751881278690593E-003
          15          12  7.373446319420298E-003
          15          13  2.167924686586115E-002
          15          14  0.963077237206101     
          16           4  7.441423529684675E-003
          16          13  7.368608473779624E-003
          16          14  3.950023728213940E-003
          16          15   1.42496437605135     
          17           1  6.327804731014242E-003
          17           2  6.982201346111017E-003
          17           4  8.874886109612481E-003
          17           5  7.786380032856417E-003
          17           8  7.754604104007755E-003
          17          10  6.218533650853285E-003
          17          11  6.971100142074235E-003
          17          13  8.745776770752405E-003
          17          14  1.184033283312260E-002
          17          15  1.981710916408911E-002
          17          16   1.44627613209106     
          18           1  5.480808982221091E-003
          18           2  6.235260602766471E-003
          18           4  9.290184101596190E-003
          18           5  6.632264519801108E-003
          18           8  6.623274621971514E-003
          18          10  5.396698603286855E-003
          18          11  6.225314444712777E-003
          18          13  9.146078245706974E-003
          18          15  6.238349665884220E-002
          18          16  2.802256295418290E-003
          18          17   1.31021981952343     
          19          14  9.204291740155555E-003
          19          15  7.136327430303849E-003
          19          16  9.055339461602586E-002
          19          17  5.599308083653940E-003
          19          18   1.50587159414412     
          20           1  6.716323974825223E-003
          20           2  7.768038119609061E-003
          20           4  1.532573799208272E-002
          20           5  8.162638065629137E-003
          20           8  8.163541897149962E-003
          20          10  6.616936091235617E-003
          20          11  7.755693223582066E-003
          20          13  1.519039755583002E-002
          20          14  4.104494499604381E-003
          20          15   1.21150685343145     
          20          16  4.445038094786268E-003
          20          17  4.735653627703033E-002
          20          18  1.155441223523371E-002
          20          19   1.30421116694614     
          21          14  4.824518280624118E-003
          21          15  2.058001358898466E-002
          21          16  1.158383584101135E-002
          21          17  1.374029627948467E-002
          21          18  1.546443254970548E-002
          21          19  2.349866499016112E-002
          21          20   1.16523082370570     
          22           1  6.734845754339952E-003
          22           2  7.789962409826498E-003
          22           4  1.531589027113820E-002
          22           5  8.178291178044451E-003
          22           8  8.160852465670290E-003
          22          10  6.623427238808178E-003
          22          11  7.783275845836764E-003
          22          13  1.517412608307996E-002
          22          14  4.104788321102322E-003
          22          15  1.362919264216407E-002
          22          17  8.865516099561139E-003
          22          18  1.101602646879722E-002
          22          19  1.733741316980207E-002
          22          20  2.566186462941965E-002
          22          21   1.16512259890736     
          23          14  9.192327001930737E-003
          23          15  2.634745221108582E-003
          23          17  2.119339012639984E-003
          23          19  3.163814534894407E-003
          23          20  1.737933784619014E-002
          23          21  2.349273487474472E-002
          23          22   1.30474164982245     
          24           1  5.561475461635536E-003
          24           2  6.325838547517857E-003
          24           4  9.356791810125600E-003
          24           5  6.728157292580545E-003
          24           8  6.707127922715158E-003
          24          10  5.467689511900456E-003
          24          11  6.319094888955640E-003
          24          13  9.213001863315425E-003
          24          15  6.145076541918885E-003
          24          17  6.527034960871475E-003
          24          18  7.016907243264706E-003
          24          20  1.111923018922906E-002
          24          21  1.546653844644218E-002
          24          22  1.169976954701346E-002
          24          23   1.50540917957208     
          25           1  6.332948700100697E-003
          25           2  6.986950278228527E-003
          25           4  8.883352182124269E-003
          25           5  7.791105309062287E-003
          25           8  7.764994434403208E-003
          25          10  6.226888830546605E-003
          25          11  6.980487141024166E-003
          25          13  8.780454132090868E-003
          25          14  1.183413758834463E-002
          25          15  2.320747637651071E-003
          25          18  6.440114549185307E-003
          25          19  2.074710781138123E-003
          25          20  8.846423423797390E-003
          25          21  1.370340275019489E-002
          25          22  4.731314518749846E-002
          25          23  5.538535463054685E-003
          25          24   1.30969697255789     
          26           4  7.432030602478166E-003
          26          13  7.362493995270699E-003
          26          14  3.958920230290525E-003
          26          15  6.484150949283630E-003
          26          21  1.157429045343935E-002
          26          22  4.478382727204307E-003
          26          23  9.052197017136773E-002
          26          24  2.827378188996019E-003
          26          25   1.44694553854353     
          27           1  9.353005439542478E-003
          27           2  8.876626890493898E-003
          27           3  7.427170049016768E-003
          27           4  2.223665513301000E-002
          27           5  1.530510595867878E-002
          27           8  1.531610351700359E-002
          27          10  9.274353035709140E-003
          27          11  8.863999246450687E-003
          27          12  7.437961818454068E-003
          27          13  2.200905006501755E-002
          27          14  0.962750390843897     
          27          15  2.457932727492481E-003
          27          16  6.471915689024624E-003
          27          17  2.356068961638350E-003
          27          18  6.136665610300987E-003
          27          19  2.585468105188216E-003
          27          20  1.366394989130481E-002
          27          21  2.054715529996368E-002
          27          22   1.21097235161509     
          27          23  7.080513031212880E-003
          27          24  6.211492170190240E-002
          27          25  1.994982821585885E-002
          27          26   1.42429206835157     
          28           1  0.972880457442128     
          28           3  9.689735594668293E-003
          28           5  1.119408856341165E-002
          29           2  0.973621274986901     
          29           4  1.055766069179541E-002
          29           6  9.552741694871863E-003
          30           1  1.125224483992480E-002
          30           3  0.967166100767339     
          30           5  1.023418020028526E-002
          31           2  1.161541702647372E-002
          31           4  9.173064766302589E-003
          31           6  0.967796517288749     
          32           4  9.212352484919211E-003
          32           7  0.944624973905378     
          32          13  9.211721167276412E-003
          33           9  0.967810151298895     
          33          11  1.161425878763464E-002
          33          13  9.167897347896730E-003
          34           8  1.119799284648431E-002
          34          10  0.972871025578307     
          34          12  9.696234727293751E-003
          35           9  9.556010618238870E-003
          35          11  0.973625054958159     
          35          13  1.055049410049317E-002
          36           8  1.023602931240977E-002
          36          10  1.124511386606882E-002
          36          12  0.967179267832753     
          37          16  0.967177943860438     
          37          18  1.124584731870911E-002
          37          20  1.023602194862236E-002
          38          15  1.055109351707776E-002
          38          17  0.973624966124969     
          38          19  9.555573209662707E-003
          39          16  9.695565245726860E-003
          39          18  0.972871955827954     
          39          20  1.119776138146371E-002
          40          15  9.168495987008984E-003
          40          17  1.161454681511697E-002
          40          19  0.967808804325556     
          41          15  9.211845417939960E-003
          41          21  0.944624807380353     
          41          27  9.212471595522935E-003
          42          23  0.967797778743096     
          42          25  1.161523300921671E-002
          42          27  9.172479249442748E-003
          43          22  1.119443748764801E-002
          43          24  0.972879471337536     
          43          26  9.690371471118796E-003
          44          23  9.553124234688690E-003
          44          25  0.973621431109753     
          44          27  1.055708579586486E-002
          45          22  1.023427568093862E-002
          45          24  1.125156387254970E-002
          45          26  0.967167186882905     
