           2           1  0.994169597833439     
           3           1  3.361618512281602E-003
           3           2   1.00770693263613     
           4           1  2.605641893045786E-003
           4           2  0.993861200607850     
           4           3  3.357187153689323E-003
           5           1  3.291112058109988E-003
           5           2  0.993486739692648     
           5           4  3.354004104743509E-003
           6           1  1.013136743108713E-002
           6           2  4.665501591280853E-003
           6           3  6.380177372505416E-003
           6           4  1.008104666711356E-002
           6           5   1.39639275538819     
           7           2  1.175275201436828E-002
           7           5  3.172227698504850E-003
           7           6   1.46414878184600     
           8           1  2.933264076410169E-003
           8           4  3.003835216309712E-003
           8           5  8.942618074295300E-002
           8           6  2.463975955239842E-003
           8           7   1.35470109686925     
           9           5  3.326125261673504E-003
           9           6  1.262823811312314E-002
           9           7  6.071191927447316E-003
           9           8   1.09230140685513     
          10           5  6.460082859277023E-003
          10           7  1.661499691885675E-002
          10           8  3.835912651112801E-003
          10           9   1.33516359121979     
          11           5  2.111532310550556E-003
          11           7  2.067460972748680E-003
          11           8  1.487254830776624E-002
          11           9  9.075776217479301E-003
          11          10   1.48737106070286     
          12           7  3.388824298815728E-003
          12           9  5.452798602524721E-002
          12          10  4.455569642692947E-003
          12          11   1.31058017775354     
          13           5  4.701110967806942E-003
          13           7  3.778232580789823E-003
          13           8  4.829972098183996E-003
          13           9  1.860470505051596E-002
          13          10  2.115990819508532E-002
          13          11  2.281550230140886E-002
          13          12   1.19876415008013     
          14           5  4.372403098770377E-003
          14           7  3.166323184447324E-003
          14           8  2.950869311545196E-003
          14           9  1.427863695516845E-002
          14          10  1.703911240486267E-002
          14          11  2.886610479780691E-002
          14          12  4.220111397354843E-002
          14          13   1.24362497577453     
          15           9  5.093584746132004E-003
          15          11  4.669232266834310E-003
          15          12  1.939851901297984E-002
          15          13  1.793812483288219E-002
          15          14   1.22729608833602     
          16           9  4.423339419997225E-003
          16          10  1.055942205423515E-002
          16          11  4.442503243311127E-003
          16          12  1.991269412500728E-002
          16          13  2.861447836794836E-002
          16          14  1.618579019879780E-002
          16          15   1.59575341853032     
          17           5  4.030503907819708E-003
          17           7  2.619409732508935E-003
          17           8  3.228889159001318E-003
          17           9  8.319050759642233E-003
          17          11  9.030403375343115E-003
          17          12  6.451686684016493E-003
          17          13  1.617258318422003E-002
          17          14  1.757515811660190E-002
          17          15  1.826346530482255E-002
          17          16   1.19484312378785     
          18           5  4.838421662341553E-003
          18           7  3.148831661587151E-003
          18           8  3.409182540147378E-003
          18           9  1.021892227666673E-002
          18          10  2.361152680661430E-003
          18          11  5.635467785040247E-003
          18          12  6.767047752180673E-003
          18          13  1.484055919400033E-002
          18          14  2.574063715327744E-002
          18          15  2.655156799414960E-002
          18          16  1.695230695874635E-002
          18          17   1.30750475586114     
          19           5  3.079280523769141E-003
          19           8  2.260884904628155E-003
          19           9  5.943812125672401E-003
          19          11  4.410748016885577E-003
          19          12  3.665500428303607E-003
          19          13  7.836825149082930E-003
          19          14  3.251726755323698E-003
          19          15  8.235701680168198E-003
          19          16  1.398752694504203E-002
          19          17  2.971917228665313E-002
          19          18   1.19375146882533     
          20          13  2.266955271321240E-003
          20          14  3.522993152676475E-003
          20          16  2.612642519708348E-003
          20          17  2.044392656132769E-002
          20          18  7.471784548654986E-003
          20          19   1.55942021255060     
          21           5  5.868184967956909E-003
          21           7  3.733389282375872E-003
          21           8  4.188598940461629E-003
          21           9  1.135004289169642E-002
          21          10  2.039240339723244E-003
          21          11  7.271999518031908E-003
          21          12  7.142658353414149E-003
          21          13  1.325567760197637E-002
          21          14  1.145489432969846E-002
          21          15  1.208846951605028E-002
          21          16  5.163259549237035E-003
          21          17  4.546394200847927E-002
          21          18  3.355796227558189E-002
          21          19  3.490445483840679E-002
          21          20   1.30819346229234     
          22          19  1.112307882279801E-002
          22          20  4.797933318216789E-003
          22          21   1.00282736072056     
          23          17  2.231850641808248E-003
          23          20  8.358791442598625E-003
          23          21  5.119033481367611E-003
          23          22  0.989161348014646     
          24          17  2.077631668684141E-003
          24          20  8.472791647446345E-003
          24          21  4.859072518875876E-003
          24          22  0.990204235089192     
          24          23  2.798535875984568E-003
          25          20  6.415709996729128E-003
          25          22   1.00719962236669     
          25          23  3.316806564084349E-003
          25          24  3.371834313790427E-003
          26          13  2.318854539549674E-003
          26          14  3.694752963028378E-003
          26          15  2.531588900931495E-003
          26          16  2.825765007483177E-003
          26          17  2.091733325573159E-002
          26          18  7.512233778880602E-003
          26          19  6.492928843261311E-002
          26          20  3.803647628376696E-003
          26          21   1.29470493596899     
          26          22  3.928406699879904E-003
          26          23  7.738270945644252E-003
          26          24  7.856434275591743E-003
          26          25  8.359681371655152E-003
          27           5  2.879091890903947E-003
          27           8  2.107533330546913E-003
          27           9  5.561075710212570E-003
          27          11  4.067135930494885E-003
          27          12  3.364844001075499E-003
          27          13  7.277019174476047E-003
          27          14  2.964137232201288E-003
          27          15  7.925932121341163E-003
          27          16  1.511200937759792E-002
          27          17  2.793196638689104E-002
          27          18   1.19126142982465     
          27          19  2.000537590659849E-002
          27          20  6.450575722882831E-002
          27          21  3.290468958706542E-002
          27          22  1.078897066727893E-002
          27          26   1.57261146271921     
          28           5  5.987678598395921E-003
          28           7  4.082230547147197E-003
          28           8  4.789944483889995E-003
          28           9  1.436587544533292E-002
          28          10  5.708632527402641E-003
          28          11  8.907528288821237E-003
          28          12  9.843868355639777E-003
          28          13  3.001307784238657E-002
          28          14  2.793018645262408E-002
          28          15  4.089887330611910E-002
          28          16  1.588549569959145E-002
          28          17   1.14965521378916     
          28          18  3.369212608601836E-002
          28          19  1.257553329597404E-002
          28          20  5.036953876417132E-003
          28          21  9.405375378872430E-003
          28          26  5.017735646411376E-003
          28          27  1.148777889721125E-002
          29           9  1.603558958310571E-002
          29          11  1.121336167502532E-002
          29          12  8.377081639361759E-003
          29          13  2.061306109638296E-002
          29          14   1.17974005684400     
          29          15  7.314490503891409E-003
          29          16  5.241664621497496E-002
          29          17  1.026619057344446E-002
          29          18  1.743351627353837E-002
          29          19  4.238134217576899E-003
          29          21  5.409656799258737E-003
          29          27  3.928662075816386E-003
          29          28   1.52298046568765     
          30           8  1.307502918052526E-002
          30           9  7.110357089197762E-003
          30          10  7.248769806954006E-002
          30          11  6.833652673366616E-003
          30          12   1.21378449944269     
          30          13  2.571663395514320E-002
          30          14  1.184364489904020E-002
          30          15  9.683665582021722E-003
          30          16  2.297474098208392E-003
          30          17  1.455753578203718E-002
          30          18  5.208719649734594E-003
          30          21  2.858905059130289E-003
          30          28  1.063432522934325E-002
          30          29   1.08271449342882     
          31           5  4.423616925185370E-003
          31           7  1.704225711406485E-002
          31           8  4.114495285147257E-003
          31           9   1.30529657324775     
          31          10  2.732108072238871E-003
          31          11  6.866027467352001E-002
          31          12  4.193526072924204E-003
          31          13  1.951904228050331E-002
          31          14  8.528774142103689E-003
          31          15  4.680717425947696E-003
          31          16  2.293616950054197E-003
          31          17  8.850428331519920E-003
          31          18  6.005010253285456E-003
          31          19  4.479525803989771E-003
          31          21  7.248982615637312E-003
          31          27  4.186617109873352E-003
          31          28  4.856019222018343E-002
          31          29  6.894392474342714E-003
          31          30   1.46788561932007     
          32           2  1.130522594256703E-002
          32           5  3.124304722041387E-003
          32           6  9.779740453293759E-002
          32           7  3.046627082195357E-003
          32           8   1.34481654930606     
          32           9  5.913875574218415E-003
          32          10  1.906528113274477E-002
          32          11  2.314397501007201E-003
          32          12  3.323131478481229E-003
          32          13  3.549602985483819E-003
          32          14  2.920316405653911E-003
          32          17  2.436437497500759E-003
          32          18  2.916846321908029E-003
          32          21  3.466166185625088E-003
          32          28  3.806342469832455E-003
          32          31  1.402680928027308E-002
          33           1  9.403711662668899E-003
          33           2  3.840166448168396E-003
          33           3  7.914947563676143E-003
          33           4  9.487548277193562E-003
          33           5   1.38206428334431     
          33           6  2.847240878654910E-003
          33           7  9.921838194093277E-002
          33           8  2.404687602454753E-003
          33           9  1.258751705459411E-002
          33          32   1.47880652942603     
          34           1  0.980348003470385     
          34           5  8.629803184766435E-003
          35           1  0.980173261299685     
          35           4  9.704494900031262E-003
          36           1  0.978390105500895     
          36           3  9.516075808721247E-003
          37           3  0.978813402752361     
          37           5  9.080203599758526E-003
          38           3  0.980247272878410     
          38           4  9.622054464805224E-003
          39           1  9.630664025098490E-003
          39           3  0.980305262569167     
          40           1  9.693770678732245E-003
          40           4  0.980189729475637     
          41           3  9.509540945060803E-003
          41           4  0.978404904542255     
          42           4  0.980335369725606     
          42           5  8.613365761597859E-003
          43           6  0.968015638175426     
          43           8  1.064845113741468E-002
          43          33  9.865533372415261E-003
          44           5  1.057393759989088E-002
          44           7  0.968067539564586     
          44          32  9.601217677858046E-003
          45          10  0.968177447666412     
          45          12  1.073371768680715E-002
          45          31  9.585263490189937E-003
          46           9  1.092840225043431E-002
          46          11  0.968296908708481     
          46          30  1.079743997578115E-002
          47          13  0.948814115338592     
          47          29  9.082480087689169E-003
          47          30  8.702570056857734E-003
          48          15  0.967468967867231     
          48          17  1.249308154357320E-002
          48          29  1.036291561559346E-002
          49          14  1.168224934900793E-002
          49          16  0.964219544383447     
          49          28  9.036032455399351E-003
          50          19  0.964343811063514     
          50          21  1.135518944791260E-002
          50          27  8.989335116784005E-003
          50          49  3.622215177232245E-003
          51          18  1.210269539397231E-002
          51          20  0.967222880885784     
          51          26  9.614702342248259E-003
          52          23  0.980239865605690     
          52          24  9.559080006789985E-003
          53          21  8.573723494535307E-003
          53          23  0.980349654789177     
          54          23  0.978631995249997     
          54          25  9.434052701322585E-003
          55          24  0.978395820573451     
          55          25  9.433321550607563E-003
          56          23  9.552745558631738E-003
          56          24  0.980273614105911     
          57          21  8.567982962703795E-003
          57          24  0.980297790983429     
          58          24  9.609399318730796E-003
          58          25  0.980180997159715     
          59          21  8.966966650818163E-003
          59          25  0.978960088390761     
          60          23  9.600577887200241E-003
          60          25  0.980344780172852     
          61          18  1.228018033269283E-002
          61          20  9.255627285054671E-003
          61          26  0.966382594976631     
          62          19  8.930329527274473E-003
          62          21  1.159751998545287E-002
          62          27  0.964462164491197     
          63          14  1.223745542342107E-002
          63          16  8.564774351204439E-003
          63          28  0.961263264405048     
          63          62  3.219266281319493E-003
          64          10  9.238589505018008E-003
          64          12  1.172579085871427E-002
          64          31  0.964526169846693     
          65           5  1.081640031972360E-002
          65           7  9.487787083780327E-003
          65          32  0.967983259721921     
          66           6  9.534438003436375E-003
          66           8  1.085882287617498E-002
          66          33  0.967146412721799     
