 NM
 VELO
 MMASS
   320.433000000000     
 LFAKTOR
  0.5
 RFAKTOR
  1.0
 WIDTH
  0.20
 SHIFT
  0.00
 DATXY
   1    5.0735     0.001943     0.000274    -2.206335    -2.518491
   2    5.0735     0.001943     0.000274     2.208679     2.520732
   3    5.0819     0.000051     0.000026     0.000197     0.000366
   4    5.1081     0.000000     0.000000    -0.000789    -0.001125
   5    5.8848     0.145347     0.043438   -21.382377   -15.518915
   6    5.8849     0.145403     0.043449    21.352085    15.493261
   7    6.1878     0.058312     0.012541     0.025409     0.022128
   8    6.2635     0.014863     0.005114    14.581207    11.470266
   9    6.2635     0.014857     0.005114   -14.559638   -11.454007
  10    6.2961     0.000000     0.000000    -0.001783    -0.001820
  11    6.5292     0.031785     0.033393     0.068629     0.101283
  12    6.5371     0.000000     0.000000    -0.081808    -0.114759
  13    6.6616     0.000009     0.000002    -0.118512    -0.080633
  14    6.6704     0.053883     0.028162   -11.093371   -51.701645
  15    6.6704     0.053954     0.028190    11.185434    51.710105
  16    6.6944     0.123997     0.030606   116.398297    64.056593
  17    6.6945     0.123946     0.030564  -116.539981   -64.113118
  18    6.7087     0.046964     0.000929    -0.025163     0.000384
  19    6.7194     0.000001     0.000000     0.092989     0.010875
  20    6.7570     0.233172     0.082915   -63.243629   -42.950948
  21    6.7571     0.233340     0.082939    63.349799    43.039593
  22    6.7694     0.035463     0.002468    -0.002425    -0.000130
  23    6.7911     0.001330     0.029667    -0.003024    -0.018954
  24    6.8421     0.000003     0.000001    -0.002620     0.007317
  25    6.8656     0.107117     0.033235    20.781262    12.017559
  26    6.8657     0.107073     0.033230   -20.902045   -12.112620
  27    6.8845     0.000003     0.000001     0.004758    -0.007696
  28    6.9009     0.000346     0.002625    -0.011380     0.035037
  29    6.9104     0.000001     0.000000    -0.035605    -0.035172
  30    6.9211     0.004863     0.002674   -27.904210   -25.611509
  31    6.9211     0.004900     0.002690    28.045847    25.722249
  32    6.9246     0.000805     0.000334    -0.000863     0.000863
  33    7.0015     0.000001     0.000000    -0.041997    -0.041454
  34    7.0454     0.000001     0.000000    -0.052476    -0.018843
  35    7.0626     0.026292     0.004424    31.880120    29.635262
  36    7.0626     0.026249     0.004420   -31.811187   -29.594109
  37    7.0852     0.179590     0.080703     0.041970     0.042317
  38    7.1257     0.121321     0.063903     0.007986     0.004093
  39    7.1763     0.104898     0.014348    -7.593460     5.043924
  40    7.1763     0.104971     0.014351     7.671861    -4.975736
  41    7.1805     0.016029     0.000169    -0.109087    -0.051206
  42    7.1908     0.000002     0.000000     0.186490     0.129383
  43    7.2655     0.000000     0.000000    -0.012594    -0.012082
  44    7.2775     0.059555     0.033042     0.014834     0.028610
  45    7.2813     0.262402     0.063760   -71.276424   -72.087138
  46    7.2813     0.262378     0.063724    71.252234    72.085913
  47    7.3213     0.502055     0.103678   126.007795    81.949581
  48    7.3213     0.502662     0.103777  -126.122581   -82.055815
  49    7.3747     0.000004     0.000001    -0.178912    -0.166292
  50    7.4033     1.673266     0.489227     0.192320     0.175375
  51    7.4074     0.075816     0.009676    77.107376    47.308463
  52    7.4074     0.075878     0.009684   -77.194939   -47.374630
  53    7.4363     0.066782     0.022966    -0.042090    -0.042418
  54    7.4900     0.042078     0.005972    26.934352    18.540806
  55    7.4900     0.042113     0.005982   -26.850089   -18.481567
  56    7.5018     0.000003     0.000000     0.015890     0.012853
  57    7.5295     0.044069     0.007850    -0.031753    -0.025388
  58    7.5862     0.000002     0.000000    -0.805668    -0.580336
  59    7.5929     0.192878     0.027021     0.655476     0.449923
  60    7.6085     0.023683     0.014438     2.451415    -1.025276
  61    7.6086     0.023717     0.014450   -11.472098    -7.162193
  62    7.6549     0.000000     0.000000    -0.010237     0.001815
  63    7.6792     0.009645     0.000688     0.010633    -0.001326
  64    7.7505     0.540349     0.067355   493.768249   337.303538
  65    7.7505     0.539667     0.067253  -493.113629  -336.824491
  66    7.7744     0.047913     0.000500    -0.010457    -0.005638
  67    7.7969     0.430066     0.124391   338.581416   309.665884
  68    7.7970     0.430721     0.124556  -338.841402  -309.910933
  69    7.8341     0.000000     0.000000     0.069243     0.005086
  70    7.8582     0.042490     0.077933   235.233265  -315.623927
  71    7.8583     0.042709     0.077666  -236.116289   314.829473
  72    7.8770     0.210425     0.094252   -87.365339   -76.201773
  73    7.8770     0.210526     0.094340    88.124890    76.970844
  74    7.8945     0.000007     0.000001    -0.016311     0.234722
  75    7.8961     0.000704     0.232705     0.002400    -0.141063
  76    7.9445     0.000000     0.000000    -0.004963    -0.026998
  77    7.9616     0.000874     0.077136     0.003595     0.027866
  78    7.9831     0.447766     0.137992    23.788118   132.310574
  79    7.9831     0.447847     0.137931   -24.042979  -132.469223
  80    8.0230     0.129809     0.022657    31.042169    37.554155
  81    8.0231     0.129830     0.022724   -30.945070   -37.480340
  82    8.1467     0.000000     0.000000     0.001205     0.006628
  83    8.1556     0.000059     0.040136    -0.000158    -0.006533
  84    8.3017     0.011765     0.009092   -14.692992   -11.591062
  85    8.3017     0.011793     0.009118    14.704674    11.604079
  86    8.3236     0.028458     0.008174   -10.546839    -0.597780
  87    8.3236     0.028388     0.008137    10.506555     0.559284
  88    8.3533     0.000000     0.000000    -0.000167    -0.001370
  89    8.3549     0.001931     0.025067     0.004102     0.012881
  90    8.3633     0.016511     0.031241    32.376341    61.001616
  91    8.3633     0.016499     0.031234   -32.324305   -60.969434
  92    8.3736     0.000000     0.000000    -0.007629     0.016406
  93    8.3791     0.000244     0.001868     0.007562    -0.020082
  94    8.4056     0.000000     0.000000    -0.016263    -0.001263
  95    8.4155     0.014004     0.003281     0.012593    -0.001746
  96    8.4377     0.001477     0.003234    -0.013602     0.004614
  97    8.4416     0.000000     0.000000     0.010605    -0.003867
  98    8.4467     0.003816     0.000737    -0.692908    -0.137070
  99    8.4467     0.003820     0.000744     0.709519     0.151588
 100    8.4744     0.000807     0.009831    -8.842111   -19.969544
 101    8.4744     0.000804     0.009821     8.829528    19.957804
 102    8.4909     0.000000     0.000000    -0.001103    -0.000288
 103    8.6119     0.000000     0.000000    -0.000339    -0.000884
 104    8.6267     0.000682     0.003831     0.001221     0.002161
 105    8.6410     0.006327     0.000987    -0.003908    -0.004400
 106    8.6588     0.003525     0.000259    -1.203603    -1.727360
 107    8.6588     0.003533     0.000260     1.203018     1.729184
 108    8.6714     0.002182     0.015488     0.010950     0.023356
 109    8.6825     0.000002     0.000000     0.000125     0.016671
 110    8.6832     0.050348     0.002658     2.209581     2.472732
 111    8.6832     0.050341     0.002658    -2.228163    -2.488428
 112    8.6901     0.000000     0.000000    -0.010439    -0.037690
 113    8.7390     0.001971     0.002112    -0.001906     0.001146
 114    8.7666     0.000000     0.000000     0.003939     0.000304
 115    8.7721     0.004254     0.004256    -6.756256   -17.702040
 116    8.7721     0.004258     0.004257     6.772800    17.706543
 117    8.9254     0.000000     0.000000     0.003175    -0.018476
 118    8.9330     0.000484     0.010012    -0.003012     0.019375
 119    8.9703     0.003876     0.000097     0.909700    -0.284050
 120    8.9703     0.003876     0.000097    -0.910703     0.284162
 121    9.0596     0.000000     0.000000    -0.000054    -0.000184
 122    9.0922     0.001207     0.001642     0.001572     0.001762
 123    9.1348     0.000012     0.001128    -0.287860     2.600248
 124    9.1348     0.000012     0.001126     0.284254    -2.594378
 125    9.1418     0.000000     0.000000     0.000665     0.000043
 126    9.1525     0.000803     0.001987     2.951991     0.183954
 127    9.1526     0.000803     0.001984    -2.964174    -0.217712
 128    9.1705     0.000000     0.000000    -0.004940    -0.009671
 129    9.1866     0.005392     0.004698    22.783841    23.983796
 130    9.1867     0.005378     0.004690   -22.737180   -23.948071
 131    9.2046     0.000045     0.000009    -0.000607     0.000418
 132    9.2131     0.002170     0.000326     7.678886    -2.120141
 133    9.2131     0.002175     0.000325    -7.692736     2.114929
 134    9.2180     0.000001     0.000000    -0.136020    -0.146823
 135    9.2193     0.010643     0.003603     0.139517     0.143212
 136    9.2305     0.000069     0.000659     0.001723     0.005062
 137    9.2393     0.000000     0.000000     0.001022     0.000193
 138    9.2511     0.019943     0.004865    -2.889151    -0.675445
 139    9.2512     0.019907     0.004855     2.896850     0.682286
 140    9.2528     0.000013     0.000003    -0.005448    -0.007710
 141    9.2817     0.000095     0.000273    -0.000990    -0.003643
 142    9.3059     0.002020     0.000874     0.004427     0.005265
 143    9.3169     0.009824     0.005259     8.127136     6.370188
 144    9.3170     0.009851     0.005269    -8.119018    -6.363036
 145    9.3224     0.000000     0.000000     0.000342     0.000528
 146    9.4277     0.000352     0.000230    -0.000446    -0.000396
 147    9.4383     0.000000     0.000000     0.001173    -0.001786
 148    9.4433     0.001032     0.000322     2.613373     0.719688
 149    9.4433     0.001036     0.000320    -2.619499    -0.727362
 150    9.4891     0.001038     0.010180    -0.001424     0.005396
 151    9.5149     0.002156     0.002003     0.934305     3.819205
 152    9.5149     0.002152     0.002004    -0.930793    -3.819170
 153    9.5368     0.008577     0.007914    -1.459716    -5.757041
 154    9.5368     0.008596     0.007937     1.473213     5.788264
 155    9.5504     0.002995     0.004766     0.618630     4.821881
 156    9.5504     0.003002     0.004778    -0.630638    -4.833496
 157    9.5870     0.000681     0.001734    -0.000129     0.000353
 158    9.5944     0.000000     0.000000     0.000000    -0.000373
 159    9.6233     0.002818     0.003051    -0.899712     0.596240
 160    9.6233     0.002818     0.003053     0.893055    -0.605569
 161    9.6249     0.000000     0.000000     0.000466     0.000069
 162    9.6619     0.001528     0.001286    -0.000593    -0.000714
 163    9.7295     0.000000     0.000000    -0.006243    -0.002374
 164    9.7577     0.001585     0.003403     8.070848   -11.622731
 165    9.7578     0.001593     0.003397    -8.067111    11.573401
 166    9.7739     0.000000     0.000000     0.003116    -0.000070
 167    9.7884     0.005996     0.001199    -0.012322    -0.007933
 168    9.7893     0.004349     0.000603   -35.503495   -17.409480
 169    9.7893     0.004340     0.000608    35.499918    17.476542
 170    9.8085     0.002567     0.004401     0.005387     0.008412
 171    9.8423     0.001422     0.002765    -3.158942    -0.510622
 172    9.8423     0.001423     0.002771     3.167224     0.515978
 173    9.8483     0.001464     0.000162    -0.003202    -0.002405
 174    9.8563     0.000000     0.000000     0.002532    -0.003466
 175    9.8602     0.017282     0.008555    15.206281    10.542158
 176    9.8602     0.017308     0.008559   -15.250444   -10.565791
 177    9.8607     0.000004     0.000002    -0.003521     0.000444
 178    9.8657     0.001595     0.000016    -0.007739     0.000599
 179    9.8789     0.000000     0.000000     0.011064     0.018514
 180    9.8935     0.014268     0.011829     0.099695     0.113303
 181    9.8950     0.000001     0.000000    -0.105390    -0.130880
 182    9.8987     0.012975     0.002284    19.871931     9.635360
 183    9.8987     0.012941     0.002271   -19.846550    -9.607784
 184    9.9355     0.002470     0.000558    -0.038459    -0.029833
 185    9.9405     0.000000     0.000000     0.043447     0.038605
 186    9.9539     0.024719     0.005293    -0.000825    -0.000778
 187    9.9624     0.010037     0.018203    -4.097846    -4.291873
 188    9.9624     0.010043     0.018213     4.103956     4.290024
 189    9.9752     0.000000     0.000000     0.001242    -0.000294
