$coord
          3.954625115661         -5.038422854572          2.218720542766     c 
          2.094936267816         -2.860164132158          1.838700563333     c 
          1.204312894966         -2.088891702310          4.517316720499     c 
          2.995300941084         -0.450567822613          0.502417350301     c 
          1.052392979000          1.188302838008         -0.146283149367     c 
          1.473017155513          3.444487444525         -1.491382014890     c 
          3.865555005568          4.158939205163         -2.083961717154     c 
          5.931941488532          2.646442141596         -1.362042757249     c 
          8.395956238898          3.468955683106         -1.958583964898     c 
         10.469758371531          2.081007305307         -1.309498768320     c 
         10.112645175868         -0.198476305065         -0.019116819942     c 
          7.741503379337         -1.045270176783          0.572993999618     c 
          5.526652385007          0.309943428690         -0.069659073723     c 
         -1.492845097530          0.508523916632          0.278889926779     n 
         -3.408568306398          2.245876302317          0.581906101550     c 
         -2.960538709260          4.575544914344          1.758234246221     c 
         -4.899294499196          6.273265964084          2.103678185347     c 
         -7.340113034557          5.707372833445          1.292989115998     c 
         -7.815713639161          3.408609758173          0.180453072028     c 
         -5.883322596018          1.640051397573         -0.174955533211     c 
         -6.460430800289         -0.809083134359         -1.327861031459     c 
         -8.486827544184         -1.257666515542         -2.383688129548     o 
         -4.461179388743         -2.695178567639         -1.052315515700     c 
         -4.884696189379         -5.229307114566         -1.668558469001     c 
         -2.980971649864         -6.970295021446         -1.380205889503     c 
         -0.667228075587         -6.261002729863         -0.336815964603     c 
         -0.203078263698         -3.791089783289          0.369133324005     c 
         -2.082622220178         -1.990932587835         -0.133006130358     c 
          2.922678497853         -6.644322553703          2.983039860849     h 
          5.367657543902         -4.553148998937          3.624407346417     h 
          4.849293208008         -5.604687977730          0.459265830423     h 
          2.808662954457         -1.386314844706          5.594257158727     h 
         -0.228748927052         -0.620984646803          4.471851390638     h 
          0.419171664609         -3.722328018462          5.488331695020     h 
         -0.126888385518          4.559576944212         -2.087641258887     h 
          4.207442589936          5.878409148525         -3.127948764674     h 
          8.599694487892          5.245786926101         -2.945244558661     h 
         12.352211365513          2.721122092223         -1.769136001711     h 
         11.737445655337         -1.309523392045          0.524533067280     h 
          7.622911358169         -2.795928205496          1.575846169872     h 
         -1.082930334810          5.011238976067          2.427230498414     h 
         -4.523993142532          8.052559055734          3.029032593978     h 
         -8.846908518126          7.055071704455          1.560548130281     h 
         -9.690531565775          2.888131981115         -0.439041590420     h 
         -6.726490076459         -5.748751264090         -2.377495838556     h 
         -3.286095665031         -8.917336899446         -1.906271861115     h 
          0.738433214740         -7.708919702465         -0.072226074550     h 
$end
