   24
          1          1          1
          1          2          2
          1          3          3
          1          4          4
          4          5          8
          2          9         10
          1         11         11
          1         12         12
          1         13         13
          3         14         16
          2         17         18
          2         19         20
          2         21         22
          1         23         23
          1         24         24
          4         25         28
          1         29         29
          2         30         31
          1         32         32
          2         33         34
          3         35         37
          1         38         38
          1         39         39
          1         40         40
