$coord
         10.253088554987         -8.586130579383         -0.553953266177     c 
         11.456233212457         -7.061463090555          1.212070358557     c 
         10.694265073591         -4.591701828781          1.561325445333     c 
          8.713014690641         -3.597732490553          0.125693155781     c 
          7.904485758826         -1.117944248765          0.479426179137     n 
          9.643877437593          0.781961666740          1.056536527554     c 
          8.994540507877          2.718615979784          2.727898900104     c 
         10.717497923385          4.593182580345          3.295703626189     c 
         13.106298346216          4.573452026887          2.212494949444     c 
         13.759626598059          2.657378222824          0.550861153141     c 
         12.050581821821          0.771726759671         -0.031103901618     c 
          5.350858204381         -0.530666341842          0.189299049422     c 
          3.522196364824         -2.321468312489          1.091904276438     c 
          0.946622789810         -1.790980977511          0.866910858814     c 
          0.193535186606          0.426303471793         -0.213714936944     c 
          2.022943341162          2.256470036935         -1.138444721890     c 
          4.611717356570          1.714838337424         -0.890105822669     c 
          0.723333071556          4.295858943939         -2.216361803046     c 
          1.577019774677          6.542223625186         -3.394632475341     c 
         -0.167393019601          8.247124869801         -4.272143023075     c 
         -2.766234467406          7.816911813576         -4.037385402333     c 
         -3.648570283009          5.601914489908         -2.878690829310     c 
         -1.942517779435          3.885705909869         -1.992376490537     c 
         -2.466007191254          1.379412585707         -0.674316363007     c 
         -3.886070982521         -0.380259671491         -2.405266214832     c 
         -2.810380315613         -1.023648142513         -4.707768347109     c 
         -4.038292341864         -2.603041424779         -6.388824639338     c 
         -6.394291907368         -3.562547462625         -5.762836627899     c 
         -7.497330589994         -2.949704907501         -3.482196191512     c 
         -6.264065627129         -1.354435299508         -1.771202282345     c 
         -7.386252356787         -0.758190345279          0.513256229005     n 
         -9.826201277703         -1.758765119727          1.071170758397     c 
        -10.046209635431         -4.072581464006          2.292486519305     c 
        -12.418155542323         -5.034377412482          2.830191982623     c 
        -14.564405226801         -3.695674900671          2.153136775613     c 
        -14.340991402767         -1.388379960372          0.935364344414     c 
        -11.975600628491         -0.413908084174          0.390903606809     c 
         -6.209201184187          0.769390172783          2.279117015215     c 
         -7.388893502756          1.283867923267          4.589083076504     c 
         -6.231374566215          2.798949275776          6.366672441871     c 
         -3.873261240825          3.832151321128          5.884329135701     c 
         -2.698291165256          3.333322579561          3.603768647189     c 
         -3.829363344873          1.817904008141          1.788850862718     c 
          7.512265915269         -5.139581589840         -1.658162199686     c 
          8.280904134275         -7.613972194499         -1.976302692983     c 
         10.853830701759        -10.517694445139         -0.816838300586     h 
         12.984603322908         -7.812177948523          2.336848522038     h 
         11.601446938047         -3.419981897768          2.965173309973     h 
          7.140554125856          2.721374646429          3.581309923804     h 
         10.199404378621          6.073543053101          4.601444753058     h 
         14.445493539488          6.045783264788          2.659320755510     h 
         15.609226208983          2.638033576294         -0.311805469369     h 
         12.549957778148         -0.703829979473         -1.349755160582     h 
          4.160178806310         -3.997362537651          2.056027380958     h 
         -0.423448384884         -3.135722281831          1.568666699882     h 
          6.004318768081          3.038933551149         -1.580123211006     h 
          3.580053818301          6.891530071868         -3.588394820363     h 
          0.467733443330          9.970501738914         -5.172529421478     h 
         -4.095288235001          9.192726538785         -4.747299237232     h 
         -5.660079309719          5.277658100109         -2.698339398921     h 
         -0.978449156859         -0.253929483368         -5.177189092126     h 
         -3.168637941610         -3.076598676191         -8.172215404459     h 
         -7.379509898610         -4.795720051408         -7.056558077923     h 
         -9.332196927502         -3.705457382942         -3.012025469146     h 
         -8.358796948061         -5.097367965938          2.810936293917     h 
        -12.589097734012         -6.832385140641          3.779541689440     h 
        -16.412197106348         -4.450489345175          2.575305531607     h 
        -16.011172966354         -0.342285420462          0.406518832226     h 
        -11.776910603742          1.382685488154         -0.557550468784     h 
         -9.225400515855          0.489033319048          4.982097436491     h 
         -7.176632432936          3.173756229812          8.136178404821     h 
         -2.960903580438          5.020218815981          7.268912987956     h 
         -0.864968975018          4.136001883000          3.200389474685     h 
          6.006063938997         -4.365472638760         -2.796165146566     h 
          7.344769167993         -8.785190309332         -3.361300401060     h 
$end
