           2           1   1.13932203463938     
           3           1  6.637288591197278E-002
           3           2   1.35226020189001     
           4           1  1.741374779132941E-002
           4           2  3.295816851125823E-003
           4           3   1.46144221048088     
           5           1  3.131179234714167E-002
           5           2  7.921495286139937E-002
           5           3  6.695675749008461E-003
           5           4   1.36785466533698     
           6           3  1.177522442490202E-002
           6           4  3.868208786452770E-003
           6           5   1.04842198311870     
           7           1  2.912705970226649E-003
           7           2  5.493605000225533E-003
           7           4  1.603227542930699E-002
           7           5  3.915697821390307E-003
           7           6   1.37711339384638     
           8           5  1.149668834276484E-002
           8           6  2.174597104793541E-003
           8           7   1.46524334127851     
           9           1  2.285542786989196E-003
           9           2  3.549131065172986E-003
           9           4  6.647540176104970E-003
           9           6  9.713008673895435E-002
           9           7  2.159121689962568E-003
           9           8   1.37355618583626     
          10           7  1.168071246156270E-002
          10           8  4.127713656426253E-003
          10           9   1.03971416394974     
          11           6  1.263684459981307E-002
          11           8  2.696704411200432E-002
          11           9  3.846535479176730E-003
          11          10   1.68471951066175     
          12           9  1.425739234146730E-002
          12          10  3.930218596874641E-003
          12          11   1.03710560791325     
          13           8  2.075805782336862E-003
          13          10  2.714314666793253E-002
          13          11  4.130227243696248E-003
          13          12   1.38163773312107     
          14          11  1.141659123459595E-002
          14          12  2.070449283407412E-003
          14          13   1.45325740544391     
          15          10  1.338027947156253E-002
          15          12  0.105373468610625     
          15          13  2.196658190324682E-003
          15          14   1.43178014728436     
          16          11  1.126569239360469E-002
          16          12  2.079291847600489E-003
          16          13  0.108145583323585     
          16          14  2.047517516175503E-003
          16          15   1.43394252020964     
          17          10  2.896483273579452E-002
          17          11  3.741696507020327E-003
          17          12   1.38427533625688     
          17          13  2.503667734181105E-003
          17          14  0.107935912517066     
          17          15  2.183123073843364E-003
          17          16   1.45189805375655     
          18           9  3.410884025531888E-003
          18          10  3.899657905173712E-003
          18          11   1.03751042362018     
          18          12  4.624841796188036E-003
          18          13  9.346936373368185E-003
          18          15  2.461867683053945E-003
          18          17  6.026038295228865E-003
          19          10  2.737295021617321E-002
          19          11  4.095067621983215E-003
          19          12  9.309943298649797E-003
          19          18   1.38130726978173     
          20          11  1.145647465783311E-002
          20          18  2.073178094651630E-003
          20          19   1.45349186041138     
          21          10  1.364016517928866E-002
          21          12  2.416167214515620E-003
          21          18  0.105304248342612     
          21          19  2.191122654306908E-003
          21          20   1.43152158831707     
          22          11  1.126564488271538E-002
          22          18  2.082722255044358E-003
          22          19  0.108154138662023     
          22          20  2.048317649764710E-003
          22          21   1.43409396792064     
          23           8  2.389840338988077E-003
          23          10  2.925143078632570E-002
          23          11  3.715885119319162E-003
          23          12  5.954537511735629E-003
          23          18   1.38427992443396     
          23          19  2.510605342493348E-003
          23          20  0.107827497364949     
          23          21  2.180765750551946E-003
          23          22   1.45173823002031     
          24           6  2.285958489395711E-003
          24           8  9.249571255417175E-003
          24           9  4.576887724334786E-003
          24          10   1.03674587505699     
          24          11  3.912710749395238E-003
          24          12  3.376759584963557E-003
          24          18  1.421067261631654E-002
          25           9  9.333029466832118E-003
          25          10  4.124733119834375E-003
          25          11  2.727052206842871E-002
          25          17  2.390364268924432E-003
          25          19  2.118148204364589E-003
          25          24   1.38182964529835     
          26          10  1.142039711272556E-002
          26          24  2.070783976249357E-003
          26          25   1.45320146820463     
          27           9  2.436202422978219E-003
          27          11  1.354795497369875E-002
          27          24  0.105416284010684     
          27          25  2.189945493345412E-003
          27          26   1.43179397822205     
          28          10  1.125852964483829E-002
          28          24  2.082460654084254E-003
          28          25  0.108171249845104     
          28          26  2.046803942855586E-003
          28          27   1.43403308669501     
          29           9  6.022663855473722E-003
          29          10  3.736500417370048E-003
          29          11  2.913908654677552E-002
          29          13  2.368396181032799E-003
          29          24   1.38446283160269     
          29          25  2.497668042408212E-003
          29          26  0.107971398079211     
          29          27  2.175326837557074E-003
          29          28   1.45180500968471     
          30           5  1.150884331846523E-002
          30           6  2.157724096482874E-003
          30           7  0.101810217812532     
          30           8  2.416920179627528E-003
          30           9   1.37634831533522     
          30          10  3.752385131905312E-003
          30          11  2.881543774341827E-002
          30          19  2.419176771719513E-003
          30          24  5.903872071656148E-003
          31           1  2.963351787899839E-003
          31           2  5.610705909898173E-003
          31           4  1.896236907495616E-002
          31           5  3.944197416420347E-003
          31           6   1.37913642727618     
          31           7  2.581492987091437E-003
          31           8  0.102067883256740     
          31           9  2.189444269087406E-003
          31          10  1.150405332033033E-002
          31          30   1.46384306616259     
          32           1  1.324124797839798E-002
          32           2  3.508630950665607E-003
          32           3  9.437861600214914E-002
          32           4  2.375294115225789E-003
          32           5   1.38535583415329     
          32           6  3.850616467051705E-003
          32           7  1.942385189207866E-002
          32           9  6.836050906295272E-003
          32          31  1.657847819131054E-002
          33           1  5.110133148108553E-002
          33           2   1.29100464776035     
          33           3  9.338111695998295E-003
          33           4  9.157944827898445E-002
          33           5  6.228871252257119E-003
          33           6  1.164061737051931E-002
          33          32   1.40772083312105     
          34           1  4.049097853913223E-003
          34           2  5.490121978974759E-003
          34           3  9.769712475450915E-003
          34           5  1.117989532167280E-002
          34          32  4.842617051538334E-003
          34          33   1.05014696294896     
          35           1  3.580691832148183E-003
          35           2  1.723789438504139E-002
          35           4  6.175174752458775E-003
          35          32  1.694137432924534E-002
          35          33  7.504944933846498E-003
          35          34   1.40993833629775     
          36           2  3.515082488791824E-003
          36           4  2.476860522660870E-003
          36          32  4.617134672222560E-003
          36          33  1.232894472869255E-002
          36          34  4.676079206096653E-002
          36          35   1.17952289785753     
          37          34  1.087757527701115E-002
          37          35  5.560279018096202E-003
          37          36   1.07701784932286     
          38          34  5.481332983488674E-003
          38          35  1.464114683165259E-002
          38          36  4.936427549663985E-003
          38          37   1.37418917888519     
          39          36  1.183094544468780E-002
          39          37  2.082481564739303E-003
          39          38   1.45568076230512     
          40          34  4.084063057731579E-003
          40          35  3.944860361480352E-003
          40          37  0.101867856316131     
          40          38  2.474843222305612E-003
          40          39   1.43144307018133     
          41          36  1.132096897974490E-002
          41          37  2.046798616429220E-003
          41          38  0.106824854152713     
          41          39  2.046630609187579E-003
          41          40   1.42926805751663     
          42          34  5.281416706509323E-003
          42          35  9.523622452989804E-003
          42          36  4.112675721058816E-003
          42          37   1.37072339151433     
          42          38  2.771822308605178E-003
          42          39  0.106402609552517     
          42          40  2.429341061959928E-003
          42          41   1.45836484325421     
          43           2  2.939535559264541E-003
          43           4  2.251065844069017E-003
          43          32  4.674407583874694E-003
          43          33  9.615407818444574E-003
          43          34  4.842363962365449E-002
          43          35  4.372259741766624E-002
          43          36   1.46301200058769     
          43          37  6.156878187439045E-003
          43          38  2.475062435961587E-002
          43          40  1.585967266231654E-002
          43          42  3.140653415761570E-002
          44          34  9.530330291343999E-003
          44          35  1.062859481641715E-002
          44          36  6.277993420550212E-003
          44          43   1.05000875731574     
          45          34  3.370072786015171E-003
          45          35  3.199050798731223E-003
          45          36  2.382387615527099E-002
          45          38  2.251865271503670E-003
          45          43  4.234914404493458E-003
          45          44   1.38428049590178     
          46          43  1.092188615123649E-002
          46          44  2.019160596487620E-003
          46          45   1.45039059874119     
          47          34  2.025676211065772E-003
          47          36  9.237096697598226E-003
          47          44  0.106498510577609     
          47          45  2.232935716633486E-003
          47          46   1.43503339082465     
          48          43  1.098414961075279E-002
          48          45  0.108063664984982     
          48          46  2.059391856790887E-003
          48          47   1.43190656265457     
          49          34  3.451891818887359E-003
          49          35  2.758410536241070E-003
          49          36  1.926444197596040E-002
          49          43  4.750368790414663E-003
          49          44   1.38030226255383     
          49          45  2.394642376916027E-003
          49          46  0.108386680464827     
          49          47  2.224159985606427E-003
          49          48   1.45362464106488     
          50           1  3.730284894269810E-003
          50           2  1.109401193157688E-002
          50           4  5.647414365776344E-003
          50          32  1.920067070802442E-002
          50          33  7.154180868745834E-003
          50          34   1.22913685639368     
          50          35  7.671461808701044E-002
          50          36  3.670966469263082E-002
          50          37  9.386780445451806E-003
          50          38  3.668814560233532E-003
          50          40  2.639258209984750E-003
          50          42  3.880500053357786E-003
          50          43   1.15317253733546     
          50          44  4.960734453690646E-003
          50          45  1.039667505766661E-002
          50          47  4.114091478680170E-003
          50          49  1.419535239305021E-002
          51          34  1.002451044918365E-002
          51          35  1.022249212422180E-002
          51          36  8.144047185920659E-003
          51          43  1.041583754290026E-002
          51          50  0.989622882781832     
          52          34  1.343364530190251E-002
          52          35  4.353782394778764E-003
          52          36  2.328398438938112E-003
          52          43  1.532340418830953E-002
          52          50  8.258220821628796E-003
          52          51   1.38911696264156     
          53          50  1.019690774945549E-002
          53          51  3.059431635512250E-003
          53          52   1.44735774963046     
          54          34  5.562158281276165E-003
          54          35  2.269717164789218E-003
          54          43  4.016659859842770E-003
          54          50  2.709697015798943E-003
          54          51  0.105317436917087     
          54          52  2.501894138833370E-003
          54          53   1.43664243169663     
          55          50  1.024041640084062E-002
          55          51  3.086539951545117E-003
          55          52  0.109855897105436     
          55          53  2.096867606318065E-003
          55          54   1.43481086702066     
          56          34  1.789476005890170E-002
          56          35  4.580038007868105E-003
          56          36  2.291150929492095E-003
          56          43  1.014087196560716E-002
          56          50  8.632407903693184E-003
          56          51   1.38818566780269     
          56          52  3.519457474828945E-003
          56          53  0.109575428804937     
          56          54  2.489566362365124E-003
          56          55   1.44878514671538     
          57           1  0.977297045689385     
          57          33  7.554295046306623E-003
          58           3  0.965921115179605     
          58           5  1.049195670461735E-002
          58          33  9.100206335017916E-003
          59           2  1.041741082711246E-002
          59           4  0.968936163151220     
          59          32  9.635177683246543E-003
          60           7  0.968345569013072     
          60           9  1.063275915476885E-002
          60          31  9.681071098400357E-003
          61           6  1.072909511577960E-002
          61           8  0.967530652156438     
          61          30  9.644677189216192E-003
          62          13  0.968189529762212     
          62          15  1.077409024118039E-002
          62          17  9.661163575652502E-003
          63          12  1.056245935036123E-002
          63          14  0.972150905880451     
          63          16  1.062145387150449E-002
          64          13  1.057313700901943E-002
          64          15  0.973079627305564     
          64          17  1.059883624428477E-002
          65          12  1.060790625632621E-002
          65          14  1.064416452819068E-002
          65          16  0.972277522787345     
          66          13  9.647450367799612E-003
          66          15  1.077701786634922E-002
          66          17  0.969199766796001     
          67          19  0.968108397389877     
          67          21  1.076696902086305E-002
          67          23  9.663060052994830E-003
          68          18  1.055406890889826E-002
          68          20  0.972181538431741     
          68          22  1.061852902077982E-002
          69          19  1.057550933971277E-002
          69          21  0.973075987114732     
          69          23  1.060196837934684E-002
          70          18  1.060540035383543E-002
          70          20  1.064662017704483E-002
          70          22  0.972280737251105     
          71          19  9.648372870622896E-003
          71          21  1.077242830985251E-002
          71          23  0.969143575881456     
          72          25  0.968139357683315     
          72          27  1.077121448858845E-002
          72          29  9.662087654836201E-003
          73          24  1.055996292351319E-002
          73          26  0.972161617898033     
          73          28  1.062018368633736E-002
          74          25  1.057390631313673E-002
          74          27  0.973076009522396     
          74          29  1.060010195390952E-002
          75          24  1.060964359330658E-002
          75          26  1.064616248685417E-002
          75          28  0.972270975960165     
          76          25  9.645906117650942E-003
          76          27  1.077712412148403E-002
          76          29  0.969140260736384     
          77           6  1.073549679143402E-002
          77           8  9.633619335382315E-003
          77          30  0.968540934543876     
          78           7  9.677163730406403E-003
          78           9  1.068414072989888E-002
          78          31  0.968537834820748     
          79           2  9.367454644055861E-003
          79           4  9.778925636658045E-003
          79          32  0.965344505308603     
          80          38  0.967638151208588     
          80          40  1.073553977146144E-002
          80          42  9.937759085492196E-003
          81          37  1.065225262246982E-002
          81          39  0.972407739109238     
          81          41  1.066352064858487E-002
          82          38  1.060889361081356E-002
          82          40  0.973101124146224     
          82          42  1.055513282577110E-002
          83          37  1.084328589062473E-002
          83          39  1.062559866460111E-002
          83          41  0.972164177259708     
          84          35  6.267656398305376E-003
          84          38  9.440244426371676E-003
          84          40  1.086886561444997E-002
          84          42  0.968705707217366     
          85          45  0.969017030199368     
          85          47  1.072085515528076E-002
          85          49  9.754760593112449E-003
          86          44  1.055215333725293E-002
          86          46  0.972253802924776     
          86          48  1.066681602086482E-002
          87          45  1.061945949365831E-002
          87          47  0.973113670299019     
          87          49  1.056444498906984E-002
          88          44  1.063657044285773E-002
          88          46  1.060318992537019E-002
          88          48  0.972252530751211     
          89          45  9.635608541643670E-003
          89          47  1.080841439878345E-002
          89          49  0.970185212548806     
          90          52  0.968345718197454     
          90          54  1.068418650127414E-002
          90          56  9.285193915937866E-003
          91          51  1.041950132639426E-002
          91          53  0.972473474018815     
          91          55  1.062859995721409E-002
          92          52  1.064145818495477E-002
          92          54  0.973037511167530     
          92          56  1.060039271333609E-002
          93          51  1.046252354880177E-002
          93          53  1.059411723992670E-002
          93          55  0.972499005404008     
          94          52  9.359375840878320E-003
          94          54  1.070988322778900E-002
          94          56  0.968501861105083     
