 NM
 VELO
 MMASS
   545.681999999999     
 LFAKTOR
  0.5
 RFAKTOR
  1.0
 WIDTH
  0.20
 SHIFT
  0.00
 DATXY
   1    3.2699     0.770769     0.189308   -47.990520   -34.442058
   2    3.7987     0.002169     0.001776    -0.480020    -0.873472
   3    3.8925     0.156453     0.031265     8.033029     7.481168
   4    4.1319     0.035051     0.010697     4.428942     0.607980
   5    4.2216     0.001534     0.000740    -0.526460    -0.168082
   6    4.5105     0.002771     0.001002    -3.563266    -3.557745
   7    4.5198     0.137221     0.012242    27.232989    43.966358
   8    4.6753     0.011771     0.007922   -14.921280    -6.368701
   9    4.6909     0.229244     0.097813    41.901309    23.895992
  10    4.7491     0.002736     0.001023    -9.154316    -9.053160
  11    4.8090     0.015703     0.005539    -1.390564     2.868415
  12    4.8796     0.026751     0.008845    -0.566285    -3.210982
  13    5.0214     0.149358     0.029018    89.219396    98.280467
  14    5.0713     0.104140     0.018254   -55.380480   -45.767368
  15    5.2705     0.061980     0.013186     5.346634    12.653081
  16    5.3193     0.003279     0.000106    -6.685391    -5.478457
  17    5.4297     0.187149     0.039643   -14.031027    -6.988078
  18    5.4873     0.103060     0.017712    34.337989    28.706529
  19    5.5803     0.032452     0.014835   -50.198716   -16.844761
  20    5.5856     0.026043     0.011186    -8.440991    -3.695263
  21    5.6452     0.222591     0.042625   523.881940   447.385343
  22    5.6749     0.037657     0.002490    15.110756    14.253801
  23    5.7205     0.763885     0.173220  -249.219142  -208.384967
  24    5.7268     2.376911     0.390276   170.693727    49.908624
  25    5.7869     0.298998     0.087018   -56.227353   -24.648073
  26    5.8547     0.025943     0.006095    -9.540383    -6.117391
  27    5.9172     0.025971     0.002955    26.542299    15.401714
  28    5.9289     0.012918     0.001951    -2.105063    -0.099764
  29    5.9354     0.003372     0.000539    -7.068693     0.986818
  30    5.9960     0.144648     0.027999   -15.366151   -10.252309
  31    6.0320     0.128790     0.025923    -4.856310    -2.888048
  32    6.1077     0.022773     0.006787    34.052767    26.030900
  33    6.1089     0.076567     0.020970    38.218982    27.493666
  34    6.1601     0.757115     0.203803   -24.081055   -23.254652
  35    6.1865     1.063156     0.300091    19.032623    18.019973
  36    6.2189     0.056556     0.015257     0.524119     1.323826
  37    6.2270     0.482502     0.116275   341.083208    68.829537
  38    6.2429     0.068362     0.018783   -66.050716   -49.626075
  39    6.2741     0.036267     0.004871   -43.406596   -28.980545
  40    6.2959     0.023795     0.003869     3.913293     3.748824
  41    6.3096     0.075415     0.036614  -318.171902   -66.441071
  42    6.3648     0.157765     0.047492    17.332216    11.018015
  43    6.3831     0.042682     0.016582    -2.566632     1.029562
  44    6.4137     0.003260     0.001415     1.073770     0.792183
  45    6.4485     0.002671     0.000569    -2.705106    -2.795495
  46    6.4652     0.361684     0.073436  -106.437015   -71.499935
  47    6.4681     0.052136     0.011214    47.844050    40.786689
  48    6.5015     0.008168     0.002128    18.069545    13.077710
  49    6.5541     0.124174     0.032815    13.261494     6.936759
  50    6.5779     0.037211     0.001548    36.100825    27.214523
  51    6.5955     0.350625     0.122171    12.741915     5.771648
  52    6.6012     0.182704     0.034609     0.193895     4.187323
  53    6.6323     0.105400     0.013007   -42.291085   -36.348527
  54    6.6664     0.363395     0.051268   -61.699292   -49.417698
  55    6.7304     0.052073     0.014245    -8.467329    -6.488020
  56    6.7342     0.017099     0.092099   -19.399816  -107.180725
  57    6.7739     0.146080     0.044804    15.897927    18.096228
  58    6.7828     0.024635     0.014506   -86.340528   -23.079314
  59    6.7910     0.118429     0.030614    21.762210    18.831561
  60    6.8589     0.287493     0.068533    90.704129    70.125170
  61    6.8770     0.011151     0.005964    28.768696    20.139307
  62    6.9017     0.032794     0.005433    -7.148011    -0.210097
  63    6.9356     0.307895     0.109659  -269.736211  -194.432744
  64    6.9635     0.019950     0.021917    43.028481    43.239659
  65    6.9753     0.006816     0.002044    12.733397     8.810571
  66    7.0068     0.044386     0.005765   -22.689965    -4.571190
  67    7.0111     0.002819     0.002991    -5.737714    -3.913112
  68    7.0200     0.015529     0.005811   -60.579012   -50.381359
  69    7.0350     0.062185     0.014355  -115.640358  -162.875874
  70    7.0591     0.012956     0.031764    71.272340    45.511211
  71    7.0775     0.003234     0.013984   -49.412601   -34.938012
  72    7.1053     0.011380     0.002005     0.535101    -3.961594
  73    7.1422     0.038937     0.025017    24.793760    17.173398
  74    7.1803     0.318551     0.139986   321.006731   223.895951
  75    7.1852     0.201323     0.068492  -227.390773  -151.841455
  76    7.2158     0.003078     0.003922    13.564337    18.950932
  77    7.2255     0.007431     0.010885    12.222418     8.326934
  78    7.2535     0.007056     0.000338    23.177639    20.669584
  79    7.2625     0.004688     0.001126   -37.028921   -21.101636
  80    7.2739     0.026946     0.007868    -7.962007   -16.225930
  81    7.2758     0.005799     0.003273   -16.080035    -9.784348
  82    7.3047     0.080419     0.012280   -45.371717   -27.667564
  83    7.3065     0.067502     0.012595   -53.273447   -35.633743
  84    7.3189     0.049203     0.012542   -57.280541   -32.089484
  85    7.3562     0.000387     0.000297     8.285240     6.823391
  86    7.3733     0.015251     0.001886   -29.972762   -14.097365
  87    7.4131     0.049767     0.014251     2.848117     5.030223
  88    7.4162     0.348088     0.068349   -24.030431   -39.834579
  89    7.4321     0.011412     0.001161     6.052639     3.338413
  90    7.4458     0.031412     0.009644    27.430669    26.938664
  91    7.4469     0.000605     0.000043     0.432142     0.662574
  92    7.4758     0.056559     0.012230   -20.289005     1.734980
  93    7.4855     0.161402     0.030650   -34.253415    -7.734835
  94    7.4980     0.065162     0.044021  -131.566801    54.201823
  95    7.5156     0.013188     0.013934     7.858863     7.579464
  96    7.5272     0.047759     0.027357    94.541839    73.882225
  97    7.5363     0.104275     0.046801    83.354875   110.157620
  98    7.5458     0.294436     0.060237   417.721656   177.168024
  99    7.5523     0.038540     0.012735    40.517707    39.576312
 100    7.5831     0.054228     0.100469   -14.370699  -240.543683
 101    7.6191     0.008633     0.022244     0.037141     3.921657
 102    7.6216     0.027801     0.007490   -31.174323   -14.929261
 103    7.6496     0.064037     0.008390    55.147733    15.307055
 104    7.6544     0.059037     0.009410   -58.703315   -44.836146
 105    7.6928     0.060266     0.027878   -47.994789    11.063388
 106    7.7033     0.024501     0.003295    30.182864    19.769360
 107    7.7090     0.021097     0.004591   -54.860895    -7.511548
 108    7.7183     0.097199     0.026548   -40.275907   -12.194907
 109    7.7409     0.005535     0.013028    28.873090    42.120815
 110    7.7483     0.019736     0.006697    -6.117009    -2.205881
 111    7.7587     0.039417     0.016024    24.321531    12.583420
 112    7.7680     0.133064     0.027700    12.429669    10.934674
 113    7.7763     0.010770     0.011981     9.513322    -1.810474
 114    7.7839     0.007067     0.002912    12.539427     8.920909
 115    7.7874     0.041295     0.012521    12.796569     9.591937
 116    7.7957     0.057004     0.024181  -136.269624   -42.723669
 117    7.8129     0.006999     0.002012    -3.949843    -4.540212
 118    7.8296     0.010031     0.018825    21.169575   -13.262179
 119    7.8366     0.008331     0.009949    20.799067   -41.600871
 120    7.8509     0.009756     0.013210    67.717712     2.051717
 121    7.8558     0.010800     0.001435   -11.875287    -8.932244
 122    7.8607     0.015199     0.014818    70.999172    53.112941
 123    7.8788     0.016966     0.002786    43.496782    28.302698
 124    7.8912     0.011309     0.041055    26.090555    20.002278
 125    7.8941     0.006627     0.009606    32.401457    -7.543913
 126    7.8960     0.011723     0.004852     8.393084     4.105908
 127    7.9192     0.009892     0.002060    -9.877951    -7.503895
 128    7.9269     0.000285     0.006297     0.738793     3.848134
 129    7.9403     0.017577     0.035135   -25.610243   -82.806602
 130    7.9424     0.004733     0.007885    33.734050    22.348886
 131    7.9669     0.014109     0.004749     9.848261     2.539792
 132    7.9730     0.059329     0.018501    35.070948     5.884211
 133    7.9834     0.044327     0.017692   -10.816870   -14.190948
 134    7.9992     0.020029     0.001813    23.358873   -11.852008
 135    8.0064     0.012846     0.025219   -24.765991   -35.404937
 136    8.0131     0.003645     0.013729    -7.854060   -46.275454
 137    8.0165     0.001361     0.009387    12.516247    41.634630
 138    8.0221     0.007604     0.009399   -21.707924   -25.473847
 139    8.0281     0.003975     0.005608     9.312571     8.632182
 140    8.0435     0.000207     0.002316     3.733860    16.767425
 141    8.0525     0.001529     0.000378    -6.458196    -0.730113
 142    8.0704     0.008237     0.028422     0.915253     3.393542
 143    8.0902     0.001337     0.001528    -2.557007     0.362960
 144    8.1002     0.017877     0.102265  -110.450130  -100.950179
 145    8.1048     0.000827     0.002304    -1.970248    -7.050175
 146    8.1132     0.004151     0.005273   -20.962431    11.922395
 147    8.1136     0.005430     0.014986    -6.364578    -9.252532
 148    8.1199     0.000406     0.007030    -4.348997    19.267191
 149    8.1341     0.054612     0.021960    49.483828    28.999453
 150    8.1423     0.008865     0.015598    -5.115787    29.570851
 151    8.1534     0.000255     0.001049     0.185873     1.677329
 152    8.1813     0.025180     0.053854    96.770865    62.972937
 153    8.1928     0.003686     0.002684    -2.206540   -12.363133
 154    8.2019     0.009692     0.004777    -7.837646   -11.755332
 155    8.2049     0.008772     0.010035    10.150094    -0.312116
 156    8.2178     0.016016     0.010003    -9.474693   -28.762008
 157    8.2267     0.009653     0.000218   -53.401080    -6.619388
 158    8.2324     0.000984     0.003122     2.622003    -5.007016
 159    8.2553     0.017316     0.019617    14.961397    25.481020
 160    8.2700     0.002408     0.000858    -7.687112    -5.505643
 161    8.2815     0.007295     0.005676    -5.788023    -9.552709
 162    8.2957     0.065059     0.020323     6.051580     9.300584
 163    8.3066     0.226709     0.046806  -209.958073   -47.503541
 164    8.3126     0.030182     0.008643   -14.731126    -9.183649
 165    8.3235     0.067647     0.033653   -32.093937     8.938255
 166    8.3494     0.086615     0.015196   -36.489223   -18.863482
 167    8.3552     0.022930     0.018996    70.271487    68.436303
 168    8.3607     0.022740     0.013057   -18.507681   -18.364439
 169    8.3631     0.005585     0.005452     0.913427     0.450931
 170    8.3701     0.035991     0.013991    10.608669     8.117937
 171    8.3754     0.001056     0.001456     0.820003     0.283593
 172    8.3917     0.141397     0.046305    22.160138    26.892551
 173    8.4117     0.011348     0.019452   -15.823301    -3.467728
 174    8.4281     0.015888     0.006632     8.871155    17.319721
 175    8.4393     0.000176     0.000122    -0.441433    -0.263402
 176    8.4574     0.007751     0.018276     9.918280    31.066299
 177    8.4625     0.017838     0.033114    -4.898640     0.481588
 178    8.4768     0.003488     0.006732     4.461328     8.525509
 179    8.4832     0.000115     0.000187     0.376608     0.313160
 180    8.4852     0.019395     0.004334     1.643995    -9.202257
 181    8.5022     0.000429     0.000893     5.859916     0.990917
 182    8.5051     0.015599     0.007866    10.072426     9.578161
 183    8.5107     0.001413     0.002553     5.472841     8.215409
 184    8.5218     0.007244     0.001610    10.702500     8.112480
 185    8.5302     0.005738     0.003026    20.771978    21.291616
 186    8.5348     0.006794     0.002960    23.052108    17.516730
 187    8.5407     0.028461     0.005884    23.583026    12.190687
 188    8.5529     0.009716     0.002806    -9.500452   -12.819327
 189    8.5606     0.006540     0.006164     6.722141    12.174686
 190    8.5656     0.001792     0.006480    -3.101009    49.582921
 191    8.5707     0.000005     0.000123    -0.031871     0.206358
 192    8.5863     0.005550     0.001380   -14.586237   -12.815056
 193    8.6097     0.047092     0.009677    28.000318    -8.989480
 194    8.6156     0.005090     0.005335    -6.568969    -4.046261
 195    8.6307     0.056492     0.020202   -15.962317     5.870906
 196    8.6342     0.076894     0.029278  -106.370221   -52.270347
 197    8.6386     0.076311     0.016626  -210.012887  -168.566748
 198    8.6506     0.027972     0.010248   -21.092911   -14.655160
 199    8.6562     0.071849     0.024129   -10.287119   -56.021190
 200    8.6688     0.004861     0.002246   -22.510094   -12.417813
 201    8.6822     0.026994     0.008785    39.896937   -41.633185
 202    8.6844     0.005587     0.019930   -13.849705    31.593925
 203    8.6908     0.001007     0.000544    -4.039973    -6.765710
 204    8.6969     0.143075     0.034193    41.278381    49.300063
 205    8.7076     0.021955     0.028395    36.248756    71.719506
 206    8.7110     0.125764     0.028486   -30.242565   -47.598349
 207    8.7164     0.026491     0.012787   -43.232724   -45.235714
 208    8.7209     0.013170     0.007815    31.567582    30.701824
 209    8.7275     0.002962     0.004604    18.494937   -12.266196
 210    8.7370     0.042208     0.017563    30.772827    10.918230
 211    8.7415     0.018781     0.012463    36.731391    61.328665
 212    8.7447     0.022464     0.017631    48.781925    29.564144
 213    8.7494     0.005606     0.002933     1.569841    15.358897
 214    8.7552     0.005870     0.001914     0.424353     0.214723
 215    8.7621     0.047081     0.021300   -31.365454    16.470300
 216    8.7690     0.006750     0.006052     8.081722    -2.569136
 217    8.7750     0.012379     0.003992    -0.245414     6.154287
 218    8.7758     0.004832     0.005846     8.474263    -8.218463
 219    8.7894     0.036745     0.012736    -6.786296    21.027827
 220    8.7925     0.004924     0.001144     1.811447     3.710688
 221    8.8120     0.002130     0.001849    -4.444868     2.059175
 222    8.8270     0.000400     0.001184     1.413920     4.449171
 223    8.8292     0.008241     0.003481   -13.668212    -2.871052
 224    8.8368     0.002378     0.005995     1.748014    -1.487918
 225    8.8405     0.015408     0.001622   -33.460844    -7.234759
 226    8.8481     0.017972     0.005663   -19.001840   -26.152033
 227    8.8572     0.008797     0.001551    32.716118     6.380316
 228    8.8620     0.016230     0.013267    20.888195     5.949115
 229    8.8631     0.007663     0.001931    38.421364    -5.414758
 230    8.8714     0.009483     0.005610    14.059895    -5.639152
 231    8.8859     0.019984     0.010065    23.360874    14.159260
 232    8.8911     0.025595     0.019532    10.802843     1.553910
 233    8.9046     0.054805     0.010471    29.418676     8.405755
 234    8.9221     0.083177     0.026676   -27.091059    -3.705532
 235    8.9289     0.022530     0.017708    -7.142790   -17.435490
 236    8.9356     0.002604     0.009462    15.047404    -1.799191
 237    8.9528     0.005690     0.002279    -4.415556     1.142016
 238    8.9568     0.103904     0.021725   -32.457734   -22.437531
 239    8.9676     0.006310     0.001879    -9.302029    -5.187742
 240    8.9786     0.012388     0.003575     1.850258     1.887723
 241    8.9870     0.002819     0.003145    -0.039306     0.026531
 242    8.9894     0.012111     0.017399    -2.022724    -6.782266
 243    8.9925     0.019558     0.009603    -4.921679    -3.792746
 244    9.0046     0.007163     0.000452    -6.905012    -0.780161
 245    9.0150     0.001146     0.000113     1.121349     0.536195
 246    9.0181     0.038852     0.014480     9.674682    13.645806
 247    9.0190     0.021075     0.003792    -1.846743     1.270144
 248    9.0349     0.013953     0.014170    23.790495    27.419414
 249    9.0387     0.006884     0.010326    16.065737   -18.937512
 250    9.0451     0.009751     0.003093   -12.412041   -10.619906
 251    9.0534     0.011507     0.003375     5.699538     5.874926
 252    9.0644     0.002817     0.007278     2.358509     5.409213
 253    9.0712     0.043634     0.012485    34.762005     2.364201
 254    9.0863     0.021071     0.006219    18.714200     3.571679
 255    9.0943     0.010007     0.004126     6.387895     3.299542
 256    9.1000     0.001124     0.002730    -3.585248     0.279634
 257    9.1047     0.000300     0.001022     0.548249     1.482350
 258    9.1199     0.026129     0.008805   -10.664593    -8.461491
 259    9.1313     0.001387     0.001673     0.401949     2.172658
 260    9.1352     0.016145     0.009508     1.884932    23.639115
 261    9.1426     0.021818     0.001871    -2.707117    -1.129770
 262    9.1502     0.008635     0.025730    24.029587    33.100210
 263    9.1552     0.001226     0.006625     4.794020    12.505545
 264    9.1672     0.006293     0.001723    -1.230861     1.434490
 265    9.1701     0.008209     0.006776    -4.476886     1.079015
 266    9.1767     0.020179     0.018444    -4.332034   -14.263837
 267    9.1868     0.008611     0.033240   -55.930888   -69.692786
 268    9.1935     0.003308     0.013814     6.054267    40.683135
 269    9.1997     0.026298     0.011157    -5.057431    -4.333562
 270    9.2064     0.003981     0.024072     6.659352   -29.569221
 271    9.2180     0.009849     0.012631   -26.888377   -26.960636
 272    9.2206     0.003048     0.003341    -7.917075    -0.589606
 273    9.2235     0.001815     0.006392    -8.309009    -0.677213
 274    9.2308     0.004547     0.021970     3.142792     8.137579
 275    9.2363     0.011596     0.022246    14.774228    -2.107963
 276    9.2783     0.024513     0.011372   -15.100899   -15.114449
 277    9.2815     0.002284     0.003535    -4.641664    -3.339311
 278    9.3034     0.001130     0.008372    -1.486986   -17.524824
 279    9.3251     0.002869     0.006221    13.406891   -39.463031
 280    9.3324     0.000711     0.000351     0.564006    -0.756660
 281    9.3351     0.007982     0.001667    -3.024572    -5.685447
 282    9.3379     0.000561     0.000555    -3.335791    -2.547097
 283    9.3639     0.001836     0.001831     6.604879     9.227481
 284    9.3697     0.009793     0.002990     6.579619     7.268393
 285    9.3754     0.007896     0.003449   -13.776060   -12.169486
 286    9.3863     0.020646     0.008076   -37.145265   -23.272598
 287    9.4032     0.008538     0.002762    15.265851    14.519582
 288    9.4040     0.008001     0.005390   -19.307319    -4.053170
 289    9.4064     0.000270     0.001550    -2.336470     0.107566
 290    9.4104     0.002684     0.001001    -7.498780    -2.228347
 291    9.4187     0.005339     0.003663   -11.953934    -3.806611
 292    9.4257     0.011823     0.007709    31.624836    29.961296
 293    9.4338     0.008515     0.004294    12.086647    14.701388
 294    9.4405     0.004995     0.001765     3.762227     3.643812
 295    9.4526     0.003918     0.002142    13.443609    12.239723
 296    9.4608     0.001885     0.001080    -0.452319     0.761295
 297    9.4656     0.002808     0.001935     1.889802     7.344670
 298    9.4707     0.014970     0.004643    -0.800824    -1.141005
 299    9.4755     0.011108     0.007180    -0.547745    -6.868319
 300    9.4818     0.008789     0.007244     8.990389     6.838739
 301    9.4864     0.012331     0.006615    10.156648    18.009461
 302    9.4936     0.010833     0.012950   -37.984695    -9.337553
 303    9.4988     0.005550     0.003029    -5.473827     3.650133
 304    9.5032     0.011222     0.007285    25.523622     8.378910
 305    9.5127     0.018337     0.006950   -15.681391   -13.801003
 306    9.5259     0.014769     0.006804    -1.754595    -2.362468
 307    9.5335     0.074963     0.017431   -44.238607   -36.109042
 308    9.5388     0.003211     0.000991    -0.346734     0.655500
 309    9.5446     0.019932     0.007910     2.172061     0.139233
 310    9.5528     0.006237     0.002318     2.546881     8.119290
 311    9.5529     0.008556     0.001410   -10.629951    -2.621179
 312    9.5562     0.021219     0.009771     1.350457    10.213147
 313    9.5649     0.004543     0.001619   -11.326441    -9.868212
 314    9.5677     0.001187     0.002546    -4.791187    -6.698402
 315    9.5726     0.021707     0.007455    27.389973    19.356688
 316    9.5739     0.034980     0.010905   -10.974339    -3.698241
 317    9.5802     0.018023     0.003049    38.134663    20.919369
 318    9.5948     0.001333     0.000972     0.262536    -4.252311
 319    9.5983     0.004442     0.000376    15.534708     8.713083
 320    9.6049     0.002511     0.001633     6.166980     4.107150
 321    9.6051     0.000097     0.000040     0.330336     0.291361
 322    9.6109     0.004121     0.002706     0.855860     2.999853
 323    9.6191     0.001791     0.001722    -4.686901    -8.164851
 324    9.6221     0.004697     0.000563    -4.340440    -0.464432
 325    9.6260     0.003217     0.000523     5.333499    -0.035930
 326    9.6281     0.008613     0.005517    16.784204    11.823394
 327    9.6316     0.001350     0.000579    11.112573     6.542770
 328    9.6397     0.001882     0.001566     7.170783    -0.037302
 329    9.6450     0.016659     0.002948   -12.738672   -12.827532
 330    9.6495     0.016089     0.000717   -18.240551    -2.398276
 331    9.6552     0.031907     0.012534    -9.431602   -25.781528
 332    9.6670     0.000890     0.000521    -3.593193    -1.518618
 333    9.6789     0.010164     0.005735     6.159627    12.017140
 334    9.6946     0.007180     0.002296     8.249223     5.255059
 335    9.6993     0.007422     0.002287     8.647248     9.975563
 336    9.7096     0.008396     0.003030     4.441916     5.400870
 337    9.7167     0.014983     0.003554     2.191707     5.845033
 338    9.7200     0.005932     0.001663     6.747045     6.185824
 339    9.7283     0.004374     0.000839     8.650356     2.511470
 340    9.7376     0.001675     0.002417    -7.394869    -0.901530
 341    9.7447     0.000158     0.002946     1.195045     2.167384
 342    9.7485     0.000785     0.000328    -1.459365     1.201319
 343    9.7502     0.012464     0.004414   -32.704195   -10.460243
 344    9.7546     0.001639     0.002319    -6.882026     4.765999
 345    9.7583     0.002545     0.001124    -8.830372    -3.169844
 346    9.7641     0.007309     0.005505    -8.888408   -11.083145
 347    9.7854     0.001287     0.001842     4.017786     8.170885
 348    9.7878     0.001480     0.000916     4.370965     0.672895
 349    9.7939     0.003380     0.002032     2.801374     7.982726
 350    9.8098     0.004608     0.004838    -8.463880   -15.830631
 351    9.8113     0.007234     0.011483    21.404784    20.022018
 352    9.8187     0.001018     0.001224     5.039162     1.441003
 353    9.8240     0.001033     0.002829    -0.931316    -5.964813
 354    9.8299     0.003068     0.002692    -8.947918    16.275276
 355    9.8381     0.005431     0.001261   -16.825557    -0.921092
 356    9.8438     0.001291     0.000627    -7.251987    -0.842087
 357    9.8498     0.001864     0.000194    -0.975938    -0.372262
 358    9.8537     0.001227     0.001719     6.360436     3.311811
 359    9.8606     0.002196     0.001377    12.386592     9.176225
 360    9.8712     0.008537     0.004062     1.426173    -1.849323
 361    9.8752     0.009255     0.005242     6.891350    -0.995255
 362    9.8795     0.003282     0.000746    15.368602     6.951685
 363    9.8871     0.000553     0.000447     1.447800     0.396996
 364    9.8884     0.000573     0.002349    -4.035922     4.992910
 365    9.8959     0.000252     0.005964     5.223967     2.756594
 366    9.9028     0.004709     0.010793     3.072902   -17.591979
 367    9.9061     0.009174     0.003530    -7.758144    -8.809009
 368    9.9113     0.000574     0.003062    -0.847967   -13.679790
 369    9.9199     0.010249     0.001759     6.503562     5.012376
 370    9.9230     0.010711     0.004436    24.640499     7.179229
 371    9.9331     0.000347     0.000759    -0.568037    -0.863436
 372    9.9345     0.000574     0.000107     7.146277    -1.489683
 373    9.9375     0.001273     0.000321    12.117179     8.144466
 374    9.9387     0.000387     0.000369    -3.618941     5.320432
 375    9.9440     0.002003     0.000571    -3.944029    -4.941835
 376    9.9519     0.010601     0.002884    21.871065    14.438111
 377    9.9567     0.000374     0.000245    -0.082500     0.185700
 378    9.9605     0.010267     0.003793    13.673359     3.103685
 379    9.9825     0.012003     0.006365    17.727876    -8.048301
 380    9.9867     0.011136     0.005125     3.447467    -1.631921
 381    9.9928     0.008728     0.004791    -1.976871    -8.974475
