 NM
 UV
 MMASS
   364.805300000000     
 LFAKTOR
  0.5
 RFAKTOR
  1.0
 WIDTH
  0.20
 SHIFT
  0.00
 DATXY
   1    3.6374     0.421803     0.284983    14.841018    11.295446
   2    3.7040     0.029280     0.035527    -0.172228    -1.976382
   3    3.9879     0.055012     0.022540    19.314343     9.991232
   4    4.2686     0.145026     0.060744   -33.555525   -20.668986
   5    4.3673     0.128729     0.056786    71.294710    44.701323
   6    4.3927     0.008225     0.010265   -47.096828   -41.460445
   7    4.7266     0.309407     0.135341    69.559982    49.996848
   8    4.8229     0.011676     0.002534    15.235002     5.563228
   9    5.2315     0.003261     0.000182   -12.030583     4.915725
  10    5.3112     0.053815     0.024421    43.287044    44.522957
  11    5.3720     0.093479     0.032931   -49.726711     2.857325
  12    5.4498     0.023660     0.029213   -74.246028   -74.471441
  13    5.6583     0.476417     0.283775    -7.726834   -64.595514
  14    5.7131     0.030050     0.012481    10.236203     6.595054
  15    5.7638     0.013003     0.015888    -3.769757    34.999104
  16    5.7748     0.121329     0.070833   -16.850344    23.135794
  17    5.8025     0.210502     0.087748   -62.388670   -36.344810
  18    5.9552     0.003612     0.003495   -10.044394    -9.561904
  19    6.0348     0.266922     0.171051   -31.512436   -35.787891
  20    6.1793     0.314931     0.166476   102.083404    67.701694
  21    6.2158     0.316666     0.152213     5.597571    37.556876
  22    6.2812     0.343357     0.192484   -27.911489   -55.383810
  23    6.3506     0.067646     0.027331    -0.713714     1.918498
  24    6.4682     0.013365     0.009098    -6.038728    -5.375959
  25    6.5460     0.002874     0.001622    -0.410117    -1.620060
  26    6.5617     0.017018     0.007838    27.366336    12.347852
  27    6.5955     0.022615     0.026512    -5.435036    -1.716050
  28    6.6768     0.003011     0.004298    -1.153914    -1.451876
  29    6.6970     0.000255     0.000187    -1.326029    -1.345934
  30    6.7108     0.030143     0.025828   -36.634350    -2.229764
  31    6.7364     0.016711     0.011634   -13.835512    -6.395561
  32    6.7779     0.025900     0.013601    -8.639531    -4.639903
  33    6.8361     0.048541     0.027747   -42.936723   -53.498962
  34    6.8459     0.014591     0.014414     3.589122     5.350387
  35    6.8898     0.007645     0.016547    -1.856045    19.980861
  36    6.9325     0.026886     0.014992    23.603242    20.190799
  37    6.9562     0.007979     0.020423   -25.104856   -49.909130
  38    7.0134     0.005714     0.062013    39.330649     6.170792
  39    7.0634     0.007189     0.015110     0.747250    -9.544410
  40    7.1406     0.001343     0.005822     1.572868     5.409413
  41    7.1565     0.005308     0.002262    11.659563     7.945649
  42    7.1988     0.005016     0.016670    -6.771698    11.723253
  43    7.2180     0.004841     0.051467   -31.019018   -20.941150
  44    7.3241     0.225941     0.129580    21.732509   -11.817357
  45    7.3402     0.289169     0.144091   -15.214812    42.490330
  46    7.3798     0.015977     0.010767   -21.772462   -16.935323
  47    7.3884     0.000971     0.016752     7.149046    -2.790301
  48    7.4163     0.049637     0.036005   -23.727076   -23.506824
  49    7.4363     0.025138     0.020954     8.801561    15.519580
  50    7.4664     0.230550     0.125546    23.218316    18.777000
  51    7.5534     0.014232     0.017516    31.058981    20.618719
  52    7.5772     0.019970     0.063074     8.553263    -4.023486
  53    7.5915     0.005918     0.009124    16.033866    21.076559
  54    7.6131     0.002329     0.005743    -6.244453   -11.481190
  55    7.6378     0.037584     0.022312     9.020871    14.134489
  56    7.6718     0.012838     0.017791     6.390202    -6.685363
  57    7.7106     0.033094     0.051755    19.182685    20.348655
  58    7.7282     0.056395     0.047335   -52.075351   -63.098184
  59    7.7680     0.014490     0.024648   -20.488745   -29.341995
  60    7.7812     0.085337     0.192102    -7.318305    45.763369
  61    7.8811     0.002641     0.001115    -1.436666    -0.797323
  62    7.8913     0.000187     0.000173    -4.333880     2.785347
  63    7.9013     0.012152     0.053994     5.540952    16.787453
  64    7.9497     0.006280     0.007128    30.729441    13.781133
  65    7.9655     0.005328     0.005937     4.803696     0.869787
  66    7.9710     0.006301     0.007730    -8.857313    -4.751551
  67    7.9861     0.006271     0.003798    -8.254841    -7.955587
  68    8.0157     0.001920     0.001238     4.746231     3.478944
  69    8.0308     0.065474     0.044845     8.392675   -39.635065
  70    8.0395     0.066183     0.032077   -31.256465   -24.552114
  71    8.1019     0.059752     0.020904    18.520907    13.776479
  72    8.1597     0.039006     0.086908    12.832708    11.883495
  73    8.1682     0.002747     0.016259    -2.213010    -6.517306
  74    8.1796     0.024152     0.014156    -7.734106    -5.836687
  75    8.1994     0.024844     0.027355     4.602682     6.298941
  76    8.2570     0.004578     0.003729    -0.603791     4.237372
  77    8.2761     0.014273     0.012681    18.305169    16.055058
  78    8.2864     0.000734     0.002358    -1.314252     0.996969
  79    8.3357     0.012669     0.032618   -18.496982   -26.632864
  80    8.3745     0.065003     0.058298   -22.095432   -40.363423
  81    8.4009     0.025063     0.046406    17.123461    25.752857
  82    8.4428     0.011026     0.016034   -15.978585    -4.305800
  83    8.4539     0.006772     0.011117     2.908802     1.360786
  84    8.4828     0.019018     0.012555    25.441510    28.348423
  85    8.4951     0.005764     0.009642    -2.918540    -0.296271
  86    8.5300     0.012258     0.069970    81.628510   106.000541
  87    8.5569     0.028387     0.034014   -84.572587   -57.212958
  88    8.5790     0.012205     0.008226   -46.866451     0.737654
  89    8.5856     0.000989     0.001149     0.204462     4.050779
  90    8.5998     0.001337     0.045641     8.491821   -49.990082
  91    8.6141     0.003271     0.002095    -2.875739    -2.134853
  92    8.6368     0.002244     0.004846     1.743250   -15.505092
  93    8.6674     0.002303     0.020333    17.896978    13.478811
  94    8.6816     0.002153     0.001771    -3.852817    -1.900936
  95    8.6944     0.002098     0.030194   -23.216691    -4.794921
  96    8.7158     0.002433     0.000143    12.925183    -2.830779
  97    8.7217     0.001910     0.002389     6.457027     6.904484
  98    8.7318     0.001294     0.003949    11.790723    12.581292
  99    8.7807     0.006633     0.020665   -13.890065   -25.782283
 100    8.7915     0.000289     0.001779    -0.232737     0.680953
 101    8.8169     0.002071     0.003643     1.203635     1.648717
 102    8.8390     0.039060     0.057506    -2.219580    12.965073
 103    8.8589     0.001965     0.008378     0.035628    -3.334198
 104    8.8712     0.003892     0.001058     0.592810     0.050881
 105    8.8778     0.008889     0.021148    -1.543570     2.838686
 106    8.8906     0.008926     0.005816    -1.905383     1.331572
 107    8.9015     0.000430     0.005299     1.535001    16.231067
 108    8.9179     0.047862     0.045085     7.138827    11.328795
 109    8.9237     0.016811     0.009147   -12.582681   -11.435640
 110    9.0369     0.019146     0.015572    -6.682736    -8.840855
 111    9.0476     0.031553     0.027214    41.083726    34.325846
 112    9.0673     0.028403     0.023079   -52.057684   -45.959779
 113    9.0753     0.003717     0.004789    13.680804    10.566404
 114    9.0878     0.008584     0.002522     6.107778     6.573985
 115    9.0969     0.002634     0.001358   -16.387641   -11.789383
 116    9.1214     0.002755     0.003025     6.854004     5.111034
 117    9.1283     0.005435     0.013590    -2.848381    -8.297674
 118    9.1538     0.032895     0.005774    17.753484     8.879525
 119    9.1574     0.019160     0.018750    13.184154    14.869724
 120    9.1824     0.003469     0.002356    -6.082712    -7.386896
 121    9.2018     0.005057     0.008381   -10.166615    -8.489043
 122    9.2183     0.000862     0.000143     0.717424     0.388099
 123    9.2439     0.028370     0.036922     5.794061    -6.111860
 124    9.2604     0.002364     0.001859    12.916850    11.219146
 125    9.2682     0.003085     0.014404     5.737378    17.362636
 126    9.2701     0.030315     0.033704     6.844353     1.889394
 127    9.2987     0.007041     0.022415   -22.300980   -34.523702
 128    9.3163     0.050217     0.052941   -22.012166   -19.676798
 129    9.3255     0.002167     0.009363    -4.280775     7.492243
 130    9.3322     0.000182     0.004705     2.052493    13.622727
 131    9.3589     0.007870     0.010604    17.681637     8.338707
 132    9.3673     0.020335     0.044874   -20.002307    -9.805450
 133    9.4061     0.008517     0.004677     0.132218     0.245710
 134    9.4235     0.045370     0.030973     2.644566    20.937988
 135    9.4333     0.007532     0.003193    10.112172     5.523679
 136    9.4555     0.004366     0.004631    -5.520969    -3.957286
 137    9.4819     0.004332     0.002677     4.903150     5.822792
 138    9.4971     0.004222     0.040147    -7.221634    11.496645
 139    9.5127     0.010489     0.015005   -12.176597   -27.936347
 140    9.5213     0.024576     0.030648     9.616270    20.511794
 141    9.5267     0.002945     0.017796   -31.063198   -38.302629
 142    9.5546     0.004606     0.007134     4.791442     6.922400
 143    9.5744     0.010974     0.024042   -10.404356   -10.803720
 144    9.5818     0.025814     0.065099    49.306261    28.036568
 145    9.6147     0.015078     0.026972   -16.026018   -33.336567
 146    9.6223     0.006843     0.036559    17.638560    22.019754
 147    9.6351     0.005566     0.005551   -13.017528    -7.649251
 148    9.6621     0.003460     0.005105     5.981722     1.035939
 149    9.6730     0.002468     0.000652    -2.386365    -3.572215
 150    9.6830     0.019508     0.024717    13.876665    13.493795
 151    9.6894     0.000825     0.000866     1.452979     0.152487
 152    9.7005     0.015586     0.008687    42.160229    27.861346
 153    9.7147     0.002909     0.002495   -11.875640   -11.230813
 154    9.7303     0.016850     0.019224     0.962002    17.322850
 155    9.7401     0.012848     0.003416    22.991764     7.862109
 156    9.7426     0.002291     0.002838     1.862373     4.969363
 157    9.7659     0.004646     0.001151   -21.978398    -9.782478
 158    9.7750     0.002876     0.001698     4.454693     3.515976
 159    9.7806     0.004268     0.012145    -4.152173   -13.223102
 160    9.7849     0.013262     0.007976    -1.196951     0.928144
 161    9.7965     0.003774     0.007839     4.991814     7.610877
 162    9.8199     0.002171     0.001482    -9.258550    -7.656713
 163    9.8291     0.004589     0.005034   -20.458919    -7.421615
 164    9.8457     0.000327     0.003273    -8.497169   -21.954183
 165    9.8655     0.004596     0.005140    -5.038154    -7.599602
 166    9.8717     0.006131     0.004646    -7.185570    -7.053122
 167    9.8944     0.015055     0.021454    65.440181    42.746352
 168    9.9093     0.016172     0.012153   -10.784749   -10.893585
 169    9.9130     0.002805     0.013192     3.917527    -3.821446
 170    9.9247     0.010840     0.044895    31.880250    58.660300
 171    9.9296     0.003271     0.011249    -5.791921   -12.953219
 172    9.9640     0.001043     0.017775     0.354567    -1.773182
 173    9.9760     0.003962     0.003276    -2.954157    -3.083245
 174    9.9848     0.000273     0.001367     5.702622     3.052548
