 NM
 VELO
 MMASS
   590.722799999999     
 LFAKTOR
  0.5
 RFAKTOR
  1.0
 WIDTH
  0.20
 SHIFT
  0.00
 DATXY
   1    3.6433     0.005957     0.004468   -22.314480   -36.209817
   2    3.7211     1.580101     0.505979   -96.211211   -68.563126
   3    3.9016     0.325372     0.107896     0.798384     1.720239
   4    4.0082     0.047199     0.024810    85.133498   160.746446
   5    4.0393     0.249832     0.076975    29.973148    31.756399
   6    4.0839     0.075692     0.017283    10.696486     7.192618
   7    4.2128     0.226825     0.028742  -114.697522   -96.538946
   8    4.2213     0.143813     0.019033   -62.290636   -60.458870
   9    4.4670     0.021891     0.007549    -7.395506    -7.099343
  10    4.5226     0.004449     0.001131     9.007454    10.829021
  11    4.6416     0.012736     0.000811   -13.749697    -9.743892
  12    4.8944     0.220351     0.069152    76.602032    59.556796
  13    4.9618     0.245339     0.094701     7.619279    24.286440
  14    4.9931     0.004782     0.024896   -27.266429    -9.917910
  15    5.0703     0.008438     0.006825    18.533044     6.801426
  16    5.1565     0.092775     0.029226     2.838147     2.108759
  17    5.2504     0.084897     0.016659   -15.597860    -6.029980
  18    5.2779     0.145945     0.023641   -29.956558    -6.767539
  19    5.3330     0.234390     0.082184    97.288172    73.847944
  20    5.4296     0.190829     0.044732   -41.681305   -32.061570
  21    5.4892     0.048228     0.007172     4.716802     2.350582
  22    5.5307     0.446968     0.136879   -32.344115   -19.916735
  23    5.6562     0.057575     0.016614   -11.793100    -9.030201
  24    5.6717     0.141549     0.042947    52.116189    27.855977
  25    5.6775     0.025719     0.010408    39.470727    29.839855
  26    5.7304     0.016245     0.001760   -42.639357     0.442175
  27    5.7429     0.020232     0.001857    -0.558800    -1.973589
  28    5.7488     0.011504     0.001610    -7.797004     5.697177
  29    5.8275     0.033109     0.017079   -25.684028    11.886860
  30    5.9066     0.316137     0.090572     7.185863    -2.523358
  31    5.9695     0.081864     0.022053   -17.269458   -23.087300
  32    5.9945     0.149970     0.029545    13.559040    33.646151
  33    6.1471     0.065167     0.044739    33.930041     0.055624
  34    6.1878     0.039839     0.014111   -60.084417   -42.411514
  35    6.2342     0.047937     0.026236    39.218653     5.510284
  36    6.2617     0.022792     0.015573   -11.841668    17.860275
  37    6.2820     0.027415     0.008942   -27.802492   -31.727561
  38    6.3878     0.162449     0.067910    41.726137     8.442220
  39    6.3989     0.038938     0.033243   -36.145218   -87.428831
  40    6.4179     0.030000     0.008900    10.303981     8.272940
  41    6.4447     0.045020     0.032203    27.975288    11.731030
  42    6.4634     0.010977     0.005619     7.411460     7.248401
  43    6.4672     0.050177     0.035989    11.479671     5.984604
  44    6.4838     0.133867     0.038690   -24.209070   -20.928352
  45    6.4910     0.099392     0.008953     8.063405     7.093193
  46    6.5004     0.016943     0.008583    -2.382885    10.011727
  47    6.5130     0.044869     0.021521   104.759796    82.588940
  48    6.5379     0.010706     0.001761   -22.317600    -8.608370
  49    6.5655     0.006597     0.013175    55.357773    30.930643
  50    6.5974     0.075731     0.033371   -33.674663   -26.799449
  51    6.6012     0.147715     0.059815   100.624651    20.708146
  52    6.6236     0.033235     0.012739     1.636995    -3.173367
  53    6.6337     0.044594     0.019292   -14.787923   -12.366780
  54    6.6740     0.008506     0.006105     1.727022    -5.638230
  55    6.6972     0.046078     0.024774    -9.227317   -22.460952
  56    6.7127     0.381698     0.141411   -33.021900   -17.428679
  57    6.7854     0.001365     0.000470     3.759973     3.454651
  58    6.8463     0.001740     0.043361   -49.886759  -147.648146
  59    6.8564     0.004473     0.000795     4.839788    -0.685912
  60    6.8948     0.068376     0.032524   -35.751282   -39.086224
  61    6.8974     0.029408     0.019243   -47.570426   -53.171132
  62    6.9258     0.464667     0.229678    60.338599    39.225004
  63    6.9406     0.047850     0.034072    44.708055    17.991965
  64    6.9448     0.109493     0.050830   250.419798   167.228256
  65    6.9630     0.069987     0.029680    18.178636   -53.900744
  66    6.9653     0.027407     0.025381    -0.499034   -49.927138
  67    7.0033     0.039703     0.005139    -5.424572    28.371133
  68    7.0170     0.023201     0.050180  -102.526401   -67.055697
  69    7.0320     0.015048     0.001974   -27.678045   -24.312003
  70    7.0407     0.218856     0.061991    68.337031    20.888844
  71    7.0564     0.024499     0.007942   -29.891831   -23.211007
  72    7.0770     0.343731     0.130109    84.501453   330.279115
  73    7.0828     0.128649     0.032628   -74.947445   -56.151955
  74    7.1295     0.033773     0.006491   -16.447595   -38.916976
  75    7.1372     0.054384     0.016636   -31.738616   -26.116424
  76    7.1575     0.014206     0.001572    -9.923998    -3.676215
  77    7.1791     0.004399     0.001181    39.392883    28.081122
  78    7.2045     0.045143     0.021656    10.977813    50.278963
  79    7.2131     0.210308     0.052908   -30.585033   -15.595325
  80    7.2287     0.017365     0.004942   -28.586510   -24.615733
  81    7.2388     0.001403     0.001770    -6.156991    -4.948429
  82    7.2474     0.057060     0.016815    -4.389850    -2.694503
  83    7.2499     0.028264     0.013930    31.818728    47.442339
  84    7.2681     0.072106     0.016828    40.093853   -26.917292
  85    7.2751     0.015158     0.000988     7.726048     4.006289
  86    7.2768     0.042574     0.008211   -60.345550   -30.343934
  87    7.2863     0.056346     0.009731    64.171794    46.696224
  88    7.3020     0.051480     0.012863    41.102703    25.657283
  89    7.3150     0.231301     0.034360   231.858196   161.132300
  90    7.3278     0.046269     0.022061    66.325134    45.649384
  91    7.3430     0.020816     0.007659   -55.397228   -14.627840
  92    7.3531     0.092669     0.026315    28.123132    15.738752
  93    7.3604     0.003425     0.003625    -3.720153   -11.836923
  94    7.3669     0.037600     0.018276    42.516017    26.890366
  95    7.3791     0.001401     0.000112    -4.592773    -3.324172
  96    7.3880     0.109473     0.033043   -34.499502   -31.648308
  97    7.3962     0.316030     0.090460   -31.872036   -36.944722
  98    7.4102     0.093865     0.026859   -75.304159   -59.493173
  99    7.4360     0.061611     0.020260   -44.490808   -64.686388
 100    7.4395     0.044894     0.001918   114.177092    31.603755
 101    7.4484     0.015192     0.003562    41.521989     6.886312
 102    7.4500     0.043301     0.000725    36.310986    12.410389
 103    7.4669     0.042644     0.011752    11.083810    15.056133
 104    7.4766     0.003232     0.001515    17.032109     8.722757
 105    7.4945     0.000815     0.002037    -7.481247   -16.403422
 106    7.5136     0.053829     0.010983    26.500878    10.096795
 107    7.5303     0.079390     0.033148  -226.550475  -261.654359
 108    7.5430     0.118544     0.011952   260.278867   142.507194
 109    7.5572     0.053062     0.009008  -199.828725  -150.578544
 110    7.5875     0.141840     0.035733    21.372420    83.127057
 111    7.5922     0.063882     0.013482   -47.919665   -39.582502
 112    7.5972     0.069087     0.028524   -21.020040   -43.708829
 113    7.6049     0.020186     0.007997    15.984699   -72.788886
 114    7.6198     0.044170     0.013111    40.156311    28.419809
 115    7.6252     0.157172     0.085806  -175.712322    64.393117
 116    7.6371     0.053224     0.011543   -94.602298   -44.743170
 117    7.6509     0.068007     0.022467  -120.554298   -72.041728
 118    7.6600     0.273313     0.044545   192.841574   127.669000
 119    7.6692     0.149128     0.028976   -71.711866    -6.638556
 120    7.6760     0.277004     0.046844  -200.483840   -99.344081
 121    7.6847     0.086354     0.018040  -253.345606  -254.845730
 122    7.6884     0.134646     0.038731     9.497675    23.562222
 123    7.7057     0.060195     0.065757   -65.031310    51.162359
 124    7.7160     0.022422     0.012574    39.893105    14.435562
 125    7.7481     0.199112     0.041000   -71.935603   -72.624286
 126    7.7594     0.188906     0.038926   204.482405   129.333869
 127    7.7672     0.413038     0.121116   177.623630   191.295919
 128    7.7953     0.213863     0.059810   113.826039   -50.614509
 129    7.7997     0.062607     0.002813  -231.820055   -82.359749
 130    7.8120     0.064566     0.028970     9.337017    22.427841
 131    7.8260     0.076804     0.026517   132.315494   156.663957
 132    7.8456     0.027240     0.030619    -0.810407   -12.706906
 133    7.8489     0.047668     0.018111    65.942012    62.404761
 134    7.8710     0.020749     0.008919    23.140360    18.707951
 135    7.8789     0.011864     0.003977    -0.471373     4.620838
 136    7.8883     0.037392     0.027785    70.144097    80.052545
 137    7.8917     0.103355     0.018330    60.084363    43.500050
 138    7.9153     0.054947     0.012879    -0.100172   -12.725445
 139    7.9268     0.041252     0.104969  -171.873323  -376.289442
 140    7.9318     0.011625     0.036313  -168.427413  -143.647991
 141    7.9472     0.003314     0.001541    -9.300740    -1.323287
 142    7.9555     0.068520     0.071286    23.332936   112.051497
 143    7.9703     0.072731     0.012836   -83.982235   -94.790015
 144    7.9813     0.003406     0.039804    17.937162    78.833667
 145    7.9896     0.032231     0.005361    25.932838    25.431790
 146    7.9910     0.032938     0.017413    66.610173    90.718769
 147    7.9986     0.049689     0.012299   -36.058929   -18.495752
 148    8.0043     0.035374     0.007639  -116.578478   -74.593085
 149    8.0107     0.013277     0.143253   -81.039942    34.300051
 150    8.0199     0.061506     0.040504  -119.489714   -34.483473
 151    8.0483     0.013284     0.011152    14.962617    -7.103231
 152    8.0569     0.003252     0.000505     6.982451    -3.562773
 153    8.0603     0.001691     0.003129    -8.840367    -6.421842
 154    8.0678     0.065768     0.032224    80.269059    13.617763
 155    8.0853     0.038295     0.018902   -53.442274   -72.762568
 156    8.0988     0.005555     0.027127     7.397093   124.199897
 157    8.1047     0.008886     0.002775    -1.701389    15.493846
 158    8.1160     0.036590     0.032273   -13.430951     6.744379
 159    8.1300     0.027897     0.005682    36.332197    17.326291
 160    8.1339     0.010844     0.013690    42.527548    20.296969
 161    8.1476     0.016181     0.002877   -20.041748   -12.212066
 162    8.1551     0.072636     0.031899   -20.881862   -49.145400
 163    8.1728     0.032647     0.017581   -34.931965   -13.120101
 164    8.2030     0.039657     0.022170    78.369640    44.250773
 165    8.2054     0.008476     0.128009   -53.341380     3.468229
 166    8.2130     0.057331     0.014800    75.451321    49.446606
 167    8.2210     0.164109     0.058755    42.283180     7.453830
 168    8.2278     0.023468     0.010938    91.141623    25.308487
 169    8.2375     0.044705     0.012729   -25.224056   -49.304015
 170    8.2466     0.016882     0.007931    -4.674653    -5.977438
 171    8.2491     0.018427     0.019641    16.154638   -12.101506
 172    8.2590     0.006922     0.001041     6.073704     7.678668
 173    8.2739     0.023922     0.016710    44.643204    41.785774
 174    8.2820     0.074393     0.019410   -16.782465   -18.034374
 175    8.2933     0.003068     0.007848    -7.109619   -18.629291
 176    8.3076     0.014707     0.016337   -26.701591    -7.439322
 177    8.3312     0.050866     0.005430   -57.334500   -33.340678
 178    8.3336     0.093926     0.021426   -39.886881    29.478648
 179    8.3396     0.006282     0.000968    10.053060    -4.315218
 180    8.3610     0.002227     0.000991     0.374711     2.274957
 181    8.3718     0.004732     0.020613   -24.620167     2.802305
 182    8.3749     0.020234     0.008394   -40.659500     1.321538
 183    8.3929     0.016147     0.010535   -29.001059   -10.838128
 184    8.4087     0.004182     0.007354     5.481334     0.416460
 185    8.4109     0.023241     0.012593    24.667259    11.578567
 186    8.4155     0.058541     0.014177    15.609018     7.949467
 187    8.4281     0.000926     0.000663     2.362759     2.104949
 188    8.4291     0.002069     0.001154     0.806910    -2.780919
 189    8.4345     0.001817     0.002959   -11.706823   -18.413558
 190    8.4442     0.018563     0.007166   -32.777664   -38.074989
 191    8.4476     0.031315     0.009460   -46.326167   -37.681790
 192    8.4630     0.009705     0.009976     8.340210     4.715892
 193    8.4801     0.108468     0.103090  -169.126167  -138.504321
 194    8.4834     0.163897     0.023490   275.113492   225.832908
 195    8.4973     0.019227     0.004483     7.474102    11.746871
 196    8.5049     0.006788     0.002413    23.149740    -1.855259
 197    8.5095     0.002374     0.001877    -0.443934    -4.938226
 198    8.5120     0.061646     0.019821    37.593715    18.128521
 199    8.5314     0.042535     0.031952   -29.998913   -37.856886
 200    8.5563     0.009759     0.008633     9.194484   -58.362628
 201    8.5635     0.010021     0.003059   -11.071103   -12.903288
 202    8.5659     0.027354     0.005570    80.439274    46.555988
 203    8.5744     0.078190     0.015793    -1.582972     2.648723
 204    8.5790     0.010222     0.014160    27.363309    17.196138
 205    8.5849     0.050049     0.013361    52.434012    46.773240
 206    8.5888     0.016736     0.004518   -21.118726   -16.227490
 207    8.6030     0.005251     0.002108    -4.865229    -8.349312
 208    8.6106     0.002341     0.002793     0.064623     4.790345
 209    8.6124     0.016731     0.004170     5.510193     1.804227
 210    8.6483     0.035456     0.011494    26.679620    34.276296
 211    8.6514     0.042308     0.008475   -31.583342    -4.965908
 212    8.6601     0.007511     0.009134     9.320523    -9.792695
 213    8.6776     0.002293     0.001086    -2.412773     0.652918
 214    8.6845     0.014884     0.002498     3.960801     1.912004
 215    8.6895     0.101098     0.025784    11.712219    24.237763
 216    8.6999     0.003282     0.001865     2.382322    -0.982213
 217    8.7011     0.003564     0.002541    -9.350140    -1.268138
 218    8.7151     0.005480     0.002497    -0.328931     3.470014
 219    8.7225     0.014686     0.017818   -29.156779     8.455294
 220    8.7276     0.012064     0.001381    16.777216     5.377023
 221    8.7346     0.022777     0.008975   -11.581281     2.441109
 222    8.7405     0.009402     0.004177   -26.414843   -27.921887
 223    8.7427     0.007658     0.001982   -10.911416   -12.094195
 224    8.7533     0.002109     0.003220     6.191856     9.124746
 225    8.7607     0.034460     0.016473     5.310603    19.900164
 226    8.7647     0.018127     0.002929    12.592621    -0.333695
 227    8.7748     0.026529     0.012158   -10.492565    -6.794777
 228    8.7778     0.015695     0.006607   -13.660010    -6.984561
 229    8.8015     0.029954     0.011804    28.349069     3.926637
 230    8.8039     0.015244     0.003385   -19.447488   -15.976080
 231    8.8121     0.017387     0.007215    -1.503200    -3.684302
 232    8.8318     0.058237     0.009052    21.271246    12.686523
 233    8.8398     0.003387     0.000407     3.702736     3.422610
 234    8.8439     0.037093     0.011190   -24.378604   -15.008529
 235    8.8589     0.001606     0.004372    -3.003399    -6.375525
 236    8.8611     0.010455     0.006899    -2.991219   -11.003721
 237    8.8700     0.048690     0.026788    72.867327    49.225375
 238    8.8751     0.046407     0.012161     8.062172    40.486474
 239    8.8758     0.058381     0.022841    54.112603   -16.948779
 240    8.8828     0.017852     0.005794    -3.383082    -4.618124
 241    8.8940     0.022276     0.010306    -5.698680    22.781465
 242    8.9068     0.021488     0.000363   -16.243018    -9.841411
 243    8.9106     0.016329     0.016570    18.182075    18.775162
 244    8.9156     0.032157     0.005242    12.528081    -1.377040
 245    8.9224     0.024480     0.006529     9.676432     7.448303
 246    8.9244     0.021659     0.007699    12.801920    -7.854840
 247    8.9286     0.052841     0.019133    15.548489    11.831931
 248    8.9434     0.009651     0.006743    10.946143    22.450875
 249    8.9503     0.005194     0.000805     4.360951     2.967899
 250    8.9523     0.015597     0.005222     4.066909    -0.838443
 251    8.9592     0.025225     0.004628     0.430900    10.021628
 252    8.9666     0.029731     0.021755    -9.434347   -15.095739
 253    8.9717     0.150372     0.022392    89.064269    12.770546
 254    8.9754     0.033347     0.003162   -43.892046   -14.646774
 255    8.9813     0.029845     0.006171    92.392713    56.354640
 256    8.9909     0.002915     0.003226   -28.408697     6.439084
 257    8.9983     0.080124     0.033073   -14.204596   -21.908698
 258    9.0209     0.012687     0.005572   -10.157242    16.781251
 259    9.0278     0.029351     0.011378   -21.288202   -19.904391
 260    9.0318     0.080380     0.023558    50.267527     7.877040
 261    9.0340     0.016566     0.002436    31.647680    -2.455322
 262    9.0389     0.016251     0.001318     8.360102     7.930256
 263    9.0463     0.027592     0.011738   -23.498527   -25.962608
 264    9.0507     0.034310     0.013966    -0.884206    10.574839
 265    9.0772     0.010894     0.009356    -2.570570     7.400563
 266    9.0804     0.008950     0.017869   -13.336685   -19.275127
 267    9.0954     0.005235     0.011614    15.968020    11.293183
 268    9.1030     0.003852     0.004794     7.735264    13.556347
 269    9.1169     0.011111     0.009254     2.753795   -16.706793
 270    9.1192     0.030882     0.009192    46.558794    21.577240
 271    9.1227     0.006152     0.004512    -3.711664     9.067919
 272    9.1301     0.037273     0.007510     1.143064     3.176298
 273    9.1324     0.030986     0.008329   -18.776221   -20.897287
 274    9.1395     0.032523     0.007560   -36.352739   -28.289329
 275    9.1554     0.019709     0.008889    13.737649   -12.390126
 276    9.1587     0.049606     0.017077    71.943216    49.068901
 277    9.1672     0.011167     0.012974   -17.926157   -36.166262
 278    9.1682     0.090084     0.026962    11.444729    73.947695
 279    9.1745     0.074517     0.011649   -78.541058   -42.827850
 280    9.1853     0.040822     0.007911   -79.727152   -39.860189
 281    9.1890     0.049263     0.020034     0.806703     1.662931
 282    9.2096     0.008140     0.003393   -20.973052    -9.027979
 283    9.2191     0.008858     0.007152    33.416097    25.659595
 284    9.2360     0.012966     0.012519    36.904357    35.224934
 285    9.2392     0.000865     0.003402    -5.456571    12.748766
 286    9.2508     0.010687     0.005613    -4.242313    -4.634196
 287    9.2580     0.007416     0.004665     2.484524   -11.912797
 288    9.2596     0.008448     0.002566    -8.687836    -5.116304
 289    9.2637     0.000783     0.000575    -1.719534    -1.645893
 290    9.2706     0.011923     0.011040    -4.017101    -1.737227
 291    9.2753     0.006237     0.002133     9.094246     2.450767
 292    9.2819     0.014911     0.003409    26.725990    16.173717
 293    9.2859     0.000783     0.001209    -1.033315    -0.069362
 294    9.3004     0.005273     0.001824     9.212355     7.660243
 295    9.3077     0.008519     0.002710     6.983655     7.458971
 296    9.3080     0.010910     0.003427    17.924740     7.736965
 297    9.3125     0.001022     0.001065     1.993527     3.617774
 298    9.3226     0.003110     0.002420     7.768086    10.529954
 299    9.3284     0.047471     0.008939     2.984796    -5.876782
 300    9.3349     0.005663     0.001326     9.460790     8.169367
 301    9.3374     0.007632     0.005706     2.586905     1.448649
 302    9.3440     0.000404     0.007717    -0.866884    -2.954777
 303    9.3452     0.000443     0.001357    -3.587370     4.246672
 304    9.3596     0.007021     0.005546    -1.820072     2.519711
 305    9.3640     0.005171     0.001088     0.977899     1.238415
 306    9.3690     0.023331     0.007226   -27.588152   -12.503115
 307    9.3835     0.007258     0.002711     3.511422     3.655777
 308    9.3868     0.028598     0.005135   -33.173414   -19.472764
 309    9.3975     0.000969     0.000724    -0.137385     3.403618
 310    9.4130     0.004165     0.001660     7.339207     4.797557
 311    9.4210     0.002277     0.000791    -3.872815    12.517282
 312    9.4272     0.033592     0.011837    -8.217584     8.112342
 313    9.4361     0.021006     0.009413     3.130847     0.890705
 314    9.4550     0.003861     0.001272    -2.866547    -2.279172
 315    9.4562     0.009873     0.004792    -1.819223    -0.610664
 316    9.4584     0.006766     0.002103    -0.301351    -0.688932
 317    9.4621     0.010752     0.001493     5.235673     1.363902
 318    9.4714     0.011991     0.004544    -6.100500    -2.137865
 319    9.4733     0.005856     0.003527     0.754743     1.302743
 320    9.4750     0.002532     0.001893    -0.442403     1.695958
 321    9.4807     0.006254     0.002445    -9.837228    -6.720903
 322    9.4908     0.004439     0.001141     4.717998     3.555051
 323    9.4923     0.002240     0.000290     5.739718     0.467491
 324    9.4952     0.010196     0.002569    -4.323087    -2.814859
 325    9.5008     0.000955     0.000429     0.577475     0.518811
 326    9.5075     0.019965     0.005666   -22.385700   -11.296281
 327    9.5193     0.012259     0.007692     8.079998   -10.512668
 328    9.5209     0.004638     0.001849     3.535567     2.081868
 329    9.5345     0.006126     0.004811   -15.391426   -12.643880
 330    9.5400     0.012807     0.002863   -15.256488    -7.079857
 331    9.5494     0.011986     0.004562    17.267170    11.972368
 332    9.5547     0.002425     0.000520     8.514911     1.927222
 333    9.5603     0.008738     0.002312     9.569528     7.079718
 334    9.5663     0.006765     0.002129   -14.217993    -0.908776
 335    9.5740     0.008726     0.003330     8.572090     3.956728
 336    9.5813     0.005959     0.002536     3.067823     3.305740
 337    9.5869     0.015977     0.003603    -5.725826    -2.251603
 338    9.5929     0.003088     0.002609    12.190128   -15.642642
 339    9.6010     0.002152     0.001081     7.393050     5.293011
 340    9.6031     0.000124     0.000070     0.035283     0.070190
 341    9.6141     0.009773     0.002232     0.056964    -2.544835
 342    9.6198     0.007533     0.003967   -16.162590    -1.542028
 343    9.6238     0.007797     0.002517    -3.124314    -4.877272
 344    9.6347     0.007204     0.001112    -3.200821    -1.438376
 345    9.6437     0.007954     0.004361     0.142573     2.350730
 346    9.6443     0.003673     0.001076    -2.090506    -2.177202
 347    9.6505     0.013460     0.002519     6.865905     1.042602
 348    9.6635     0.023087     0.007436     4.299392     8.831877
 349    9.6639     0.063915     0.020139    -9.871534    -8.287087
 350    9.6718     0.014216     0.006296   -10.539719    -7.315446
 351    9.6759     0.019021     0.004170     5.845025     1.016222
 352    9.6797     0.008793     0.002798     6.911373    -5.210739
 353    9.6889     0.015480     0.012644     9.083603     6.824314
 354    9.6945     0.009317     0.002409   -12.051365    -1.254418
 355    9.7031     0.010003     0.001926   -18.352544    -3.830234
 356    9.7049     0.018661     0.008447    15.222102    14.119144
 357    9.7113     0.000873     0.001896    -4.065291    -6.895860
 358    9.7157     0.007209     0.002717    -9.122885   -10.966039
 359    9.7184     0.002121     0.000665    -3.618018     2.846716
 360    9.7344     0.004259     0.001399    14.196201     0.143657
 361    9.7493     0.000399     0.000523    -0.427987    -0.445126
 362    9.7581     0.004661     0.001167     2.654957    -4.742066
 363    9.7593     0.001301     0.002936     4.557918     8.061705
 364    9.7649     0.001134     0.000341     0.917116     1.786164
 365    9.7661     0.005315     0.001793    -4.723930     4.565431
 366    9.7775     0.007223     0.001763     4.982307     0.843890
 367    9.7874     0.005247     0.000833   -14.890068    -8.398459
 368    9.8013     0.002997     0.000740    -2.113802    -1.997758
 369    9.8040     0.009560     0.001738    -0.937541    -0.956665
 370    9.8075     0.002328     0.001046     5.101935    -3.592807
 371    9.8136     0.000864     0.000458    -0.079036    -1.418421
 372    9.8179     0.001858     0.002696    -5.540629     0.217126
 373    9.8238     0.008903     0.000777     7.491450     2.024202
 374    9.8302     0.005590     0.001652     7.384497     4.518856
 375    9.8317     0.011428     0.003914     2.635068    -0.444376
 376    9.8325     0.001331     0.000300    -2.059907    -0.686605
 377    9.8348     0.011642     0.004368     2.594548     4.985385
 378    9.8399     0.007210     0.004218    21.594575    13.933743
 379    9.8468     0.000865     0.001571     2.718363    -3.792596
 380    9.8519     0.018926     0.003302    20.307156    11.598886
 381    9.8573     0.000433     0.008033    -0.137357   -16.924079
 382    9.8586     0.012043     0.001963    -5.513992    -5.777398
 383    9.8672     0.003208     0.002938    -7.859866   -11.640778
 384    9.8702     0.000080     0.000061     0.026081    -0.130499
 385    9.8713     0.005419     0.001448     4.155163     1.009750
 386    9.8730     0.003091     0.003010     1.904656    -1.198440
 387    9.8787     0.001194     0.001806   -10.638554   -23.228273
 388    9.8832     0.002851     0.002375   -11.822606   -13.349244
 389    9.8881     0.013715     0.004681    -4.617070   -12.548277
 390    9.8945     0.009533     0.008416    19.318468    25.179582
 391    9.8960     0.003529     0.004764     3.715103     5.466309
 392    9.9022     0.009803     0.001812   -13.325040     1.750629
 393    9.9090     0.010929     0.008131   -11.511618    -6.411214
 394    9.9151     0.000148     0.003115     1.225586    14.330429
 395    9.9171     0.004273     0.002497    12.110356    10.698714
 396    9.9242     0.003081     0.008467     5.468122     8.854625
 397    9.9274     0.008679     0.000736    -6.057026     2.037310
 398    9.9350     0.000282     0.000054    -0.483785    -0.361867
 399    9.9367     0.009192     0.002453   -22.245413   -17.566843
 400    9.9447     0.004243     0.004227    -8.240021    14.772543
 401    9.9532     0.006082     0.004519    13.951418    15.709609
 402    9.9565     0.001466     0.002423    -2.063162    -4.051723
 403    9.9601     0.026644     0.006875     0.822902     2.471620
 404    9.9658     0.015048     0.006162    -4.222087    -5.478323
 405    9.9718     0.003638     0.001593     4.248498   -12.641400
 406    9.9733     0.006678     0.001755     6.753337     4.264989
 407    9.9820     0.009185     0.004076    -3.422940    -3.059474
 408    9.9860     0.001940     0.000794    15.117895    -9.999117
 409    9.9884     0.018746     0.004663     3.859596     2.903551
 410    9.9975     0.008657     0.004322     4.472633     3.617921
