$coord
          3.440229383516         11.044147334623          2.628293409755     c 
          2.675664463367         10.296151346807         -0.060590969712     c 
          1.045677316637          7.988760341145         -0.075710724032     c 
         -1.573406444370          7.890248162497         -0.171279250354     c 
         -3.359394588475         10.055175870558         -0.490650441716     c 
         -4.108456089891         10.408240355128         -3.263472725668     c 
         -2.241203829445          5.307676717542         -0.079522931405     c 
         -4.759355520198          4.393343337649         -0.025569214042     c 
         -5.527810231663          1.956657489378         -0.047244994401     c 
         -3.863228082313         -0.163747240978         -0.451465634927     n 
         -5.363966814497         -2.361340851102          0.137727964360     c 
         -4.413551955419         -4.721448689860          0.371985631209     c 
         -1.833658165261         -5.444806374781          0.394060225767     c 
          0.172362937759         -3.820460207085          0.488617476004     n 
          2.297388422134         -5.278983125078          0.664340277366     c 
          4.813345316624         -4.357151508729          0.719301525902     c 
          5.577031967890         -1.920920168229          0.809411847291     c 
          3.895223935515          0.197800790301          1.146646346638     n 
          5.413845661869          2.394108091743          0.599464145012     c 
          4.469561713890          4.746373099939          0.283427050108     c 
          1.892459113516          5.468918082130          0.165251804307     c 
         -0.119593001905          3.848954149722          0.135544573916     n 
          8.008477781248          1.602457853838          0.324475500631     c 
         10.131492765492          3.400889333364         -0.147159596061     c 
         10.316374030104          4.144212639224         -2.937688329446     c 
          8.105835298810         -0.965360472923          0.452127985679     c 
         10.360467484625         -2.636430853798          0.155179110065     c 
         10.640810293394         -3.594574244689         -2.560606215424     c 
          1.639446149888         -7.866656631188          0.656225643159     c 
          3.443794717489        -10.035838249697          0.805384435467     c 
          4.423781887968        -10.797327732629         -1.808574361901     c 
         -0.978118237343         -7.970446057488          0.521238102196     c 
         -2.613380263321        -10.268980267157          0.387642576266     c 
         -3.489403526974        -10.810085806100         -2.316414574044     c 
         -7.936663237875         -1.563174676896          0.559387826543     c 
        -10.048277050504         -3.364768040772          1.065432334037     c 
        -11.004322446536         -4.578480545106         -1.381406688023     c 
         -8.033666705757          1.004674389557          0.451924814843     c 
        -10.277451935884          2.675867382137          0.819762243943     c 
        -11.355705488898          3.570570882589         -1.712140258928     c 
          0.021237157108          0.014912267168          0.328674536217     pt
          1.768204934907         11.427202396146          3.762459204981     h 
          4.617083635992         12.730849733703          2.602037565352     h 
          4.489077661898          9.521591424713          3.528071572822     h 
          1.652213894105         11.860884697444         -0.932515173879     h 
          4.376470591563          9.968166705779         -1.187177290338     h 
         -5.059417540516          9.743604989229          0.641128316187     h 
         -2.470155558104         11.785138814702          0.196731826481     h 
         -5.003527956396          8.704466715317         -3.986792994396     h 
         -5.419230487715         11.980242319936         -3.465875044427     h 
         -2.442484728565         10.789956244640         -4.406970833532     h 
         -6.200956725396          5.821695655792          0.167794321460     h 
         -3.356696494446         -0.224207794103         -2.328851735377     h 
         -5.743182383550         -6.231865594087          0.697810069410     h 
          6.266494543876         -5.777710099007          0.564480610642     h 
          3.337942147656          0.265450629719          3.010584281319     h 
          5.811196908722          6.252932564454         -0.008999222923     h 
         11.908816094274          2.532194283468          0.435911629044     h 
          9.851894188280          5.100128752127          0.992043070145     h 
         11.852498737930          5.481234525180         -3.216659495154     h 
          8.564076712667          5.007985725849         -3.574191486522     h 
         10.671691039142          2.486867188291         -4.098235626665     h 
         10.184979204808         -4.249891957931          1.431205906689     h 
         12.061540794457         -1.595560670638          0.680626914531     h 
         12.241403302471         -4.876282821810         -2.701347155410     h 
          8.942801820691         -4.588030875186         -3.152983015318     h 
         10.945644801284         -2.023003818717         -3.847693108864     h 
          5.041162751024         -9.539829355392          2.017252022109     h 
          2.499572825831        -11.658184403767          1.665486692527     h 
          5.373412832289         -9.214466247389         -2.713361908245     h 
          5.750010822264        -12.361956878651         -1.654934797350     h 
          2.862736252357        -11.378797059098         -3.012318126883     h 
         -4.269215054161        -10.028387811711          1.601712296821     h 
         -1.561524478020        -11.898730962213          1.090895607787     h 
         -4.680395048248        -12.486041009134         -2.368132278199     h 
         -4.556822721717         -9.218019281593         -3.059493267203     h 
         -1.869336546227        -11.120224344340         -3.543243651181     h 
        -11.606898924611         -2.372001778739          1.978580921414     h 
         -9.397831315064         -4.840393501700          2.353495210629     h 
        -11.721625896463         -3.138781803531         -2.660555834119     h 
         -9.485455485503         -5.586786180877         -2.329577815768     h 
        -12.520078980838         -5.904942571364         -0.973660669521     h 
        -11.741387200103          1.656299827052          1.852418603250     h 
         -9.733709983917          4.314841078139          1.949834141714     h 
        -12.968549632376          4.805882213553         -1.401866897426     h 
        -11.969851367023          1.963564748429         -2.836209540635     h 
         -9.934254017393          4.601323686785         -2.779716434603     h 
$end
