 NM
 VELO
 MMASS
   636.753999999999     
 LFAKTOR
  0.5
 RFAKTOR
  1.0
 WIDTH
  0.20
 SHIFT
  0.00
 DATXY
   1    3.8744     0.555541     0.121550     8.543902     2.966577
   2    3.9640     0.013434     0.000581    -0.821971    -1.116777
   3    4.0995     0.258809     0.061942    26.079937   -12.772500
   4    4.3942     0.163000     0.050090   -11.301191    -0.489632
   5    4.4365     1.381154     0.383313   -79.714261   -39.459992
   6    4.5396     0.000060     0.000082    -0.444743    -0.154659
   7    4.7183     0.144620     0.042409    41.463452    26.812243
   8    4.7269     0.005444     0.004097    21.408648    14.970824
   9    4.8461     0.002046     0.000545    -0.533240     0.108690
  10    4.8672     0.008303     0.003190    -1.517959    -4.068996
  11    5.0375     0.389545     0.090335   200.099021   154.092672
  12    5.0447     0.459870     0.100468   -83.982751   -47.223506
  13    5.0949     0.468580     0.115942   -60.221265   -43.874851
  14    5.2690     0.075312     0.016289    19.677593    20.009537
  15    5.3729     0.287956     0.056404   -10.412057   -11.535033
  16    5.4321     0.289242     0.048794    -9.390553    -9.602878
  17    5.5019     0.858123     0.154944    45.189092   132.189622
  18    5.5510     0.019087     0.003086    55.635367    23.955335
  19    5.5912     0.162695     0.037720    -9.375762    -1.254729
  20    5.6076     0.124942     0.036930    50.186148    -4.517494
  21    5.7091     0.043065     0.006584   -16.766947   -17.849369
  22    5.7164     0.040598     0.021310   -13.330222   -18.311760
  23    5.7314     0.014467     0.010992    -5.749418    -4.678900
  24    5.7847     0.819335     0.167114   124.086385    41.953960
  25    5.8662     0.061645     0.013718    17.415315    -4.522654
  26    5.8952     0.007880     0.002115    18.450495   -17.392984
  27    5.9316     0.089044     0.037147    54.244217    43.674735
  28    6.0120     0.086303     0.044637    -9.304571    10.908001
  29    6.0370     0.030075     0.030845    -5.844884    48.401627
  30    6.1068     0.095648     0.022912    26.049832    12.617211
  31    6.1521     0.073385     0.019860    76.674603   101.043870
  32    6.1682     0.074554     0.015836  -132.942789   -11.273254
  33    6.1955     0.108949     0.028552  -254.866986   -68.981198
  34    6.2120     0.145833     0.055979   -65.218686   -33.753572
  35    6.2284     0.196161     0.047118   114.868342   207.667286
  36    6.2380     0.251301     0.073158  -190.404550  -102.316206
  37    6.2527     0.033447     0.008237     6.437192   -22.839049
  38    6.2802     0.225418     0.044160    86.299020   -35.848549
  39    6.3183     0.157072     0.019563   210.693802   116.419488
  40    6.3245     0.012425     0.057267   -36.135467  -202.950222
  41    6.4047     0.136515     0.018739  -226.942444  -156.031779
  42    6.4111     0.054355     0.015471    27.572600     7.894420
  43    6.4271     0.062241     0.024090    43.353002    49.513895
  44    6.4364     0.004519     0.000636    22.063203     8.565713
  45    6.4594     0.139409     0.051899    26.668974   -11.986884
  46    6.5035     0.090805     0.019566    18.904544    33.797286
  47    6.5336     0.002977     0.004631    -3.604623    47.469349
  48    6.5633     0.201795     0.073460    54.832053     7.079042
  49    6.5697     0.001972     0.006443    -3.407100   -20.343412
  50    6.5987     0.073517     0.037970   -75.022619    14.784516
  51    6.6104     0.169826     0.023363    -9.727430    40.529231
  52    6.6373     0.018359     0.012578   -23.672767   -16.444501
  53    6.6571     0.003681     0.005399    -0.908599    -1.447145
  54    6.6775     0.016764     0.036061    23.263967  -105.309941
  55    6.6952     0.050776     0.038476    28.042840   -64.985177
  56    6.7002     0.066666     0.038085    74.219580    57.325199
  57    6.7214     0.004383     0.002775     4.910589    -1.341511
  58    6.7663     0.073468     0.026175    16.569098     2.308330
  59    6.7741     0.126721     0.041662    15.681304   -11.734666
  60    6.7834     0.627389     0.255430     0.433442   -33.573904
  61    6.8153     0.220503     0.080354     4.731829    19.603166
  62    6.8323     0.041105     0.021963    53.348610    53.325405
  63    6.8500     0.010095     0.007809    24.762128    24.601165
  64    6.8699     0.017194     0.006387    -2.495459    -7.758555
  65    6.9028     0.039191     0.010626    -1.227674    -2.845515
  66    6.9059     0.010206     0.007471     6.679231    -3.285869
  67    6.9149     0.009610     0.005534    57.309640    43.402621
  68    6.9479     0.115017     0.059110    -4.261584    29.323157
  69    6.9568     0.000533     0.001948    -0.779061     4.096667
  70    6.9769     0.007716     0.060481   -85.343033   -44.431983
  71    6.9935     0.118853     0.025548    79.609362    60.163988
  72    7.0062     0.023900     0.022802    74.000109    41.480722
  73    7.0195     0.055697     0.017225   -28.626680    -1.491110
  74    7.0270     0.011046     0.006624    45.115909    18.208641
  75    7.0530     0.093454     0.027195    73.989646    46.611806
  76    7.0639     0.091038     0.015004   -61.896766   -36.356438
  77    7.0752     0.163727     0.038680  -154.519413   -84.704297
  78    7.0944     0.004799     0.000313    -9.567050    -4.690082
  79    7.1060     0.126527     0.030988    84.772716   107.311676
  80    7.1189     0.097392     0.026104  -230.433891  -174.647892
  81    7.1205     0.038258     0.022557   144.884631   181.790720
  82    7.1489     0.089089     0.017009   -10.924515    -3.757691
  83    7.1659     0.193441     0.062099   -17.442142   -12.670849
  84    7.1857     0.174017     0.055460  -106.878343   -63.237487
  85    7.1925     0.101196     0.027579   -43.316520   -29.455752
  86    7.2305     0.029431     0.012575    29.479611   -15.818468
  87    7.2424     0.042969     0.011938    24.871472    38.560707
  88    7.2537     0.180850     0.050306  -112.384169   -91.261249
  89    7.2760     0.091815     0.041875    82.288086    89.019653
  90    7.2902     0.031878     0.022450     2.272303   -13.490350
  91    7.3037     0.003402     0.000641     3.819134     3.032085
  92    7.3326     0.051182     0.019383    88.059289    70.621607
  93    7.3462     0.056497     0.015669    37.357239    -6.889336
  94    7.3542     0.004748     0.002848   -15.288168   -22.531568
  95    7.3800     0.048131     0.010513   111.869123    75.984904
  96    7.3832     0.153406     0.031021    54.799601   -15.102811
  97    7.4163     0.026677     0.012394    42.024589    52.336876
  98    7.4187     0.073626     0.017665   -82.951632   -43.585311
  99    7.4291     0.277528     0.079577   -67.368748   -77.863496
 100    7.4413     0.096546     0.015917  -105.333605   -67.009794
 101    7.4451     0.059067     0.020023   164.492153   133.602562
 102    7.4561     0.024638     0.002382   -43.340278   -22.932720
 103    7.4572     0.353672     0.088850   -95.292899   -85.327564
 104    7.4834     0.001407     0.004475   -18.704693   -16.639994
 105    7.5089     0.134181     0.036063   185.738076   128.703795
 106    7.5300     0.034238     0.005487   118.285639    49.597793
 107    7.5403     0.012833     0.004654    15.780703    12.021098
 108    7.5579     0.060631     0.012862   -18.256201   -16.885227
 109    7.5597     0.037757     0.010282   -13.592861   -20.743833
 110    7.5703     0.183155     0.051424   -40.888908   -56.660965
 111    7.5737     0.142342     0.042587    -4.028274     9.928742
 112    7.5871     0.046647     0.009252   -40.259994   -10.580924
 113    7.5971     0.033684     0.007820   -90.233437   -62.668632
 114    7.6194     0.009195     0.002927   -12.149222    -7.528776
 115    7.6380     0.072015     0.016554   -17.589865     6.637064
 116    7.6421     0.011621     0.003940     5.306281     6.996710
 117    7.6498     0.007194     0.004793   -27.979284   -17.305834
 118    7.6555     0.004664     0.001872   -15.185284   -18.554941
 119    7.6572     0.070368     0.008232   -80.840550   -34.478149
 120    7.6735     0.028567     0.027847    29.005090    45.657326
 121    7.6916     0.027972     0.016474    60.142982    66.427014
 122    7.7005     0.053330     0.004711  -116.848111   -46.454393
 123    7.7045     0.049213     0.015028    77.201465    56.998650
 124    7.7370     0.005230     0.004547    12.849866    12.893471
 125    7.7446     0.020327     0.009244   -48.967298   -62.341387
 126    7.7649     0.047487     0.009902   -18.168097    -7.376371
 127    7.7775     0.007395     0.005833    -3.331410    -9.070315
 128    7.7783     0.010804     0.032609    53.822354   -77.539419
 129    7.7955     0.020335     0.006266   -43.843231   -26.722676
 130    7.8124     0.002492     0.000852    -0.328709     1.233397
 131    7.8232     0.026028     0.012245     2.492470    -1.763622
 132    7.8371     0.017974     0.010210    48.169306    19.536376
 133    7.8494     0.025586     0.013591   -44.085850   -27.861154
 134    7.8553     0.041010     0.009632   -35.220913   -10.462231
 135    7.8730     0.014979     0.020031   -11.531398   108.771400
 136    7.8861     0.021343     0.002216   -69.087949   -28.278672
 137    7.9009     0.001701     0.020788   -27.479788   -16.430737
 138    7.9080     0.002256     0.022824     6.662895    19.197552
 139    7.9216     0.100944     0.023689    38.395547    -0.456768
 140    7.9341     0.026884     0.014598    33.956464    -6.572978
 141    7.9416     0.004078     0.007896     0.385508    10.122654
 142    7.9443     0.008466     0.053678   -39.189696   -43.712085
 143    7.9583     0.008329     0.009225     9.078133     6.964708
 144    7.9635     0.006018     0.022631    36.044656    85.467281
 145    7.9679     0.011867     0.007910    32.272850     3.327955
 146    7.9859     0.015741     0.010555    51.991098    69.055277
 147    7.9906     0.016511     0.002995     7.879833     4.268227
 148    7.9938     0.051612     0.019770    12.207002    15.162108
 149    8.0039     0.102473     0.032372  -104.562535  -140.803654
 150    8.0122     0.010918     0.015297     1.858581   -33.382256
 151    8.0138     0.005816     0.005189   -15.717391     7.772447
 152    8.0224     0.070178     0.009505   -13.756924    -8.687706
 153    8.0273     0.043188     0.015404     9.948525    17.923153
 154    8.0336     0.085751     0.032466  -164.997072  -151.571174
 155    8.0449     0.024108     0.004130   -34.060038   -10.337935
 156    8.0527     0.042106     0.011633   -19.133710    -0.068833
 157    8.0620     0.029939     0.024873    13.171167    22.297460
 158    8.0691     0.014324     0.051223    31.598810   132.977047
 159    8.0767     0.193470     0.080365   -81.750621   -72.295413
 160    8.0819     0.018334     0.016722   104.748949    54.003354
 161    8.0904     0.027251     0.018784     3.803041    -1.015239
 162    8.1062     0.016607     0.025903   -11.043093   -62.296744
 163    8.1158     0.084640     0.055284    73.844270     3.761947
 164    8.1189     0.012756     0.003548    12.003072    15.550966
 165    8.1259     0.017166     0.006023     9.044843   -22.943701
 166    8.1270     0.004430     0.012945    44.178184   -72.850495
 167    8.1370     0.021628     0.013447    49.059128    -2.206459
 168    8.1490     0.039600     0.081383    24.993586     6.705453
 169    8.1599     0.008900     0.015169    -1.550687   -21.190330
 170    8.1615     0.008770     0.051335    10.583023    53.322852
 171    8.1728     0.048885     0.019340   -37.212164   -19.127896
 172    8.1806     0.004780     0.004859    15.818831    19.848459
 173    8.1948     0.051019     0.092911    12.278186    -3.660432
 174    8.2136     0.156400     0.040141   136.678565    96.030422
 175    8.2350     0.032274     0.020330     8.169518     1.644329
 176    8.2401     0.017748     0.005804    17.635886    14.950473
 177    8.2445     0.027706     0.005710    28.714816     1.878937
 178    8.2478     0.025393     0.011648     3.387984   -14.253891
 179    8.2577     0.042803     0.022285   -26.452206   -30.251355
 180    8.2649     0.013550     0.004207   -11.857438    -7.933326
 181    8.2814     0.027587     0.010355     5.749917     4.609148
 182    8.2859     0.181769     0.043049   -55.374690   -35.121616
 183    8.2913     0.049525     0.011730     1.697307    -9.812556
 184    8.2952     0.033780     0.015079    -4.580827    -2.440370
 185    8.3212     0.011241     0.015721    33.262128    31.069835
 186    8.3241     0.006745     0.001635     1.518355    -8.432161
 187    8.3333     0.026791     0.005403    -4.416166    -2.390347
 188    8.3474     0.018022     0.025794    19.645605    39.689929
 189    8.3530     0.028668     0.001828   -23.195957   -14.116149
 190    8.3682     0.005682     0.007108    28.058228     1.802460
 191    8.3832     0.008888     0.012310   -62.482542   -34.439433
 192    8.3961     0.046452     0.023968    43.256869     0.769809
 193    8.4017     0.014898     0.004929    -1.912470    -0.134996
 194    8.4146     0.087402     0.017907   -76.083209   -36.408682
 195    8.4322     0.023528     0.012568   -23.106307   -21.246864
 196    8.4365     0.001542     0.001294    -1.103036    -1.660272
 197    8.4399     0.019792     0.020740     2.207230     8.670876
 198    8.4469     0.004884     0.007198    36.718093     7.115626
 199    8.4613     0.022172     0.016780    -2.062421    -0.114398
 200    8.4627     0.001131     0.001170    -9.039973     3.220699
 201    8.4756     0.012587     0.011978    29.777610    18.943726
 202    8.4884     0.070736     0.012753  -105.564485   -53.407605
 203    8.5040     0.032100     0.011981    -3.606852    -6.093814
 204    8.5175     0.031965     0.029214    10.565061   -40.736815
 205    8.5289     0.059525     0.025646    51.701477    49.420239
 206    8.5499     0.028664     0.027665   -20.284674   -17.702892
 207    8.5660     0.002532     0.000800     1.839847    -0.157444
 208    8.5673     0.002661     0.002598   -12.691893    12.930246
 209    8.5768     0.003484     0.005320    22.729077    30.270495
 210    8.5878     0.029188     0.045678   125.595077   118.906274
 211    8.6082     0.004164     0.010122    15.826157   -12.151713
 212    8.6091     0.013892     0.011388    22.193064     9.082158
 213    8.6195     0.012298     0.001118    -3.545987     2.324828
 214    8.6244     0.018502     0.005697    -2.859594    -7.929597
 215    8.6320     0.016277     0.003133    27.476714    -0.547241
 216    8.6450     0.045408     0.011448   -18.641163   -67.250068
 217    8.6470     0.024438     0.010931     0.847463     5.644294
 218    8.6538     0.041586     0.019003    84.700213    62.550037
 219    8.6634     0.041592     0.009095  -106.431471   -41.740222
 220    8.6675     0.065441     0.015476   -52.873811   -63.528957
 221    8.6728     0.021967     0.004786    15.493765     4.129513
 222    8.6753     0.017763     0.018753    26.035617     2.489452
 223    8.6863     0.012086     0.008192    -1.009085    -2.543075
 224    8.6971     0.134078     0.035838    27.182962    14.632197
 225    8.7000     0.023776     0.021615     9.884957   -40.242707
 226    8.7128     0.016852     0.012223    -1.074100     0.402766
 227    8.7179     0.029214     0.012119    45.542714    54.134819
 228    8.7260     0.009588     0.004770   -16.398006     5.324913
 229    8.7320     0.023164     0.014091    24.044066    46.607181
 230    8.7408     0.038337     0.015876   -30.378099   -24.078723
 231    8.7478     0.008053     0.008203    -5.465953   -12.719034
 232    8.7499     0.043387     0.021258    -6.205448   -16.645391
 233    8.7614     0.130769     0.026523     2.920421    10.239108
 234    8.7683     0.018546     0.009068    29.395419    13.040161
 235    8.7768     0.062943     0.014048    16.433943     2.290865
 236    8.7826     0.084919     0.026817   -31.937464   -35.310351
 237    8.7854     0.021251     0.008531    -0.779251    16.686524
 238    8.7914     0.012843     0.011437    42.485845    53.013036
 239    8.8027     0.068753     0.015747   -10.317798   -13.990669
 240    8.8088     0.033224     0.008129   -18.020626   -13.517313
 241    8.8174     0.103890     0.019757   -42.349054     4.201616
 242    8.8363     0.099413     0.030264   -77.076461   -52.639715
 243    8.8433     0.010568     0.006325    -5.488623    -7.613368
 244    8.8464     0.001238     0.015102    -2.360766    -7.411515
 245    8.8500     0.015380     0.012339   -43.975726     3.316881
 246    8.8582     0.028972     0.010137   -13.664325    -5.566113
 247    8.8604     0.013285     0.013750     2.232980     7.523801
 248    8.8656     0.010381     0.007205     0.121459    -3.219002
 249    8.8720     0.007569     0.002519     1.335661     4.239642
 250    8.8821     0.004738     0.004826    -3.539113   -22.289968
 251    8.8875     0.005087     0.012881    21.830609     6.150006
 252    8.8931     0.008931     0.005347   -16.936701    -0.014790
 253    8.8955     0.023486     0.001330  -103.053428   -27.118511
 254    8.9070     0.004314     0.001708    18.749673    19.405043
 255    8.9088     0.033677     0.017452    46.302948    23.976298
 256    8.9139     0.049104     0.024152   -17.510974   -20.221912
 257    8.9186     0.010011     0.008204    19.178951   -11.974205
 258    8.9306     0.007074     0.000819   -19.163267    -6.673649
 259    8.9344     0.000950     0.001971     0.334012    10.298187
 260    8.9371     0.001445     0.000505    -3.847762     0.911880
 261    8.9412     0.009887     0.004253    -8.575116    -4.795739
 262    8.9472     0.004036     0.007050     4.799568    11.031675
 263    8.9502     0.158608     0.031191    24.289826    17.533461
 264    8.9567     0.039876     0.005885   -78.908512   -45.993262
 265    8.9603     0.004731     0.000658     9.385364     0.632567
 266    8.9654     0.039514     0.016193   -12.202141    16.273570
 267    8.9767     0.013530     0.016621    39.511986    43.355713
 268    8.9797     0.003968     0.013014   -33.223044   -48.084574
 269    8.9864     0.021745     0.008840    11.213980     8.239296
 270    8.9994     0.013682     0.002400    13.493336     9.373147
 271    9.0043     0.020612     0.005983     3.901228     8.495763
 272    9.0070     0.013039     0.004158   -24.014959    -3.644185
 273    9.0161     0.015441     0.005842    12.575463    13.642714
 274    9.0251     0.005463     0.001056     9.573471     4.888010
 275    9.0326     0.016811     0.004106    -8.962847    -4.697741
 276    9.0395     0.007008     0.007378   -12.188993   -10.707185
 277    9.0456     0.004686     0.001962    -5.057351    -2.000167
 278    9.0577     0.001847     0.001406    -6.733589    -8.171318
 279    9.0645     0.000338     0.001613    -1.710788     0.109140
 280    9.0680     0.013839     0.010276    39.944454    38.267247
 281    9.0721     0.014688     0.006849   -15.222385    -4.264953
 282    9.0760     0.055956     0.017351   -58.063780   -42.406889
 283    9.0832     0.035185     0.007494     7.156194     5.314777
 284    9.0900     0.013057     0.001878    -4.814823    -2.942455
 285    9.0937     0.023731     0.014408    -4.273954     0.624586
 286    9.0991     0.001311     0.002602     8.115235    14.570618
 287    9.1015     0.008154     0.003181   -14.957533    -5.306018
 288    9.1092     0.000515     0.000099    -1.227968    -0.710092
 289    9.1132     0.018413     0.006236    15.854834    12.879291
 290    9.1199     0.030277     0.005945    -2.781694    -3.118812
 291    9.1226     0.003521     0.003545     0.725230     1.839041
 292    9.1295     0.007911     0.002862    -4.538344    -4.080263
 293    9.1342     0.003113     0.000552    -0.119899     0.603906
 294    9.1403     0.015836     0.008097    17.052273   -16.505181
 295    9.1521     0.006295     0.003008     5.713103    -0.579769
 296    9.1599     0.021641     0.008515   -37.008764   -15.717900
 297    9.1622     0.009469     0.007032    22.903935    27.459662
 298    9.1743     0.060111     0.015162   -52.719650   -38.592524
 299    9.1774     0.020552     0.012515   -39.221859   -17.151735
 300    9.1894     0.009272     0.012494   -32.949545    -9.717485
 301    9.1972     0.014947     0.005442    14.106104    23.172935
 302    9.2052     0.010776     0.004753     6.315900     8.020041
 303    9.2091     0.031220     0.010247    30.678568    11.107230
 304    9.2137     0.005457     0.002055     3.095750     4.364089
 305    9.2250     0.017943     0.007165    31.124435    26.534529
 306    9.2298     0.018822     0.011961     6.921840   -11.308709
 307    9.2331     0.000940     0.005319    -3.279407    -5.579446
 308    9.2441     0.000554     0.002617     1.878658    14.777978
 309    9.2466     0.018386     0.012370    18.914771    24.199435
 310    9.2540     0.010833     0.001347    -7.218679    -0.508793
 311    9.2577     0.030153     0.004583   -38.358059   -37.235105
 312    9.2647     0.018608     0.002769   -33.766136    -9.994657
 313    9.2839     0.010888     0.001418   -44.866874   -27.370862
 314    9.2984     0.013103     0.008508   -30.580782    37.508308
 315    9.3036     0.004259     0.011825    18.150328   -25.168575
 316    9.3116     0.016881     0.014224    -1.730916    17.929278
 317    9.3182     0.028345     0.003992    -5.378366   -20.615803
 318    9.3262     0.025122     0.011744    93.694557    69.011613
 319    9.3419     0.002101     0.003908     2.771185    -2.245585
 320    9.3528     0.007055     0.002065    10.054094     3.363240
 321    9.3590     0.010833     0.006132   -35.215218   -16.237468
 322    9.3663     0.001008     0.004549    16.385624   -17.671006
 323    9.3694     0.006017     0.001497    11.988389     6.658801
 324    9.3836     0.015912     0.003593    30.965337    21.408475
 325    9.3885     0.019975     0.005261     4.653754     5.853720
 326    9.3967     0.009706     0.001440     3.883237    -0.549407
 327    9.4109     0.059618     0.016771    31.854076    25.375641
 328    9.4164     0.013313     0.008078    23.394041    35.303148
 329    9.4185     0.000763     0.000453     3.142964     4.962640
 330    9.4238     0.000411     0.000352     2.450799     0.650341
 331    9.4279     0.044761     0.009282  -103.708072   -55.766461
 332    9.4366     0.009253     0.003694   -18.181158   -14.302089
 333    9.4411     0.000074     0.000035    -2.516824    -3.207086
 334    9.4517     0.004607     0.001155    -6.024231    -1.812351
 335    9.4568     0.017957     0.006995    37.818056    27.814668
 336    9.4599     0.018159     0.005402   -28.371765   -20.810493
 337    9.4661     0.015675     0.007064   -12.481275   -16.957684
 338    9.4761     0.005087     0.002113    -5.548487    -6.277476
 339    9.4762     0.016307     0.008193     3.097353     3.977782
 340    9.4893     0.020227     0.008077   -20.210239    -3.802176
 341    9.5077     0.002424     0.000528    -1.104140     1.212902
 342    9.5093     0.021659     0.005555    -0.932888    -0.933749
 343    9.5170     0.001706     0.004781    -2.659817    -1.344204
 344    9.5246     0.028659     0.014291   -13.404029   -10.645005
 345    9.5270     0.009132     0.006549   -19.936166    -4.023554
 346    9.5376     0.005764     0.007720    17.882272    13.619388
 347    9.5454     0.003838     0.004141   -12.929315   -11.846666
 348    9.5476     0.001010     0.003486     3.578580    12.849367
 349    9.5512     0.011260     0.004779    -1.093450     3.432841
 350    9.5633     0.041415     0.010643   -20.559363   -27.337668
 351    9.5723     0.002356     0.000135     9.371765     0.676743
 352    9.5777     0.014734     0.006084     7.142874     4.700488
 353    9.5799     0.020188     0.005429     8.299876    -9.063486
 354    9.5896     0.007991     0.003779    -8.794570     3.262773
 355    9.5985     0.004102     0.000381    -6.596656    -3.671252
 356    9.6056     0.000401     0.000126     0.425753     0.137080
 357    9.6107     0.011954     0.014235    17.207341    16.009951
 358    9.6121     0.008844     0.003465     5.423756    -6.825454
 359    9.6208     0.008776     0.001126    24.901347     0.496148
 360    9.6275     0.008515     0.006744    14.996819     1.289498
 361    9.6372     0.016379     0.004834    12.138476     5.665315
 362    9.6397     0.000358     0.000573     0.602575     0.959762
 363    9.6429     0.007173     0.002095     9.911093     5.232661
 364    9.6454     0.012293     0.001523     2.176780    -0.307221
 365    9.6469     0.006000     0.001111     3.434792     4.379537
 366    9.6505     0.004173     0.000091    -3.146404    -0.808172
 367    9.6538     0.014948     0.002125   -19.764291   -11.135551
 368    9.6589     0.001377     0.000796    -3.865528    -2.410159
 369    9.6667     0.000912     0.000737     0.000868     3.565916
 370    9.6708     0.001118     0.000633     1.046323     1.086728
 371    9.6715     0.025710     0.004998    18.288718     8.525131
 372    9.6721     0.004037     0.003945    17.945868   -11.907629
 373    9.6791     0.029386     0.009206    14.789893     8.869811
 374    9.6914     0.004230     0.000560    -5.995717    -2.501954
 375    9.6952     0.006603     0.001665     0.667214     0.841948
 376    9.7006     0.005817     0.001139   -18.832627    -9.532795
 377    9.7128     0.009750     0.003089     2.833823     2.833550
 378    9.7188     0.002301     0.000276    -2.757876     1.814535
 379    9.7210     0.007373     0.001367    -4.620578    -2.189453
 380    9.7225     0.009768     0.004383   -12.030998    -4.731639
 381    9.7318     0.009820     0.006616    27.156778   -12.853323
 382    9.7346     0.001587     0.003104     2.927019     6.752619
 383    9.7422     0.012916     0.005091     3.048287     0.691354
 384    9.7482     0.012510     0.003721    -0.151171     2.187359
 385    9.7501     0.002351     0.000689     1.416890    -3.296443
 386    9.7568     0.015750     0.001535   -26.615055   -11.280531
 387    9.7611     0.003877     0.002215     0.406646     1.119042
 388    9.7722     0.002942     0.004549     0.584695    -1.251278
 389    9.7759     0.002276     0.001435    -0.439743    -0.482205
 390    9.7790     0.019912     0.003397   -11.084661    -5.321530
 391    9.7868     0.007098     0.001632    -7.371045    -1.968923
 392    9.7884     0.015655     0.004159    -2.362167    -0.965238
 393    9.7950     0.062230     0.012298    27.930555     1.570548
 394    9.7984     0.005823     0.002862    12.888061    11.661979
 395    9.8059     0.002675     0.000696    -5.607433    -3.882187
 396    9.8097     0.002512     0.002790    11.846513     7.160918
 397    9.8100     0.005284     0.004166     4.446314    -2.648666
 398    9.8139     0.007881     0.002835    -2.229128    -2.953349
 399    9.8158     0.001797     0.001223    -6.920199     0.264335
 400    9.8214     0.003886     0.003623     4.969173     5.797189
 401    9.8241     0.004182     0.012318    14.806142    36.332675
 402    9.8289     0.000071     0.002188    -0.402294    -6.438523
 403    9.8305     0.001060     0.005651     8.551757    14.457612
 404    9.8354     0.010023     0.002810     3.013587    -4.785646
 405    9.8411     0.008794     0.002557   -37.808990   -19.535558
 406    9.8415     0.003688     0.002613    -0.313183     4.537200
 407    9.8478     0.007229     0.002210     0.433358    -3.826092
 408    9.8507     0.004822     0.002651    17.220932     3.129725
 409    9.8520     0.012852     0.003992   -13.257883   -24.637909
 410    9.8549     0.000545     0.000080    -0.929951     1.177270
 411    9.8615     0.005388     0.002554    -2.261264     5.776975
 412    9.8659     0.004366     0.002270    -2.106677    -3.892212
 413    9.8719     0.007643     0.002430    -6.624308    -5.249666
 414    9.8746     0.002595     0.000487    -4.030041     1.892983
 415    9.8807     0.011620     0.004537     7.138246     4.203442
 416    9.8845     0.001841     0.007023     9.214642     6.240330
 417    9.8875     0.000037     0.000387     0.667501     2.259174
 418    9.8963     0.000007     0.000405    -0.428980    -0.274146
 419    9.9001     0.005193     0.002924    -1.420066    -0.922242
 420    9.9063     0.003347     0.001365   -12.197230    -7.114195
 421    9.9177     0.000414     0.001009    -0.109153     5.760628
 422    9.9221     0.002207     0.000878    -4.406702     2.904562
 423    9.9265     0.002334     0.001726    10.288649    11.721976
 424    9.9376     0.004303     0.003826     6.659657    -1.387922
 425    9.9412     0.000527     0.000009    -1.965605    -0.116672
 426    9.9465     0.006900     0.001381    -9.893549    -7.535104
 427    9.9513     0.000081     0.001398     0.130306     9.366875
 428    9.9554     0.001511     0.001139    -2.965578    -2.924075
 429    9.9567     0.004029     0.003362    -1.679969   -10.520486
 430    9.9696     0.010203     0.001429   -25.889684    -8.805023
 431    9.9760     0.007810     0.007430     7.521350    10.139859
 432    9.9789     0.012867     0.007202    11.703361     3.309841
 433    9.9846     0.000014     0.000762     0.550194     4.668279
 434    9.9939     0.001800     0.009391    -3.663548    29.286411
