 NM
 UV
 MMASS
   681.869899999999     
 LFAKTOR
  0.5
 RFAKTOR
  1.0
 WIDTH
  0.20
 SHIFT
  0.00
 DATXY
   1    3.9833     0.361803     0.203840   -29.182073    -6.788753
   2    4.2448     0.007246     0.060981    -2.495175   -54.895311
   3    4.3592     0.012204     0.009701    20.518503    17.936687
   4    4.4498     0.027098     0.131304    86.054634    82.241025
   5    4.5564     0.214346     0.082725   -55.255219    12.397910
   6    4.6116     0.016884     0.011031    -1.645124    -0.058566
   7    4.7290     0.052662     0.031799   105.361702    97.004345
   8    4.7553     0.115943     0.066946   -65.468257   -50.546067
   9    4.9113     0.028745     0.148566   -82.605343   -18.451879
  10    4.9899     0.030208     0.089180   115.718809     2.384716
  11    5.0246     0.002496     0.009361     8.369188    20.815961
  12    5.0998     0.000529     0.000600     0.085663     0.500614
  13    5.1075     0.001949     0.001799    -1.893934    -1.678498
  14    5.1447     0.549502     0.287250    34.578819    13.492967
  15    5.1486     0.129334     0.064198    15.194999    10.688357
  16    5.3630     0.133227     0.061407    53.829531    38.121444
  17    5.4607     0.251617     0.140444     6.105400   -15.854571
  18    5.4656     0.485751     0.266257   -28.687177   -45.115993
  19    5.6512     0.207058     0.135517     5.647208     9.548116
  20    5.6735     0.144472     0.080136    -3.936937    -5.079855
  21    5.8174     0.335291     0.190021   -73.339819   -67.113295
  22    5.9040     0.598920     0.311819   220.620524   163.054038
  23    6.0213     0.232772     0.132013    59.986181    65.885170
  24    6.0896     0.014023     0.013175    -4.689358   -10.155059
  25    6.1183     0.267012     0.140268   -67.142856   -50.756671
  26    6.1525     0.219192     0.146024   -10.827648   -14.190650
  27    6.2411     0.058263     0.022211    27.869534    15.026645
  28    6.2613     0.005120     0.011285    16.685081   -12.664498
  29    6.2683     0.304793     0.179831     5.365263    20.546916
  30    6.2788     0.050610     0.022511     0.955014     6.665597
  31    6.2876     0.029174     0.020060   -18.302229   -10.548059
  32    6.3152     0.075740     0.050410    -1.511375    -0.925313
  33    6.4179     0.003467     0.002967    11.991832    10.536707
  34    6.4522     0.114687     0.077719    56.640279    44.603722
  35    6.4834     0.000384     0.006864    -3.984388     1.092401
  36    6.4951     0.044461     0.022042    16.057341    13.335660
  37    6.5086     0.062127     0.030036  -125.897364   -68.470235
  38    6.5274     0.046104     0.032656   -30.683350   -19.176924
  39    6.5800     0.021441     0.009485    -0.989479     8.240315
  40    6.5931     0.275638     0.152254   -82.369609   -56.720382
  41    6.6269     0.093391     0.063689   129.593666   109.366286
  42    6.6542     0.081687     0.050506   -65.528627   -67.309679
  43    6.6687     0.284401     0.154290   100.774471    40.192823
  44    6.6755     0.014057     0.007067    -5.013196    -4.039129
  45    6.6919     0.001981     0.002464     5.139503     5.337094
  46    6.7188     0.005674     0.001810    -1.902309     2.868736
  47    6.7235     0.036642     0.019518    65.766796    68.305055
  48    6.7258     0.000309     0.001771     1.661795    -1.812643
  49    6.7352     0.014539     0.005624    42.294845    21.690660
  50    6.7860     0.001188     0.000727    -1.400966    -1.341822
  51    6.7971     0.001605     0.001825   -11.304133    -7.430588
  52    6.8038     0.006127     0.005120     5.084953    -3.885031
  53    6.8080     0.014040     0.011298   -10.517443    21.520035
  54    6.8107     0.006526     0.002801    16.940531     6.884286
  55    6.8274     0.013427     0.012197     3.074831    -0.463587
  56    6.8750     0.120727     0.079361     1.337406     5.493282
  57    6.8816     0.024414     0.015602    26.243515    17.552445
  58    6.9087     0.071887     0.042263   -16.683388   -17.996229
  59    6.9098     0.005289     0.004773     0.874229     2.613613
  60    6.9213     0.005017     0.002964    26.211341    21.751392
  61    6.9246     0.056615     0.036963   -35.217840   -28.576985
  62    6.9423     0.022201     0.027633   -77.240163   -59.194449
  63    6.9754     0.024719     0.021739    13.228161    13.666425
  64    6.9766     0.291821     0.233247    -6.943669    36.945727
  65    6.9860     0.043270     0.030695   151.529597   133.084640
  66    6.9872     0.238777     0.162279  -278.643397  -213.867523
  67    7.0155     0.156378     0.091601   -53.926828   -40.350455
  68    7.0197     0.220800     0.119620    44.616604    30.875068
  69    7.0440     1.097258     0.658220   114.182759    89.114218
  70    7.0770     0.037787     0.029908   -73.042324   -81.301342
  71    7.0884     0.222781     0.128678    65.402847    42.422487
  72    7.0952     0.077453     0.056082  -134.939238   -98.999437
  73    7.1092     0.063856     0.035916   128.725995    78.115417
  74    7.1226     0.005535     0.003870    -2.048830    -3.142166
  75    7.1348     0.034370     0.033519    32.053761    18.522740
  76    7.1554     0.016890     0.009632   -40.291067   -26.406218
  77    7.1582     0.168778     0.099188   222.490304   182.348118
  78    7.1695     0.025774     0.025372     1.518693     6.409386
  79    7.1774     0.038333     0.024958    -3.484828    -1.886027
  80    7.1810     0.040765     0.046918    51.720634    48.403882
  81    7.2091     0.013204     0.006864   -30.455546   -20.767747
  82    7.2401     0.015764     0.055450   154.818643   128.251651
  83    7.2424     0.147024     0.082751    43.482762    19.984616
  84    7.2553     0.303291     0.159537  -560.720633  -432.061135
  85    7.2592     0.022914     0.012298   -39.509755   -23.485923
  86    7.2720     0.417985     0.287357   112.594551    97.262651
  87    7.2779     0.031774     0.015133   -52.072257   -35.791986
  88    7.3049     0.182659     0.138998  -194.371982  -187.652697
  89    7.3163     0.074515     0.052192    38.870170    21.139165
  90    7.3199     0.058168     0.035043  -197.611812  -210.431486
  91    7.3402     0.612509     0.437637   265.411968   193.870063
  92    7.3540     0.186380     0.126746   169.856906   187.579907
  93    7.3698     0.049019     0.022988    87.728049    45.879040
  94    7.3809     0.034777     0.017407    64.318925    39.858238
  95    7.3886     0.046599     0.024584   -63.150262   -42.499333
  96    7.4086     0.020592     0.017954     6.944501   -23.176727
  97    7.4120     0.129752     0.071182    30.391749    24.207614
  98    7.4130     0.021492     0.011019    65.141046    41.106699
  99    7.4374     0.005487     0.003565     4.496717     4.242944
 100    7.4391     0.003653     0.000981     0.620449     2.642744
 101    7.4428     0.026666     0.021235     1.675403     3.444035
 102    7.4614     0.028789     0.011896    -3.075202    -1.431281
 103    7.4670     0.009021     0.006480     9.474228    17.608681
 104    7.4694     0.005740     0.004928     2.273552     2.729603
 105    7.4843     0.032911     0.017706   -18.031049    -8.046372
 106    7.4859     0.014021     0.014562   -12.385616    20.918739
 107    7.4935     0.000119     0.000444     1.135060     0.719871
 108    7.5200     0.059847     0.033166   -27.354614    -4.390940
 109    7.5308     0.040703     0.016424   -60.854336   -38.366230
 110    7.5410     0.000669     0.000843     1.982823    -1.587072
 111    7.5517     0.020057     0.013363    38.013513    36.618006
 112    7.5592     0.007962     0.003793    10.365532    -3.734286
 113    7.5654     0.001296     0.000221     1.885533    -0.990044
 114    7.5680     0.007928     0.004883   -10.760313   -15.472932
 115    7.5740     0.002362     0.003046    10.066671    14.988089
 116    7.5809     0.009381     0.010996    -1.292556    -4.130026
 117    7.5941     0.017041     0.013233   -22.079965   -27.848583
 118    7.6027     0.003580     0.002228    27.561042    26.747770
 119    7.6086     0.006614     0.005106    20.594620    18.635956
 120    7.6240     0.004679     0.002994    18.156375    13.898562
 121    7.6350     0.043425     0.029918  -146.814126  -122.495306
 122    7.6507     0.111778     0.052279     7.722009     2.958009
 123    7.6585     0.052801     0.029884    30.146092    23.376876
 124    7.6673     0.011974     0.003510   -25.624355   -16.331201
 125    7.6709     0.003141     0.001211    -0.877644     4.380454
 126    7.6747     0.011851     0.004995   -19.419003   -32.672649
 127    7.6849     0.021622     0.017545   -27.280124   -29.259554
 128    7.6912     0.006941     0.011616     4.902708    -5.261927
 129    7.7066     0.007160     0.001579   -21.617794    -5.967714
 130    7.7089     0.152371     0.090291    45.493536    35.257059
 131    7.7110     0.004672     0.003165     1.333617    -9.788192
 132    7.7156     0.017176     0.010473     6.725278     3.419214
 133    7.7416     0.166780     0.073299   -98.150690   -67.331565
 134    7.7512     0.078452     0.057081    30.423636    45.800328
 135    7.7587     0.008605     0.006840    -4.114709    -0.072740
 136    7.7654     0.021875     0.029654    -4.374561     9.011444
 137    7.7833     0.003960     0.005314     9.557792     6.733933
 138    7.7886     0.360485     0.209431   -78.716529     3.209671
 139    7.7999     0.021663     0.017876    12.586177     0.379129
 140    7.8041     0.024035     0.013504     0.416506    15.214433
 141    7.8185     0.028189     0.006937     0.623900   -13.180332
 142    7.8266     0.001186     0.025605    -0.665187    11.244161
 143    7.8374     0.019824     0.018934     7.431340   -53.181240
 144    7.8525     0.101083     0.049027    -2.063228   -13.961118
 145    7.8621     0.008654     0.004938   -31.037046    -0.522433
 146    7.8652     0.014125     0.011200    -3.164185    -0.901370
 147    7.8805     0.005248     0.003755    -9.669285     0.104444
 148    7.8859     0.030617     0.019565    87.162542    30.104548
 149    7.8938     0.014454     0.024786   -38.264364   -47.767287
 150    7.9100     0.065286     0.107681   -32.741467   -33.656541
 151    7.9161     0.004934     0.069211    27.641798    11.696543
 152    7.9252     0.008710     0.083243    14.484592   154.950437
 153    7.9338     0.004448     0.022309   -18.547195   -44.296426
 154    7.9370     0.001505     0.038446   -11.802972   -51.108445
 155    7.9412     0.003311     0.063045   -35.749356    17.563856
 156    7.9461     0.003901     0.036809    14.031738    84.720738
 157    7.9506     0.003189     0.034311     8.591824    29.993936
 158    7.9628     0.008027     0.005971     2.504749    14.680970
 159    7.9651     0.004029     0.051758    -2.572298   -49.191213
 160    7.9705     0.005703     0.033350   -29.763129   -32.614016
 161    7.9788     0.010935     0.004879   -36.037089   -22.853157
 162    7.9905     0.002053     0.008705     5.401209   -25.966619
 163    7.9982     0.001987     0.004146    -7.752382   -28.297443
 164    8.0016     0.006771     0.000603    27.232076    -1.669186
 165    8.0037     0.008410     0.008783   -12.132121   -13.225715
 166    8.0108     0.002028     0.006072    -5.549686    -6.743347
 167    8.0148     0.000866     0.108261     5.819199    -5.212996
 168    8.0330     0.000809     0.006333    15.011518    52.367394
 169    8.0423     0.001209     0.001021    -1.530859    -1.158268
 170    8.0464     0.039426     0.022786    25.886178    19.020148
 171    8.0636     0.011825     0.020382    26.833675     8.861307
 172    8.0722     0.009404     0.021449    -7.118600   -29.015489
 173    8.0793     0.001051     0.002877    -9.524264   -13.279812
 174    8.0825     0.037133     0.025789   -43.335539   -19.756343
 175    8.0846     0.005543     0.006054    10.984439    13.712172
 176    8.1011     0.008240     0.017500    11.080427    20.127178
 177    8.1029     0.004445     0.006243     6.479368     9.810289
 178    8.1102     0.006204     0.004121     0.493518     1.981339
 179    8.1147     0.010973     0.024713    11.577249    10.850092
 180    8.1189     0.007451     0.005262   -20.858210   -13.994991
 181    8.1367     0.007208     0.010192    15.602483   -21.631245
 182    8.1522     0.041147     0.027154    29.728206    25.153016
 183    8.1626     0.006993     0.016360   -19.398080   -24.186621
 184    8.1677     0.007388     0.008209    23.764918    22.672310
 185    8.1721     0.001422     0.002609    -4.767756    -0.384618
 186    8.1828     0.007113     0.009680   -11.589157   -10.487872
 187    8.1875     0.009354     0.014078     4.834462    -0.250170
 188    8.2164     0.002016     0.001058    -5.097430     1.166627
 189    8.2231     0.002012     0.004186     0.027438     7.897635
 190    8.2278     0.018173     0.014809   -12.023927    -9.934675
 191    8.2340     0.053881     0.050214   -25.274498   -10.662920
 192    8.2394     0.007042     0.017550    13.773636     9.552637
 193    8.2475     0.023915     0.032484   -45.605257   -45.208557
 194    8.2525     0.012267     0.009653   -38.545588   -32.949014
 195    8.2584     0.007032     0.007294    25.465631    35.892995
 196    8.2673     0.040541     0.035826    27.940748    24.328350
 197    8.2770     0.006203     0.001775    25.060943    13.506450
 198    8.2841     0.016722     0.038228    25.120056    14.169177
 199    8.2942     0.044370     0.043646    57.682501    20.400168
 200    8.2965     0.003468     0.006055   -21.854156     2.015412
 201    8.3030     0.001716     0.011758     5.842488    13.405480
 202    8.3045     0.000629     0.004331     2.086752    16.598712
 203    8.3125     0.000401     0.002993    -3.029110     7.507800
 204    8.3130     0.004055     0.006021    -3.650224    -1.018099
 205    8.3159     0.004181     0.011507     3.479246     5.535629
 206    8.3195     0.016754     0.013946   -13.286310   -20.284110
 207    8.3213     0.000964     0.008617    -2.692717     8.715707
 208    8.3228     0.004304     0.003744    -0.135255     6.885562
 209    8.3285     0.003499     0.008636   -14.577109   -13.995407
 210    8.3336     0.041038     0.027135   -48.324913   -37.910999
 211    8.3353     0.014964     0.009963   -33.263886   -29.009801
 212    8.3375     0.001666     0.003224     1.721722     1.202252
 213    8.3399     0.004283     0.000767    -3.827196    -4.950511
 214    8.3404     0.019652     0.017190     2.628055     0.678343
 215    8.3430     0.007534     0.011451    29.591869    38.551691
 216    8.3473     0.015711     0.031103     3.948022     7.365426
 217    8.3499     0.010367     0.008837    -9.869161   -16.427351
 218    8.3561     0.016164     0.011716   -11.460614   -11.761281
 219    8.3604     0.000197     0.001470     0.969233     2.290006
 220    8.3743     0.013450     0.004487     1.616500     0.244852
 221    8.3776     0.000617     0.000565     0.890768    -0.267624
 222    8.3793     0.025738     0.017278   -30.592682   -23.104856
 223    8.3881     0.003815     0.004159    -6.402967    -5.361896
 224    8.3901     0.003730     0.002185    -1.037324    -0.614078
 225    8.3921     0.001932     0.004086     1.790533    -0.772837
 226    8.4095     0.000185     0.000266     0.433820     0.511752
 227    8.4269     0.023306     0.017854    13.123233     7.892652
 228    8.4480     0.007450     0.010264     7.832958    -0.210823
 229    8.4615     0.002513     0.002365   -10.214171    -2.028619
 230    8.4628     0.004845     0.011181     1.294015     2.595071
 231    8.4754     0.015021     0.011903     0.493947     0.841330
 232    8.4876     0.079356     0.051004    23.365653     6.359950
 233    8.4925     0.019724     0.007359     8.898612     7.033534
 234    8.4938     0.002519     0.001470     2.102220     0.679662
 235    8.5010     0.008131     0.004394    -1.509161    -0.678915
 236    8.5054     0.008088     0.004653     0.285132    -0.917928
 237    8.5116     0.033452     0.017537   -14.277930    -6.043916
 238    8.5230     0.007636     0.010782    -0.574283    -0.569754
 239    8.5255     0.006246     0.005743    -1.959985    -0.145332
 240    8.5367     0.010575     0.008221     2.972985     5.075267
 241    8.5408     0.005296     0.004954     4.045881     4.450925
 242    8.5457     0.012105     0.006581    -7.755066   -12.618778
 243    8.5510     0.005766     0.003378    11.686904     8.046157
 244    8.5590     0.000144     0.000592     0.526352     0.911060
 245    8.5633     0.000257     0.000869     0.134941     2.022886
 246    8.5680     0.025221     0.016884   -66.681742   -32.676543
 247    8.5732     0.034870     0.041438    62.342310    21.579195
 248    8.5775     0.000277     0.003161    -2.832170     1.182771
 249    8.5779     0.014234     0.021617   -63.378083   -26.178493
 250    8.5852     0.039605     0.024167    42.221107    34.243389
 251    8.5882     0.004622     0.010713     9.780832     0.446604
 252    8.5989     0.001376     0.001215    -3.190174    -1.829855
 253    8.6077     0.005838     0.004103   -11.838672    -7.354457
 254    8.6132     0.017587     0.011311   -35.527730   -28.977690
 255    8.6307     0.022288     0.013295   -47.477755   -28.719534
 256    8.6376     0.013043     0.008245    21.442713    20.012873
 257    8.6400     0.002724     0.005056     9.559596    15.632302
 258    8.6518     0.001151     0.006839   -12.064614    -7.769771
 259    8.6553     0.003041     0.028717    32.032583   -16.510593
 260    8.6679     0.005578     0.011262    30.319660    12.030871
 261    8.6759     0.005439     0.047592    35.757956    12.756164
 262    8.6827     0.009168     0.007549     8.517441    14.489300
 263    8.6840     0.002974     0.001632    10.380528     7.390954
 264    8.6875     0.011921     0.020855    39.194807    16.483952
 265    8.6965     0.000583     0.003570     1.346955     5.376722
 266    8.6992     0.017275     0.007357   -31.561059    -0.900571
 267    8.7040     0.003756     0.000182    14.441103     2.557695
 268    8.7141     0.022519     0.021898    -8.961096    -4.774121
 269    8.7187     0.003834     0.005177     1.150740     1.329711
 270    8.7225     0.003750     0.007399     4.576331    -2.235712
 271    8.7253     0.004264     0.009352   -12.354944   -18.716580
 272    8.7415     0.013567     0.027028    24.017293    16.583117
 273    8.7551     0.000651     0.001543    -0.397397     3.513020
 274    8.7603     0.001018     0.004416    -5.476541     2.652427
 275    8.7657     0.001720     0.014256     1.958356   -17.786674
 276    8.7696     0.001571     0.001799     9.972848    10.076203
 277    8.7781     0.007411     0.007097    -9.718090   -15.848534
 278    8.7876     0.000361     0.001980    -0.215285    -0.757227
 279    8.8001     0.000841     0.002974    -3.753284   -13.398970
 280    8.8056     0.005230     0.014778    11.325743    22.545101
 281    8.8107     0.013789     0.005871   -29.805243    -2.843713
 282    8.8176     0.015118     0.016934   -18.389828    -6.376968
 283    8.8379     0.018087     0.005672   -16.409055   -20.722300
 284    8.8402     0.041072     0.050566    23.358425    24.051339
 285    8.8563     0.004701     0.002226    -3.905095    -4.743975
 286    8.8667     0.007501     0.006226     4.683174     3.460279
 287    8.8700     0.004933     0.007701     2.714920     5.575273
 288    8.8843     0.015981     0.011458     0.897107    -3.688305
 289    8.8894     0.000631     0.001286     1.416060    -2.006669
 290    8.8999     0.003217     0.010306     3.240773   -13.190990
 291    8.9049     0.002003     0.002994    -1.587465    -2.354365
 292    8.9107     0.005747     0.003514    -9.097039    -6.470190
 293    8.9180     0.002489     0.003291     3.392309    -4.715567
 294    8.9229     0.036467     0.036896   -46.483089   -46.665968
 295    8.9256     0.012783     0.010849    -1.695688    -6.039031
 296    8.9355     0.005517     0.004452    20.889907    11.427377
 297    8.9452     0.006239     0.002848   -28.386426    13.938349
 298    8.9475     0.005746     0.007628    -5.414490    -1.796845
 299    8.9538     0.010603     0.006144   -33.534705   -30.144831
 300    8.9628     0.000796     0.004785     0.191147    -2.712438
 301    8.9649     0.019377     0.018388   -16.795185   -15.597610
 302    8.9761     0.001182     0.001434    -6.633563    -2.677748
 303    8.9821     0.004175     0.002429    -2.826882    -2.797698
 304    8.9913     0.004127     0.009162     2.548873    26.027174
 305    8.9974     0.002872     0.000118    -1.869765    -0.273824
 306    9.0160     0.043065     0.024277    42.688698    32.936368
 307    9.0266     0.016707     0.012736    33.791371    23.934025
 308    9.0325     0.006078     0.003635   -13.028441    -8.221091
 309    9.0362     0.005995     0.006834     5.280221     3.949975
 310    9.0374     0.003587     0.001751     3.724438     1.659044
 311    9.0417     0.005812     0.003444     5.482345     2.901104
 312    9.0501     0.000779     0.005451    -0.635338   -28.635237
 313    9.0572     0.009782     0.028484    10.391856    18.700581
 314    9.0675     0.004676     0.002733     8.461511     8.596104
 315    9.0772     0.007031     0.002470   -12.414782    -8.836811
 316    9.0804     0.002838     0.002044   -12.313732    -5.495304
 317    9.0872     0.000610     0.001007    -3.830741    -1.789813
 318    9.0910     0.006413     0.002783    12.504787     7.373270
 319    9.0940     0.002857     0.002051    -0.965241     0.711402
 320    9.1067     0.002664     0.001323     4.399660     2.869396
 321    9.1122     0.016733     0.007223     5.098949     0.626751
 322    9.1278     0.001435     0.000666    -0.597124    -0.598920
 323    9.1311     0.008709     0.002726    10.976046     5.767831
 324    9.1355     0.004218     0.005419    -3.866369    -6.564543
 325    9.1415     0.001334     0.005571    -0.709249    -1.260244
 326    9.1505     0.003580     0.002022     0.097463    -2.768830
 327    9.1565     0.002905     0.002287     3.534534     4.942447
 328    9.1633     0.001792     0.000512     1.447716     1.155615
 329    9.1696     0.000330     0.003121     2.800716     3.189154
 330    9.1741     0.008047     0.000440   -11.445384    -2.582234
 331    9.1802     0.002154     0.002210     6.007794     2.096726
 332    9.1859     0.000741     0.000400     0.885749     2.163904
 333    9.1894     0.000759     0.000547    -1.036686    -0.891261
 334    9.1931     0.001844     0.000989    -7.762393    -3.797718
 335    9.1993     0.005174     0.003028    -1.971258     0.775814
 336    9.2030     0.000489     0.002350     3.002177     0.339625
 337    9.2215     0.002524     0.001061   -10.153108    -1.777065
 338    9.2252     0.000065     0.000230    -0.154499     0.306461
 339    9.2263     0.001421     0.002165    -2.366361    -3.371533
 340    9.2284     0.014926     0.009492   -12.255489    -5.886662
 341    9.2338     0.001022     0.001316     2.747273     4.980348
 342    9.2380     0.002833     0.003462     0.714227    -0.431027
 343    9.2431     0.000299     0.000616     0.039220     2.128465
 344    9.2512     0.000176     0.000137     0.020613     0.286150
 345    9.2604     0.003057     0.001894    -6.360821    -7.526336
 346    9.2640     0.012483     0.007007     7.390020     2.930382
 347    9.2726     0.002422     0.000108    -0.989179    -0.421672
 348    9.2760     0.000175     0.001103     0.985168     0.225707
 349    9.2830     0.003211     0.001708     2.001755     1.577005
 350    9.3002     0.002584     0.001348    -1.048040    -0.500441
 351    9.3072     0.001638     0.002866    -3.053733     2.817415
 352    9.3100     0.011291     0.008247     0.676061     1.969778
 353    9.3150     0.002200     0.001793    -0.390632    -1.848732
 354    9.3170     0.005481     0.004129     0.726406     1.812197
 355    9.3221     0.000491     0.000313     1.283158     0.781165
 356    9.3249     0.001467     0.002028    -2.084145    -2.025412
 357    9.3292     0.003355     0.001513    -1.732268     4.026434
 358    9.3354     0.000635     0.000497    -1.731472    -1.340493
 359    9.3392     0.002532     0.002133    -1.324233    -1.958123
 360    9.3417     0.003646     0.010017     7.418303     2.550016
 361    9.3485     0.001411     0.001060    -8.104684    -4.710680
 362    9.3585     0.000174     0.000881    -0.899229     0.853603
 363    9.3639     0.003831     0.003169    -3.560599    -4.077417
 364    9.3717     0.002843     0.001658     7.914792     6.237649
 365    9.3745     0.000722     0.000834     0.627542    -0.732691
 366    9.3819     0.002759     0.002952    -0.350355    -0.901191
 367    9.3847     0.012015     0.006285    -8.568845    -6.082186
 368    9.4023     0.000444     0.001376    -2.466720     6.147268
 369    9.4080     0.002234     0.002353    -6.109238    -4.680503
 370    9.4149     0.001102     0.004014    -5.014480    -2.287326
 371    9.4219     0.020040     0.010128    -5.602725    -2.746679
 372    9.4279     0.000034     0.000255    -0.967960    -0.441261
 373    9.4356     0.002788     0.010209     9.927688    -4.314592
 374    9.4408     0.005491     0.006610    34.781268    22.251346
 375    9.4431     0.007724     0.008879    15.375007     9.103251
 376    9.4505     0.004514     0.004136    -1.750160   -11.090690
 377    9.4523     0.001093     0.000273    -2.421616    -1.534448
 378    9.4557     0.004858     0.001426    -3.420546    -1.128270
 379    9.4587     0.005551     0.002701     9.013085     3.852013
 380    9.4642     0.004045     0.001443    -7.174767    -4.913122
 381    9.4683     0.005625     0.004071    -5.776253    -5.879394
 382    9.4776     0.001969     0.000995     2.937374     0.927747
 383    9.4835     0.002843     0.001978     3.004815     0.091932
 384    9.4870     0.007671     0.004149     0.041652    -1.231998
 385    9.4955     0.002491     0.000658    -2.272630    -1.598462
 386    9.5008     0.006241     0.005297    -2.627189    -1.887269
 387    9.5023     0.010347     0.002321   -11.563046    -5.354043
 388    9.5081     0.001346     0.000248     1.164456     1.474587
 389    9.5100     0.002186     0.002947    -0.792632    -0.781391
 390    9.5142     0.002221     0.001797    -4.679869    -1.358232
 391    9.5181     0.005444     0.002138     5.226858     3.831209
 392    9.5233     0.003024     0.001153     6.864399     4.440866
 393    9.5274     0.004780     0.002550    -3.002481    -1.766826
 394    9.5289     0.007585     0.001026    -1.733949    -1.252328
 395    9.5371     0.008473     0.002400     0.410674    -1.393783
 396    9.5423     0.001598     0.000724    -0.803605    -0.475920
 397    9.5434     0.002152     0.003645    -0.423193    -3.281998
 398    9.5446     0.008233     0.004503    -1.194991    -0.179804
 399    9.5498     0.002581     0.001279     2.821098     1.491466
 400    9.5532     0.002044     0.003655     2.625069    -5.231624
 401    9.5599     0.000514     0.004263    -5.777844     8.012296
 402    9.5619     0.005541     0.004430     3.155753    -4.585444
 403    9.5666     0.000982     0.003114     2.101886     3.536944
 404    9.5755     0.002186     0.001886    -6.546616    -8.021213
 405    9.5824     0.001572     0.002471     2.166413     2.342249
 406    9.5848     0.013551     0.008316   -15.288172   -16.820518
 407    9.5904     0.004365     0.004237    -6.313122    -7.826350
 408    9.5933     0.008100     0.005460     4.627902     7.029186
 409    9.5941     0.014575     0.005818     3.383777     1.851758
 410    9.6001     0.003293     0.004258     3.008402     0.128440
 411    9.6043     0.010662     0.006185     4.927628     4.042446
 412    9.6096     0.000202     0.001400     0.593658     1.020963
 413    9.6105     0.002279     0.001890     4.848870     7.834450
 414    9.6191     0.005379     0.002436     1.771086    -1.340555
 415    9.6239     0.000357     0.002793    -0.738786    -4.256161
 416    9.6262     0.002114     0.001333    -0.683047     1.502447
 417    9.6308     0.004963     0.003308    -2.376832    -0.901318
 418    9.6363     0.002705     0.000499     2.858409     0.101864
 419    9.6385     0.004487     0.002677    -2.174518    -1.695299
 420    9.6443     0.001808     0.000312     2.694357     0.515833
 421    9.6466     0.000900     0.000314    -2.572296    -0.022251
 422    9.6485     0.002008     0.001260    -0.440039    -1.018293
 423    9.6511     0.000946     0.002622     3.173212     1.611856
 424    9.6530     0.001543     0.002363     3.719783     4.795563
 425    9.6564     0.002366     0.002161    -4.781272    -6.743916
 426    9.6610     0.002535     0.002028    -3.712161    -2.674999
 427    9.6649     0.005069     0.003706    -4.345757    -0.399025
 428    9.6717     0.002615     0.006057     0.669725     2.483568
 429    9.6771     0.004541     0.004354     3.603574     3.031850
 430    9.6887     0.002522     0.002030    -6.487594    -4.416554
 431    9.6927     0.004707     0.003260   -10.902387    -6.819523
 432    9.6958     0.000060     0.001021    -0.052403    -0.630475
 433    9.7000     0.001008     0.003162    -3.788932    -5.671136
 434    9.7094     0.001572     0.006446    -2.918222    -1.753919
 435    9.7106     0.006111     0.003842     7.840291     1.191219
 436    9.7214     0.003061     0.018785    -7.495229   -17.366264
 437    9.7261     0.018778     0.018196     8.632635     8.721257
 438    9.7288     0.004209     0.003755    -1.726149    -4.461595
 439    9.7303     0.007417     0.005921     5.791698     3.713982
 440    9.7338     0.000681     0.000589    -1.863591    -2.153797
 441    9.7384     0.003099     0.000697   -11.445414    -4.489239
 442    9.7403     0.000201     0.001113     0.661404     3.960497
 443    9.7433     0.001787     0.001246    -3.348500    -0.682876
 444    9.7501     0.003138     0.001841    -6.244530    -0.627309
 445    9.7542     0.000738     0.000028     3.764162     0.235744
 446    9.7606     0.005533     0.003182    -5.796971    -3.643205
 447    9.7698     0.000953     0.006710    -2.523905     3.396399
 448    9.7759     0.000643     0.001727     2.335549     3.251580
 449    9.7806     0.005230     0.005743    -7.764187     3.349849
 450    9.7837     0.002656     0.000209     7.149800     0.729162
 451    9.7905     0.000211     0.002187     1.194037     1.762337
 452    9.7946     0.001598     0.000255    -5.406238     0.820659
 453    9.7981     0.002493     0.012900   -13.636715   -29.908467
 454    9.8073     0.009451     0.009687    11.411440    13.258056
 455    9.8110     0.005938     0.002893     5.381662     5.044310
 456    9.8199     0.000150     0.005552    -3.553326   -15.412325
 457    9.8310     0.001304     0.000342    -3.596628     1.783013
 458    9.8324     0.002765     0.002630     3.268110     6.207351
 459    9.8399     0.001846     0.003109     0.643329     1.195180
 460    9.8466     0.000543     0.020886     0.547825    -8.549307
 461    9.8506     0.000844     0.013392     4.933693   -14.008842
 462    9.8580     0.006244     0.010839     0.785918     8.021519
 463    9.8602     0.000846     0.001910     2.305177    15.002922
 464    9.8662     0.000464     0.006076    -6.693339     2.586221
 465    9.8694     0.001109     0.003532     1.297794     3.964621
 466    9.8713     0.000421     0.007163    -0.240027    -1.342867
 467    9.8769     0.001433     0.003574     0.471006    -6.922368
 468    9.8826     0.013682     0.003004   -24.746613   -12.259275
 469    9.8855     0.001709     0.005296     6.739004    15.104320
 470    9.8903     0.006559     0.008490   -18.878675   -19.249513
 471    9.8926     0.003886     0.005228    -5.264358     7.935095
 472    9.8971     0.006616     0.003263    -7.612543    -5.730732
 473    9.9033     0.004216     0.001993     1.619128    -3.845483
 474    9.9065     0.004665     0.011499    13.164779    16.180062
 475    9.9137     0.004674     0.002466    18.615087    -0.884660
 476    9.9189     0.017019     0.010821    -3.536223   -11.853477
 477    9.9217     0.012278     0.010624    -3.328186    -2.531819
 478    9.9243     0.001146     0.002127     4.983007     8.344366
 479    9.9260     0.004634     0.003509    11.683304     6.689281
 480    9.9314     0.007983     0.004620    -1.317232    -2.002953
 481    9.9378     0.000349     0.001117     0.126323     1.111319
 482    9.9412     0.002827     0.003786    -4.853819    -4.230744
 483    9.9470     0.005391     0.013950    10.551959    -0.452305
 484    9.9493     0.005817     0.014670   -23.040483    -1.841455
 485    9.9592     0.002883     0.002867     6.080730     5.625737
 486    9.9631     0.001893     0.000377    -9.143586    -1.611500
 487    9.9697     0.000423     0.001316    -3.397680    -7.324111
 488    9.9735     0.001935     0.006730    -1.189496    -2.195608
 489    9.9773     0.005387     0.012427    -1.946736    -1.698291
 490    9.9827     0.009395     0.001692    24.751212     3.767252
 491    9.9887     0.002428     0.003501    -1.836583     5.359711
 492    9.9952     0.002560     0.017329    15.725291    18.259462
 493    9.9965     0.003000     0.012248     0.532159     9.598432
 494    9.9998     0.003141     0.000246    17.377180     2.059486
