           2           1   2.47387137146994     
           3           1  0.103075924407262     
           3           2   1.24938665155228     
           4           1  4.008969580769321E-002
           4           2  1.654876039038512E-002
           4           3   1.17218569612066     
           5           2  2.531239802112401E-003
           5           3  9.523678999048747E-003
           5           4   1.01948144915851     
           6           3  9.986985260877851E-003
           6           4  1.077088726386834E-002
           6           5   1.11188511065118     
           7           4  4.341193684647190E-003
           7           5  2.174085932494757E-002
           7           6   1.35506849578759     
           8           5  1.934985390817721E-002
           8           6  3.810178609187230E-003
           8           7   1.46268714298536     
           9           4  2.349255969650169E-003
           9           5  1.360901269735020E-002
           9           6  7.807128590117407E-002
           9           7  4.391297863612746E-003
           9           8   1.40247286402035     
          10           5  6.825428001278686E-003
          10           6  4.050735942344490E-003
          10           7  0.101738713384596     
          10           8  2.712382603587932E-003
          10           9   1.45212027653946     
          11           4  1.072312525904448E-002
          11           5  3.197450116693310E-002
          11           6   1.25330839378124     
          11           7  6.006897992714528E-003
          11           8  8.404425056499006E-002
          11           9  4.410617711807883E-003
          11          10   1.38080913452265     
          12           4  1.126830658183797E-002
          12           5  3.134430690900007E-002
          12           6  6.807469764124474E-003
          12           7  7.214365653274747E-003
          12           9  1.898495740361009E-002
          12          10  5.223131881728591E-003
          12          11   1.12555152314132     
          13           5  6.726571327946414E-003
          13           6  2.049305768109252E-002
          13           8  1.022346368649346E-002
          13          10  1.969645444804065E-002
          13          11  5.213374048668439E-003
          13          12   1.38130954643101     
          14           4  2.523809491792859E-003
          14           5  1.347377806322327E-002
          14           6  4.115423512922871E-003
          14           9  2.285103115946705E-003
          14          11  1.911911879549143E-002
          14          12  4.304826899461944E-003
          14          13   1.45241426562492     
          15           5  1.953476037842559E-002
          15           6  9.628795590417506E-003
          15           7  2.080597754004764E-003
          15           8  7.603972051887299E-003
          15          10  1.011076718288252E-002
          15          12  8.357161324790430E-002
          15          13  2.680603863431538E-003
          15          14   1.40013065282582     
          16           4  4.215044781030324E-003
          16           5  2.183393693004262E-002
          16           6  1.720454803426121E-002
          16           7  2.454342967154658E-003
          16          11  7.191287428723192E-003
          16          12  5.894341699265791E-003
          16          13  0.101086015143115     
          16          14  4.314542434660702E-003
          16          15   1.46532583040666     
          17           3  5.383379954432391E-003
          17           4  1.098191374409893E-002
          17           5   1.11545007980563     
          17           6  1.923795761645462E-002
          17           7  1.747562409610342E-002
          17           8  9.435003806643402E-003
          17           9  4.354343526970707E-003
          17          10  2.026055647324357E-002
          17          11  6.858538388624057E-003
          17          12   1.25100967853945     
          17          13  4.158849024671638E-003
          17          14  7.709933077745430E-002
          17          15  3.793925101601080E-003
          17          16   1.35016917000997     
          18           1  1.523904144681241E-002
          18           2  2.318304158637591E-002
          18           3  1.751407861790503E-002
          18           4   1.43043254352841     
          18           5  1.000802348462001E-002
          18           6  9.949470310341210E-003
          18          11  2.420224966768542E-003
          18          12  2.305077595720722E-003
          18          17  1.495260925031811E-002
          19           3  1.053119463722182E-002
          19           4  1.018152721784029E-002
          19           5  6.213440296468040E-003
          19          18   1.01425228292137     
          20           4  9.989498846940477E-003
          20          18  1.068998323029944E-002
          20          19   1.11203013215356     
          21          18  3.696349943058353E-003
          21          19  2.256898852617447E-002
          21          20   1.35508696248594     
          22          19  1.953590335289954E-002
          22          20  3.799909798478508E-003
          22          21   1.46338062736871     
          23          19  1.431064342915912E-002
          23          20  7.808048155553918E-002
          23          21  4.516151305799909E-003
          23          22   1.40192206674778     
          24          19  6.729418353116699E-003
          24          20  4.044911068328928E-003
          24          21  0.102411973543929     
          24          22  2.724182205757979E-003
          24          23   1.45332605082169     
          25           4  2.479433765845378E-003
          25          18  1.028975772899784E-002
          25          19  3.298119196532094E-002
          25          20   1.25326998960403     
          25          21  6.162390460519936E-003
          25          22  8.377527101684623E-002
          25          23  4.538693423014871E-003
          25          24   1.37984122872693     
          26           4  2.329573472439539E-003
          26          18  1.078590229584124E-002
          26          19  3.235307643222725E-002
          26          20  6.782363548109417E-003
          26          21  7.188295284596687E-003
          26          23  1.927320558567359E-002
          26          24  5.254893440706071E-003
          26          25   1.12665642011364     
          27          19  6.636548830262327E-003
          27          20  2.047900042411806E-002
          27          22  1.016212786494254E-002
          27          24  1.954605735040851E-002
          27          25  5.244386504885920E-003
          27          26   1.38030300736530     
          28          19  1.416826446519666E-002
          28          20  4.100433786399106E-003
          28          23  2.408814302006502E-003
          28          25  1.941000246044249E-002
          28          26  4.421108996113930E-003
          28          27   1.45366800200366     
          29          19  1.971716502241597E-002
          29          20  9.621426480986184E-003
          29          21  2.121317798223496E-003
          29          22  7.574001115959409E-003
          29          24  1.005640398205691E-002
          29          26  8.332314615614210E-002
          29          27  2.691671313439869E-003
          29          28   1.39962504939549     
          30          18  3.583036690550482E-003
          30          19  2.267263868225089E-002
          30          20  1.718994673135113E-002
          30          21  2.554720309540975E-003
          30          22  2.039411229698406E-003
          30          25  7.173907216221304E-003
          30          26  6.046694023102152E-003
          30          27  0.101758481598836     
          30          28  4.430022341365156E-003
          30          29   1.46589481900732     
          31           4  1.487560588625211E-002
          31          18  1.089095935790330E-002
          31          19   1.11514932220985     
          31          20  1.925112133869469E-002
          31          21  1.743803578358077E-002
          31          22  9.433772407713077E-003
          31          23  4.326774113225846E-003
          31          24  2.026113117292774E-002
          31          25  6.827116074833801E-003
          31          26   1.25104882286779     
          31          27  4.152694043149377E-003
          31          28  7.717010654231013E-002
          31          29  3.792634866261871E-003
          31          30   1.35041771359851     
          32           1  1.630243289311771E-002
          32           2  1.302432095545521E-002
          32           3  4.075723580357210E-002
          32           4  1.844959153335668E-002
          32           5  1.168677717148609E-002
          32          18   1.18130965019559     
          32          19  1.115139206265375E-002
          32          20  1.004815517708381E-002
          32          31  5.565782201698987E-003
          33           1  1.187678507767965E-002
          33           2  1.201554664597042E-002
          33           3  1.304683664709830E-002
          33           4  2.333173850113443E-002
          33          18  1.686269153593701E-002
          33          19  2.666517393737688E-003
          33          32   1.25021982622684     
          34           1  1.258607308566026E-002
          34           2  1.186743762390988E-002
          34           3  1.632797004437927E-002
          34           4  1.553081253802515E-002
          34          18  4.174360844606533E-002
          34          19  2.121017568971186E-003
          34          32  0.103253516889679     
          34          33   2.47314405169319     
          35           1  1.559190618339816E-002
          35           2  2.352121447232186E-002
          35           3  1.822279948264713E-002
          35           4  2.960537945134552E-002
          35          18  5.637819850721474E-003
          35          19  1.179835628448378E-002
          35          32   1.17081716397650     
          35          33  1.662371235707683E-002
          35          34  3.977174129384120E-002
          36           3  1.147895864519703E-002
          36           4  3.517332163226623E-003
          36           5  1.097456813772790E-002
          36           7  2.774717837734952E-003
          36           9  2.389979748964142E-003
          36          12  2.097153326506587E-003
          36          14  2.911450428458470E-003
          36          16  3.109806881261169E-003
          36          18  1.498148498346124E-002
          36          19  9.148809630494484E-003
          36          28  2.224524725473894E-003
          36          30  2.325795203894119E-003
          36          32  8.478992375473438E-003
          36          33  2.448992998639800E-003
          36          35   1.02518946046775     
          37          32  5.669003630059706E-003
          37          35  1.116610551593252E-002
          37          36   1.12540453696884     
          38           5  2.962936925275237E-003
          38          18  2.044551861719108E-003
          38          19  2.244415852839589E-003
          38          30  2.819199797108768E-003
          38          35  4.980921974036651E-003
          38          36  1.794816051328000E-002
          38          37   1.34483988931195     
          39          36  2.073111114829763E-002
          39          37  3.944171015352019E-003
          39          38   1.46956220766960     
          40           5  3.044409203980383E-003
          40          19  2.272239630373861E-003
          40          35  3.356534580049714E-003
          40          36  1.038919844396752E-002
          40          37  7.361384710066687E-002
          40          38  3.949915307636298E-003
          40          39   1.39212791800810     
          41          36  6.819654378179191E-003
          41          37  4.641786662393848E-003
          41          38  9.893513394686920E-002
          41          39  3.027751422563710E-003
          41          40   1.45537492204945     
          42           5  2.381832328643559E-003
          42          35  1.230126000163512E-002
          42          36  2.579754821901799E-002
          42          37   1.24048970081002     
          42          38  5.206218962774957E-003
          42          39  8.049866857470192E-002
          42          40  3.776587902590316E-003
          42          41   1.37416305702071     
          43          35  1.022248041003087E-002
          43          36  3.204228004115859E-002
          43          37  8.592595532585455E-003
          43          38  7.058621846612838E-003
          43          39  2.293296341810769E-003
          43          40  1.914061494226818E-002
          43          41  6.088277478843529E-003
          43          42   1.13581063162095     
          44          35  2.372226159475751E-003
          44          36  9.578815723508816E-003
          44          37  1.640891626619200E-002
          44          39  7.497878951399281E-003
          44          41  1.639489198027520E-002
          44          42  5.681396881904294E-003
          44          43   1.31989882157824     
          45          36  7.936574593854818E-003
          45          37  3.509279906063136E-003
          45          39  3.754828485841744E-003
          45          40  2.471428385978535E-003
          45          41  7.702159369109705E-003
          45          42  8.927506715436715E-003
          45          43  3.746920065637022E-002
          45          44   1.15329435259261     
          46          43  7.060690788644877E-003
          46          44  2.366193835679755E-002
          46          45   1.10282254623746     
          47          43  2.900042070457348E-003
          47          44  1.024743095306350E-002
          47          45  3.111383163709311E-002
          47          46   1.38525629951877     
          48          44  9.160586727295677E-003
          48          45  2.222709080382894E-002
          48          46  2.874379744663794E-003
          48          47   1.45138977547239     
          49          44  2.542455779284759E-003
          49          45  2.307562935303939E-002
          49          46  8.456897746594211E-002
          49          47  3.296556145573052E-003
          49          48   1.40280070197976     
          50          44  1.991037203265706E-002
          50          45  1.377900511618413E-002
          50          46  3.661058546466221E-003
          50          47  0.101372725686758     
          50          48  2.501572263416043E-003
          50          49   1.46477648078108     
          51          43  7.446469988097375E-003
          51          44  7.762345580044344E-003
          51          45  5.147857938518619E-002
          51          46   1.27938277761925     
          51          47  4.249723147455837E-003
          51          48  8.481415054190956E-002
          51          49  3.338845068597127E-003
          51          50   1.35774994869586     
          52           5  4.509466232334564E-003
          52          18  2.524966919949909E-003
          52          19  3.060804190009960E-003
          52          35  4.568122177365243E-003
          52          36  8.354883147577274E-003
          52          37  3.247574583207060E-003
          52          42  1.427691797998210E-002
          52          43  2.878610829098146E-003
          52          44   1.25518554301999     
          52          45  4.313715166867888E-002
          52          46  9.497793724590208E-003
          52          47  8.084080831016281E-003
          52          49  1.701937744087436E-002
          52          50  4.658592581095185E-003
          52          51   1.13461323172315     
          53          36  1.874988699793935E-002
          53          37  9.323028370289237E-003
          53          38  2.011159394646435E-003
          53          39  7.599783880054873E-003
          53          41  9.850060715312633E-003
          53          43  7.531947288096145E-002
          53          44  3.152909976449883E-003
          53          45  1.306191443760306E-002
          53          46  1.975118126104937E-002
          53          48  9.002665647759782E-003
          53          50  1.843692874436382E-002
          53          51  3.760568645461382E-003
          53          52   1.33974540977950     
          54           5  4.914889012982629E-003
          54          18  2.736366887974874E-003
          54          19  3.314236920145531E-003
          54          35  7.202557981177351E-003
          54          36  1.557442938724016E-002
          54          37  1.650884614728810E-002
          54          38  2.468552311214323E-003
          54          42  9.041910005109675E-003
          54          43  3.582850978934585E-003
          54          44  6.140279111532813E-002
          54          45  1.472344330067960E-002
          54          46  2.491709555767975E-003
          54          51  1.941440072953232E-002
          54          52  6.210964737422327E-003
          54          53   1.48156848141897     
          55          32  1.004263844710432E-002
          55          35  1.090395112361131E-002
          55          36   1.12525030543118     
          55          37  2.163583085749666E-002
          55          38  1.849803882073541E-002
          55          39  1.110949984071021E-002
          55          40  4.697571084661786E-003
          55          41  2.185771893592762E-002
          55          42  7.074775409727408E-003
          55          43   1.26064931138425     
          55          44  4.278370489282012E-003
          55          45  2.235716413762580E-002
          55          46  5.977504413105970E-003
          55          48  4.642289020896188E-003
          55          50  6.394666874467639E-003
          55          52  5.621360275720974E-002
          55          53  3.865808007936684E-003
          55          54   1.31424343001656     
          56           1  4.148833876530515E-002
          56           2  1.685943453896878E-002
          56           3   1.18279416297434     
          56           4  5.820667926628929E-003
          56           5  1.326291214695627E-002
          56          18  3.059360590927202E-002
          56          32  1.733454251169662E-002
          56          33  2.328563723834294E-002
          56          34  1.521726363427503E-002
          56          35   1.42723423434812     
          56          36  1.043814347202796E-002
          56          37  1.577800555350478E-002
          56          42  2.531507269102379E-003
          56          43  2.651233006628791E-003
          56          52  2.561904414086265E-003
          56          54  2.776451203253562E-003
          56          55  1.061571343459316E-002
          57           2  2.588906524691697E-003
          57           3  1.054649102169874E-002
          57           4  1.198390402365996E-002
          57           5  5.699735553347100E-003
          57          19  4.341680208640472E-003
          57          32  1.037689464820598E-002
          57          35  1.007958297860898E-002
          57          36  7.627846913926393E-003
          57          52  3.389630797286076E-003
          57          54  2.898480916350109E-003
          57          56   1.01230117058527     
          58           3  5.531283620929491E-003
          58          35  1.496959654370384E-002
          58          56  1.104957151638505E-002
          58          57   1.11450662817745     
          59          16  2.451422493908261E-003
          59          56  3.668433202073554E-003
          59          57  2.301941265538579E-002
          59          58   1.35014343638517     
          60          57  1.986320718572418E-002
          60          58  3.804846096738627E-003
          60          59   1.46665273608727     
          61          56  2.146828802978349E-003
          61          57  1.441067671384595E-002
          61          58  7.695545790108002E-002
          61          59  4.439546520368844E-003
          61          60   1.39870078963884     
          62          57  6.585989092909963E-003
          62          58  4.172615106461102E-003
          62          59  0.101981223653511     
          62          60  2.695927304505233E-003
          62          61   1.45487034722495     
          63          35  2.333579384004911E-003
          63          56  1.099022255780300E-002
          63          57  3.269595958032222E-002
          63          58   1.25064410226625     
          63          59  6.051318652362827E-003
          63          60  8.322365354939602E-002
          63          61  4.412749963345677E-003
          63          62   1.37927509761827     
          64          35  2.510088965001583E-003
          64          56  1.016346941819515E-002
          64          57  3.368887712149670E-002
          64          58  6.800856008414869E-003
          64          59  7.157308004524588E-003
          64          61  1.951181946820355E-002
          64          62  5.259133811987470E-003
          64          63   1.12749901405284     
          65          57  6.724150029406187E-003
          65          58  2.023389221434413E-002
          65          60  1.003173449802808E-002
          65          62  1.947937045058764E-002
          65          63  5.261691688129099E-003
          65          64   1.37865817881902     
          66          57  1.471414732549907E-002
          66          58  4.312339698509139E-003
          66          61  2.445519837881328E-003
          66          63  1.933997892603149E-002
          66          64  4.606815821785994E-003
          66          65   1.45441849112190     
          67          57  1.950960678946814E-002
          67          58  9.424080315319792E-003
          67          59  2.014732957615257E-003
          67          60  7.584193904479333E-003
          67          62  1.017409137014128E-002
          67          64  8.380588554851046E-002
          67          65  2.727086161996350E-003
          67          66   1.40166221646739     
          68          56  3.699235981106620E-003
          68          57  2.295926533034530E-002
          68          58  1.738784517824493E-002
          68          59  2.579423529396738E-003
          68          60  2.145060683670994E-003
          68          63  7.180831918480939E-003
          68          64  6.242814692349321E-003
          68          65  0.102616432633789     
          68          66  4.580010936687858E-003
          68          67   1.46331188232483     
          69           3  9.953242081593676E-003
          69          35  9.691690250386392E-003
          69          56  1.071207375970381E-002
          69          57   1.11093307245203     
          69          58  1.926948560079690E-002
          69          59  1.704817830346460E-002
          69          60  9.663449577568815E-003
          69          61  4.026581872453388E-003
          69          62  2.053714822268178E-002
          69          63  6.756282432937891E-003
          69          64   1.25396318559786     
          69          65  4.032219637142558E-003
          69          66  7.820715463956193E-002
          69          67  3.795053650347808E-003
          69          68   1.35539403239727     
          70           7  0.965939926164534     
          70           9  1.074910937352923E-002
          70          11  1.089139124594564E-002
          71           6  1.040856045471458E-002
          71           8  0.972988312206762     
          71          10  1.040598125938283E-002
          72           7  1.038458804983129E-002
          72           9  0.973018122430625     
          72          11  1.040629016648358E-002
          73           6  1.108846907296086E-002
          73           8  1.071064071059937E-002
          73          10  0.968953758375070     
          74          13  0.968854331853211     
          74          15  1.071458871273624E-002
          74          17  1.109136631340227E-002
          75          12  1.041702751705250E-002
          75          14  0.973029002413357     
          75          16  1.032099948708085E-002
          76          13  1.035554372683420E-002
          76          15  0.973030097739904     
          76          17  1.047211720944959E-002
          77          12  1.088856824572570E-002
          77          14  1.078741158113612E-002
          77          16  0.965636653913735     
          78          21  0.965937152678230     
          78          23  1.075073400329420E-002
          78          25  1.088303107503895E-002
          79          20  1.041043138733348E-002
          79          22  0.972981653153826     
          79          24  1.041206715775823E-002
          80          21  1.038689828315613E-002
          80          23  0.973024548807084     
          80          25  1.039834941099136E-002
          81          20  1.109146817154657E-002
          81          22  1.070134268162475E-002
          81          24  0.968966922343789     
          82          27  0.968857031535242     
          82          29  1.070868606386653E-002
          82          31  1.109339573813510E-002
          83          26  1.041135701233172E-002
          83          28  0.973032535574381     
          83          30  1.032175434592916E-002
          84          27  1.035826140150142E-002
          84          29  0.973030429416334     
          84          31  1.046945425455238E-002
          85          26  1.088143095613661E-002
          85          28  1.078519101306347E-002
          85          30  0.965477881406329     
          86          38  0.965275430634467     
          86          40  1.085001541988506E-002
          86          42  1.088418707278939E-002
          87          37  1.051189945734365E-002
          87          39  0.973085214603924     
          87          41  1.025027778364541E-002
          88          38  1.024582977433481E-002
          88          40  0.973001242795848     
          88          42  1.053367063812739E-002
          89          37  1.100105920701754E-002
          89          39  1.079480054738900E-002
          89          41  0.965647034023046     
          89          46  2.136239026645947E-003
          90          47  0.969033675241624     
          90          49  1.068684856245652E-002
          90          51  1.050923644623774E-002
          91          46  1.033086641826263E-002
          91          48  0.972699848862033     
          91          50  1.034257737668920E-002
          92          47  1.034949948289330E-002
          92          49  0.972649006910851     
          92          51  1.063732628449566E-002
          93          45  2.245475360335578E-003
          93          46  1.013498366668001E-002
          93          48  1.083377568295691E-002
          93          50  0.967699425505443     
          94          44  1.006512282670295E-002
          94          45  2.234540851170305E-003
          94          53  0.967346756281868     
          94          55  1.061042428417623E-002
          95          43  1.050703597484574E-002
          95          52  1.075207102937201E-002
          95          54  0.965558677953860     
          96          59  0.965540720631373     
          96          61  1.079161608692178E-002
          96          63  1.087816248241439E-002
          97          58  1.047346418879445E-002
          97          60  0.973038130764770     
          97          62  1.034515308237932E-002
          98          59  1.031396616995354E-002
          98          61  0.973014839704893     
          98          63  1.042851527548440E-002
          99          58  1.107825562518404E-002
          99          60  1.072438645338980E-002
          99          62  0.968828567799741     
         100          65  0.968958848999834     
         100          67  1.071768036521154E-002
         100          69  1.108162470410054E-002
         101          64  1.041299251467401E-002
         101          66  0.973013624003633     
         101          68  1.038473015041287E-002
         102          65  1.040224242220128E-002
         102          67  0.972995409245359     
         102          69  1.040689208131852E-002
         103          64  1.087893253853911E-002
         103          66  1.075463857746516E-002
         103          68  0.966156838378183     
