 NM
 UV
 MMASS
   584.632599999999     
 LFAKTOR
  0.5
 RFAKTOR
  1.0
 WIDTH
  0.20
 SHIFT
  0.00
 DATXY
   1    3.0871     0.804944     0.239114   158.152200    84.457580
   2    3.0945     0.043547     0.011808    16.067280     8.375863
   3    3.2540     0.011392     0.004366    62.957947    41.423765
   4    3.2582     0.004197     0.000925   -75.468371   -33.464924
   5    3.6316     0.106714     0.074420   894.826627   747.761955
   6    3.6382     0.501170     0.314395  -957.352846  -756.455019
   7    3.9507     0.001967     0.001012     0.634204     0.445708
   8    3.9541     0.038583     0.016581    -2.775910    -2.833375
   9    3.9821     0.004155     0.002189   -35.528706   -20.299425
  10    3.9832     0.001287     0.014105    -9.279537   -26.359651
  11    4.4062     1.098842     0.543086   -68.899824   -47.136039
  12    4.6637     0.023823     0.000721    50.641397     7.755632
  13    4.6684     0.002210     0.020877   -12.146016    45.279177
  14    4.6733     0.003065     0.021658   -19.376333   -51.527559
  15    4.8284     0.023807     0.015746   -30.182358   -24.523769
  16    4.8375     0.015571     0.015065     3.047186     9.924386
  17    4.8393     0.016412     0.040104    13.091455    24.477205
  18    5.0414     0.023227     0.012736    12.910855     9.560873
  19    5.0799     0.058495     0.026071    36.210085    22.596218
  20    5.1503     0.000264     0.000223    -2.196952    -2.003130
  21    5.1535     0.002238     0.001121   -18.632899   -13.171930
  22    5.4054     0.000633     0.012145    -8.929352   -36.032061
  23    5.4071     0.000788     0.015922   -15.678016    68.006516
  24    5.4576     0.069289     0.031669     4.457297     3.013324
  25    5.5037     0.045031     0.022400   -19.404073   -12.665226
  26    5.5660     0.000585     0.000235    -7.293110    -4.619796
  27    5.6490     0.028958     0.012511    -8.540040    -5.618275
  28    5.6962     0.234729     0.102076  2247.257105  1481.769124
  29    5.7076     1.440958     0.697367 -2526.569234 -1762.308692
  30    5.8178     0.007270     0.004872   -13.048409   -10.604558
  31    5.8466     0.000107     0.000751     0.735165     1.948006
  32    5.9119     0.000361     0.001149     2.538973     4.532495
  33    5.9894     0.008015     0.006108    -9.437637    -7.890934
  34    6.0409     0.006866     0.005061     1.124671     0.973622
  35    6.0852     0.005111     0.003130   -34.104163   -22.507174
  36    6.0891     0.045746     0.035864    16.746403    14.828114
  37    6.1022     0.012083     0.005292   -44.648646   -25.005979
  38    6.1163     0.011949     0.004393    -7.650989    -4.626899
  39    6.1434     0.008871     0.016515    98.394668  -127.590048
  40    6.1459     0.013294     0.052779   121.137383   237.913569
  41    6.2012     0.106055     0.085191   288.700798   259.088506
  42    6.2035     0.253172     0.148566  -443.802139  -339.615370
  43    6.2592     0.052141     0.041743     5.738353     3.651191
  44    6.3162     0.001171     0.000657    -5.743831    -3.563926
  45    6.3171     0.000757     0.000509    -2.431619    -0.581915
  46    6.3226     0.002760     0.000971     5.133366     3.013271
  47    6.3577     0.051961     0.032801   -35.707482   -44.193595
  48    6.3612     0.051608     0.029904    40.909631    31.002193
  49    6.3634     0.195231     0.210266   292.157560   139.280197
  50    6.3710     0.069915     0.381585  -334.784179  -297.987293
  51    6.3768     0.010020     0.008495    -4.762575    96.046011
  52    6.3822     0.029594     0.020113    -5.067488    -4.075402
  53    6.3846     0.055295     0.026412   -58.840269    -2.147561
  54    6.3902     0.360605     0.202096   227.285185   170.189976
  55    6.5940     0.019584     0.007289    73.469261    37.537908
  56    6.5943     0.051595     0.027911  -107.384173   -82.337091
  57    6.6297     0.006938     0.002286    18.579309    11.297615
  58    6.6308     0.001664     0.003567    18.467230    27.337414
  59    6.6776     0.000166     0.000544    -0.702792    -1.299429
  60    6.6835     0.000059     0.014042     2.133363   -37.391363
  61    6.6873     0.000719     0.000127   -14.354807     1.062649
  62    6.7214     0.049308     0.013627  -109.970014   -26.958284
  63    6.7294     0.036032     0.033149   138.510272   133.681561
  64    6.7337     0.067819     0.014102  -172.129141   -77.683037
  65    6.7466     0.000203     0.002121    -0.905205    -2.974477
  66    6.7531     0.007057     0.003834    -4.248380    -2.163611
  67    6.7636     0.000016     0.007266     0.343740    -9.003754
  68    6.7752     0.000353     0.002059    -1.439856    -2.793104
  69    6.7927     0.001127     0.004821    -7.493621   -15.514140
  70    6.8045     0.169756     0.109455  -217.455316  -174.603743
  71    6.8077     0.158297     0.075085   556.278092   382.931653
  72    6.8081     0.208178     0.100991  -326.233285  -229.302737
  73    6.8541     1.294765     0.951303   -35.539258   -25.652746
  74    6.9332     0.004922     0.017160    41.394737   125.811061
  75    6.9375     0.001046     0.003056     3.900519     6.720184
  76    6.9616     0.002616     0.009767   -17.102752   -16.253384
  77    6.9802     0.000014     0.000145     0.898883     3.134974
  78    7.0062     0.006767     0.012173    39.826380    53.171301
  79    7.0415     0.002918     0.002216    19.194346    15.601229
  80    7.0503     0.075275     0.016561    43.075691    20.202754
  81    7.0638     0.064445     0.003966   113.700249    27.984399
  82    7.0689     0.021265     0.014871     4.860253    -4.057967
  83    7.0721     0.017956     0.087464  -166.333936  -369.411622
  84    7.1365     0.163086     0.110929   -52.158720   -42.862226
  85    7.1454     0.248118     0.139206   102.793498    68.354342
  86    7.1601     0.069273     0.049081   682.417718   574.393251
  87    7.1727     0.106424     0.060090  -573.570460  -413.842917
  88    7.1746     0.000672     0.000542    -3.770001     3.568797
  89    7.2046     0.010719     0.010110    33.252819    32.304283
  90    7.2542     0.000411     0.000119    -0.407681    -0.219776
  91    7.2603     0.074873     0.036269     9.990048     4.530654
  92    7.3013     0.005249     0.003717     3.169418    12.646524
  93    7.3031     0.009330     0.004296   -17.544237     7.562842
  94    7.3112     0.002213     0.000707     0.389287     0.251675
  95    7.3176     0.024084     0.019855    -3.744044    -3.750923
  96    7.3483     0.633819     0.362475  -159.418799  -117.985334
  97    7.3621     0.041608     0.027523   -24.692560   -20.093248
  98    7.3744     0.000913     0.006050     5.772266   -15.315626
  99    7.3791     0.121313     0.072769   160.225582   118.097506
 100    7.4019     0.046561     0.033840    28.196369    24.035159
 101    7.4111     0.071471     0.036772    59.744530    48.713407
 102    7.4350     0.000966     0.002033     6.162268     9.504805
 103    7.4805     0.164907     0.103317  -353.703420  -274.347365
 104    7.4820     0.093323     0.069946   509.625023   441.562748
 105    7.4864     0.025504     0.029083   -45.549035   -57.028452
 106    7.5043     0.007124     0.013892   -33.229473   -26.785289
 107    7.5153     0.145773     0.125334  -132.217817  -122.566364
 108    7.5194     0.018916     0.017677    84.818109    84.493961
 109    7.5242     0.025145     0.033906   -38.570683   -44.790790
 110    7.5452     0.065303     0.031961    -0.494240    -1.691860
 111    7.5553     0.020065     0.020611   -20.633779   -20.857956
 112    7.5569     0.005223     0.005214    -5.954204    -5.932846
 113    7.5754     0.003834     0.111065    85.324705  -459.307847
 114    7.5993     0.001126     0.140726   -83.688963   906.469767
 115    7.6187     0.000004     0.104037    -1.696728  -311.328091
 116    7.6531     0.024613     0.004425    23.658542     9.457054
 117    7.6548     0.032244     0.005904    48.191542    21.045787
 118    7.6681     0.038605     0.015032   -64.325164   -43.922341
 119    7.6784     0.014307     0.024857   -19.435734     6.560092
 120    7.6796     0.021299     0.023606   -53.901948   -29.901525
 121    7.7433     0.000045     0.000195     2.328193    -6.147382
 122    7.7501     0.001401     0.001555   -20.789447   -11.734443
 123    7.7506     0.003812     0.002555   -69.042731   -52.477799
 124    7.7668     0.055831     0.024636    65.609746    44.589901
 125    7.7736     0.007052     0.000222    36.485638     5.866195
 126    7.7879     0.012380     0.012480    38.339859    29.841386
 127    7.8028     0.000118     0.000018    -0.536366     0.145811
 128    7.8202     0.024337     0.014864   -19.091756   -18.470494
 129    7.8386     0.018803     0.002480    60.004043    22.702039
 130    7.8451     0.000687     0.001291     1.313926     1.771853
 131    7.8965     0.003926     0.004336     6.171873     6.491217
 132    7.9112     0.011793     0.001878    21.368065     7.327581
 133    7.9124     0.018619     0.013835     8.710916    14.473760
 134    7.9472     0.007069     0.007581   -16.832416   -15.663272
 135    7.9955     0.000822     0.030096    -2.907457    17.627303
 136    8.0234     0.000400     0.005574     2.486934    -9.646412
 137    8.0251     0.000623     0.000949     1.479434    -0.112698
 138    8.0371     0.000512     0.002743   -11.829269   -26.419465
 139    8.0451     0.000498     0.001572    -6.666562    -5.896354
 140    8.0455     0.000260     0.008534    -5.302657   -30.647966
 141    8.0524     0.000221     0.000464     6.122530     8.855013
 142    8.0707     0.000770     0.000556   -24.143269    20.568683
 143    8.0865     0.000323     0.010120    -7.731421   -44.438779
 144    8.0877     0.000646     0.002447    -5.202464   -10.355919
 145    8.0927     0.008435     0.008720    56.016895    46.162982
 146    8.0964     0.004382     0.000099    31.513259    -4.593703
 147    8.0988     0.002864     0.005348    70.876943   -96.851513
 148    8.1411     0.000333     0.029585    12.082383   114.578374
 149    8.1419     0.007732     0.004060  -129.706092    65.707279
 150    8.1462     0.006926     0.224096    31.755953   208.347489
 151    8.1482     0.001825     0.017619    23.860181   -71.809009
 152    8.1561     0.022785     0.066892    26.961319    85.929562
 153    8.1707     0.007310     0.000764    -9.420065    -2.986085
 154    8.1747     0.001814     0.077240   -14.344595  -119.947351
 155    8.1778     0.002143     0.000293    38.090990   -13.667799
 156    8.1819     0.022302     0.022862   -71.074833   -72.170197
 157    8.1920     0.002182     0.001636    -5.974203    -5.017503
 158    8.1958     0.000165     0.010371     1.931236    11.139873
 159    8.2043     0.000017     0.034060    -1.167197    51.879017
 160    8.2125     0.003590     0.025227    -0.423947    -5.966034
 161    8.2228     0.000749     0.012728    30.713301  -126.610533
 162    8.2657     0.002298     0.002107   -24.500964   -17.388568
 163    8.3096     0.002829     0.004492    12.050251    -0.778647
 164    8.3156     0.000113     0.011744     0.677208     7.003385
 165    8.3378     0.000018     0.000021     0.263122     0.285143
 166    8.3446     0.003015     0.001793    32.159444    17.715362
 167    8.3484     0.008977     0.013423   -24.991001   -31.109449
 168    8.3521     0.011206     0.013134   -37.048452   -39.480729
 169    8.3534     0.000682     0.001921     1.612594    13.459771
 170    8.3626     0.027586     0.040986     3.919236     6.911936
 171    8.3717     0.001633     0.000342    -0.162527    -0.067583
 172    8.3815     0.024748     0.010950    -5.186980    -5.103127
 173    8.3870     0.004009     0.003855    -4.007161    -3.879763
 174    8.4063     0.002753     0.000320    -1.396122    -0.109738
 175    8.4258     0.006567     0.003214     5.506604     3.849193
 176    8.4310     0.000862     0.002021    -0.201792    -0.593506
 177    8.4349     0.001068     0.000868     3.434894     3.108981
 178    8.4454     0.028042     0.039780     4.882454     4.063577
 179    8.4469     0.030413     0.043464    -3.121009    -7.179058
 180    8.4598     0.009714     0.006861    -7.909498    -0.517646
 181    8.4703     0.000139     0.001938     1.203473    -4.608385
 182    8.5102     0.004978     0.002524     2.673920     2.609244
 183    8.5149     0.002269     0.000772     0.816651     0.827045
 184    8.5224     0.003486     0.004581     5.756984     6.725943
 185    8.5232     0.000791     0.000101     8.415891     2.972229
 186    8.5247     0.006129     0.008347    10.150082    12.486068
 187    8.5292     0.005148     0.009682    -5.175870    -6.797049
 188    8.5357     0.001522     0.001951     2.419615     2.540359
 189    8.5539     0.002466     0.000094    12.774130     2.430572
 190    8.5561     0.010482     0.001679   -23.387688    -2.914084
 191    8.5596     0.009128     0.009936     2.658359     3.994172
 192    8.5859     0.025156     0.033766   -28.236731   -29.158179
 193    8.5939     0.057185     0.036659    38.702914    31.158220
 194    8.5968     0.021969     0.008324    19.953693    12.199302
 195    8.5989     0.010994     0.001014   -35.602591    -7.789608
 196    8.6369     0.002543     0.000448     4.434006     7.992221
 197    8.6382     0.034053     0.025384    70.576086    60.941839
 198    8.6509     0.001167     0.001138    -3.125449    -1.144495
 199    8.6522     0.002165     0.002045   -13.005355   -12.350444
 200    8.6529     0.000408     0.000138    -2.149705    -1.006604
 201    8.6574     0.001059     0.001156    -4.481360    -1.637862
 202    8.6697     0.000794     0.000588    10.071923     7.923113
 203    8.6701     0.039557     0.014840     7.747981     4.729874
 204    8.6923     0.000434     0.000000     1.144303     0.014193
 205    8.7073     0.015716     0.004725   -10.276999     3.828791
 206    8.7306     0.013259     0.053481   -65.675765  -108.599999
 207    8.7364     0.003081     0.021543   -62.553298     9.960341
 208    8.7495     0.060439     0.001300    69.951467    -2.662029
 209    8.7546     0.017105     0.006694    -1.154037   -12.991382
 210    8.7640     0.001327     0.000046     7.996721    -1.021356
 211    8.7812     0.000367     0.000247    -0.674387    -0.573327
 212    8.8142     0.015392     0.008232    -3.855005    -2.816637
 213    8.8220     0.000961     0.000363    -3.766504    -2.546075
 214    8.8292     0.039802     0.009875    37.597554    18.850395
 215    8.8322     0.002244     0.001705     6.118195     6.689580
 216    8.8410     0.120059     0.052702    73.864053    48.938882
 217    8.8515     0.003743     0.008790    21.489929    33.004261
 218    8.8602     0.001448     0.006490     9.130444    11.948010
 219    8.8670     0.007524     0.033625    46.337958   104.192619
 220    8.8706     0.002927     0.028701   -38.500675  -125.486738
 221    8.8818     0.029380     0.021363   -67.294488   -26.616464
 222    8.8902     0.015178     0.010718   -24.544232   -14.984515
 223    8.8997     0.000246     0.000672     1.973955     3.322660
 224    8.9205     0.004005     0.006400   -31.402408   -38.322515
 225    8.9224     0.001224     0.031557    -6.885642   -34.067973
 226    8.9380     0.001994     0.002845    -1.404497   -26.135012
 227    8.9727     0.001965     0.004610     8.223262    -5.647039
 228    8.9807     0.010444     0.007349    92.231748    77.335128
 229    8.9984     0.099591     0.083701  -280.999715  -256.240425
 230    9.0003     0.002828     0.000715   -10.122865    -4.766858
 231    9.0070     0.000773     0.000135    -2.568342    -1.064138
 232    9.0133     0.000338     0.005971    -9.708859    40.962895
 233    9.0205     0.013288     0.007899   147.369254   113.621948
 234    9.0290     0.000644     0.008586     0.683817     4.122584
 235    9.0463     0.006975     0.000497   -19.635273     9.351396
 236    9.0472     0.000848     0.001736     3.024015     6.072507
 237    9.0594     0.001079     0.001373     0.705692    -0.663575
 238    9.0749     0.010217     0.004588    26.424538    17.697897
 239    9.0763     0.001790     0.003475     7.298246    12.638027
 240    9.0844     0.000569     0.004239     6.519456    17.822508
 241    9.0892     0.003131     0.002338     6.731721    -5.898889
 242    9.1106     0.017055     0.008370    -5.015706    -3.513379
 243    9.1364     0.016473     0.009726    -2.630150     0.110147
 244    9.1490     0.019597     0.011457     5.071883     6.979650
 245    9.1495     0.036182     0.021413    -0.489874     0.397498
 246    9.1588     0.014565     0.002487    -6.933990    -2.761592
 247    9.1602     0.009310     0.007710     6.851478     7.481711
 248    9.1753     0.001450     0.006481     5.767943   -11.924193
 249    9.1784     0.002680     0.001122     6.617553    -6.464879
 250    9.1898     0.001650     0.001113    -1.226779    -1.305097
 251    9.1919     0.003997     0.005381    -5.748162    -6.777189
 252    9.2054     0.029175     0.022111   -35.454297   -18.422230
 253    9.2067     0.006382     0.004819   -24.101418   -20.787258
 254    9.2274     0.000103     0.005315     1.729296    24.506563
 255    9.2342     0.000220     0.000433     2.140640    -2.996771
 256    9.2350     0.000676     0.000758     2.013473     1.992354
 257    9.2422     0.000094     0.000341    -5.377972   -10.117960
 258    9.2457     0.002785     0.000615     9.526332     4.412745
 259    9.2631     0.017619     0.112887    22.900365    34.267268
 260    9.2657     0.007215     0.011374     0.804337     1.110501
 261    9.2826     0.004678     0.001327    15.662182     8.479873
 262    9.2892     0.000886     0.000590     2.559295     2.096993
 263    9.2961     0.002132     0.000094     1.071163     0.206011
 264    9.3069     0.000891     0.001051     5.202932     3.970744
 265    9.3132     0.000317     0.000461     1.898423     1.828422
 266    9.3220     0.000473     0.000666    -1.128335    -4.083270
 267    9.3353     0.063364     0.030006    59.725715    41.149219
 268    9.3396     0.001588     0.000987     9.309500     7.941744
 269    9.3423     0.000167     0.000060    -0.879689    -0.521717
 270    9.3427     0.000115     0.000294     0.442167     0.049552
 271    9.3459     0.002797     0.006470    11.169596     2.732151
 272    9.3495     0.011532     0.007901   -21.617148   -17.920495
 273    9.3704     0.003212     0.000774    20.276175     6.532767
 274    9.3996     0.005236     0.011803   -16.403741   -24.149810
 275    9.4031     0.001650     0.005071    -2.484941    -2.685743
 276    9.4167     0.000079     0.000064     0.090050     0.077596
 277    9.4168     0.000009     0.000003     0.027198     0.009538
 278    9.4212     0.000273     0.000110    -2.531420    -1.621673
 279    9.4279     0.002643     0.001442     1.211739     0.343940
 280    9.4315     0.004014     0.002423     5.512053     3.204281
 281    9.4389     0.003054     0.001972   -21.219614   -16.835330
 282    9.4598     0.000054     0.001095    -0.314011    -1.678997
 283    9.4696     0.011017     0.005252    17.681832    12.210819
 284    9.4887     0.010820     0.003516    15.106877     8.597841
 285    9.5068     0.000441     0.003048     4.023836   -10.587754
 286    9.5205     0.000996     0.004773   -13.575821   -16.193110
 287    9.5225     0.000156     0.001363     0.005460     0.525464
 288    9.5286     0.002036     0.007293    -9.859470   -18.076504
 289    9.5360     0.004453     0.000124    55.077649     8.139670
 290    9.5427     0.018502     0.011887    -5.889308    -6.236898
 291    9.5601     0.001014     0.000820     1.583427     1.341562
 292    9.5629     0.000016     0.000088    -0.001981     0.113853
 293    9.5636     0.000677     0.002548     0.215547    -2.529906
 294    9.5749     0.020034     0.018001   -59.062160   -62.063524
 295    9.5794     0.052355     0.039658    37.015589    32.218307
 296    9.5914     0.048111     0.027455    55.869014    42.186832
 297    9.5936     0.010101     0.008089   -29.870587   -21.535587
 298    9.5969     0.003850     0.001082    -5.339227    -2.781976
 299    9.5979     0.000154     0.000048     2.416291     0.450649
 300    9.6178     0.001090     0.000182    -1.039160     0.365907
 301    9.6338     0.001469     0.001535     4.188307     4.266047
 302    9.6411     0.001915     0.000297    -8.465136     3.295780
 303    9.6506     0.001266     0.008345    -1.809656     0.271340
 304    9.6637     0.000279     0.000055    -0.677599     0.304323
 305    9.6767     0.001412     0.004352    12.064045    21.187011
 306    9.6887     0.002609     0.001276    -8.630591    -4.944324
 307    9.6911     0.003197     0.002653    -1.968547    -1.168073
 308    9.7069     0.000028     0.002364     1.555141    14.956098
 309    9.7148     0.005014     0.002145   -18.050175   -12.091411
 310    9.7163     0.004172     0.007466    -7.097049    -3.744482
 311    9.7255     0.006841     0.006830    -0.733286    -1.032838
 312    9.7276     0.000485     0.002654    -7.760860   -18.444195
 313    9.7359     0.003381     0.001818    12.747792     8.790642
 314    9.7482     0.003792     0.006628     6.338564    12.579575
 315    9.7560     0.013002     0.006692   -10.946234    -7.635884
 316    9.7576     0.003657     0.001577     7.725698     5.866290
 317    9.7645     0.000060     0.000116     1.233838    -1.824857
 318    9.7792     0.004718     0.000035    12.408104    -0.993062
 319    9.7831     0.008633     0.004959     2.598313    -1.148719
 320    9.7871     0.000463     0.000431     0.244119    -0.146867
 321    9.7964     0.027212     0.022847    13.398049     9.431177
 322    9.8066     0.000794     0.000478     1.989989     1.967041
 323    9.8076     0.002922     0.002941     8.093387     8.041838
 324    9.8127     0.000179     0.005428     0.221432    -0.149472
 325    9.8229     0.002713     0.000104     9.113048    -0.271676
 326    9.8235     0.004683     0.000535    12.073234     0.779257
 327    9.8259     0.005707     0.003201    -9.481910    -5.790724
 328    9.8365     0.005732     0.000317    30.604576     7.105379
 329    9.8424     0.004281     0.004752   -12.021602   -14.594341
 330    9.8440     0.003968     0.005276     1.563098     1.654349
 331    9.8496     0.000327     0.003274    -0.661982     7.103827
 332    9.8689     0.003001     0.003269   -15.759984    -9.563089
 333    9.8773     0.000104     0.000165    -0.154492    -0.126960
 334    9.8795     0.000845     0.000885     8.532072     8.906300
 335    9.8904     0.000247     0.000545     0.402087     1.140243
 336    9.8923     0.001358     0.000612    -1.983261    -0.508414
 337    9.8972     0.000374     0.000883    -2.126744    -5.380033
 338    9.9021     0.008435     0.019500   -30.246305    49.653008
 339    9.9068     0.005770     0.024597   -32.835009    50.494046
 340    9.9084     0.000679     0.001318    -4.017261    -1.246765
 341    9.9119     0.004789     0.001333     0.086575     0.002171
 342    9.9234     0.000214     0.001681    -3.267530     8.866441
 343    9.9345     0.006156     0.025191    48.109335   -97.358149
 344    9.9395     0.003041     0.011116     7.842145    16.117096
 345    9.9442     0.002375     0.000259     8.503209    -2.788134
 346    9.9450     0.004637     0.007476   -13.515612    20.260559
 347    9.9480     0.000783     0.001455    -2.594825     1.170910
 348    9.9485     0.000723     0.000728    -2.341521    -0.372360
 349    9.9533     0.000821     0.000325    -4.862016    -0.508770
 350    9.9598     0.020464     0.007222    -3.602151    14.085499
 351    9.9670     0.002425     0.018928     7.106527   -20.015255
 352    9.9736     0.000730     0.007093     1.014298    10.089368
 353    9.9797     0.020821     0.001541   -33.131279     0.852243
 354    9.9850     0.002360     0.013837     6.554777   -18.009479
 355    9.9870     0.003530     0.002510   -13.224863   -19.420987
 356    9.9921     0.000195     0.005596     0.422045     7.199965
 357    9.9988     0.000040     0.001050     0.657342     3.216909
