 NM
 UV
 MMASS
   900.993799999998     
 LFAKTOR
  0.5
 RFAKTOR
  1.0
 WIDTH
  0.20
 SHIFT
  0.00
 DATXY
   1    2.8507     0.464632     0.116203   -39.235659   -19.618223
   2    2.9771     0.653458     0.135419  -102.516441   -46.512929
   3    3.1386     0.011497     0.005458    -8.747780     0.555014
   4    3.2524     0.246642     0.076766    59.075607    32.950573
   5    3.3114     0.008698     0.002335    60.773328    31.467072
   6    3.3357     0.006653     0.002130   -33.701288   -27.324409
   7    3.5710     0.069917     0.047403    56.285794    74.012639
   8    3.5800     0.107815     0.067510    78.246112    53.780949
   9    3.6648     0.248699     0.155775  -694.701893  -550.372765
  10    3.6702     0.399700     0.235349   651.669621   474.772762
  11    3.8617     0.016930     0.011884    -4.579759    -4.406063
  12    3.8657     0.026241     0.020695    -8.982034    -8.509296
  13    3.9486     0.023471     0.011313    -0.422393    -0.295239
  14    3.9750     0.003961     0.007676   -30.556994   -24.892359
  15    4.0153     0.005707     0.011905    40.739858    54.927289
  16    4.0172     0.000421     0.001638     6.361948    -8.820125
  17    4.0415     0.025788     0.011192     7.859720     6.119071
  18    4.0607     0.000462     0.000250     0.307685     0.276514
  19    4.3448     0.542366     0.308312   -61.089279   -46.053343
  20    4.4471     0.020639     0.001951   -18.406123    -5.646289
  21    4.4811     0.083665     0.022248    20.556525    13.412965
  22    4.5228     0.000411     0.003709     0.254537    -0.579904
  23    4.5877     0.085955     0.094807   -32.305255   -37.183454
  24    4.6905     0.114901     0.077984   141.773008   116.141713
  25    4.6912     0.008669     0.011247    33.131809    20.205045
  26    4.6941     0.008388     0.004452   -28.914693   -20.669638
  27    4.7125     0.020137     0.042295    28.025257    28.597725
  28    4.7216     0.003695     0.001199   -18.461958    -8.583742
  29    4.7983     0.592861     0.298903   -28.937181   -23.353566
  30    4.8053     0.380518     0.250687   -46.563022   -37.824406
  31    4.8379     0.015347     0.007548    19.608730    10.491997
  32    4.8418     0.063586     0.037775    17.001652     4.622770
  33    4.8824     0.004806     0.002847    -4.191496    -2.663112
  34    5.0501     0.026953     0.013956   -19.492192   -14.008145
  35    5.0847     0.010513     0.006230   -34.421367   -24.717223
  36    5.0975     0.002978     0.001031     2.949062     1.344552
  37    5.1303     0.005081     0.065773    28.609382    -6.210064
  38    5.1973     0.013076     0.006447    24.950921    17.527914
  39    5.2148     0.021254     0.009837    29.519538    19.902138
  40    5.3138     0.117739     0.079408    -4.380904     6.103593
  41    5.4078     0.004983     0.014699   -38.332907    10.474086
  42    5.4609     0.002590     0.002933    25.818719    24.968146
  43    5.4620     0.002467     0.029069    23.351199   -50.250455
  44    5.5234     0.005571     0.004236    -0.448101    -0.413293
  45    5.5326     0.005037     0.003825     0.285581     0.249718
  46    5.5704     0.678679     0.346301   226.283382    60.035160
  47    5.5803     0.007580     0.004043   -27.872324   -19.693428
  48    5.6660     0.643485     0.310151 -2123.167121 -1473.849966
  49    5.6739     1.112376     0.562140  2189.486227  1629.507831
  50    5.6958     0.038557     0.014159   -58.633192   -35.455940
  51    5.7111     0.037600     0.016385    14.758085     3.356004
  52    5.7362     0.000310     0.000433    -0.515220    -0.639528
  53    5.7515     0.036632     0.019669   -12.966310    -9.503928
  54    5.8288     0.025741     0.020520   105.658088    54.342664
  55    5.8417     0.074443     0.052222   -57.758253   -48.495986
  56    5.8467     0.001273     0.000916     3.014111     2.680174
  57    5.8472     0.058159     0.043279   -77.751056   -47.258883
  58    5.8662     0.001989     0.001055     5.535343     4.034315
  59    5.9252     0.001881     0.001484    -2.711273    -2.429455
  60    5.9601     0.006121     0.002255    -7.223587    -4.370792
  61    5.9792     0.040579     0.021447     1.405771     1.017891
  62    6.0086     0.087044     0.042400    -7.008513    -6.152455
  63    6.0135     0.013856     0.007124    -2.534799    -2.623542
  64    6.0161     0.013442     0.007089    -3.708331    -3.896960
  65    6.0585     0.020129     0.009285   -43.751529   -29.708409
  66    6.0896     0.043993     0.044202   186.535359    72.629183
  67    6.0981     0.008174     0.002100    17.389690     4.000245
  68    6.1021     0.006317     0.005314    31.433691    28.822696
  69    6.1105     0.146299     0.103188  -163.650340   -73.412549
  70    6.1236     0.005002     0.003607     3.332699     2.378193
  71    6.1311     0.000979     0.001489    10.512124    13.067999
  72    6.1380     0.000796     0.003145    -6.539267    -5.707444
  73    6.1452     0.001739     0.000543    -4.812252    -2.217122
  74    6.1631     0.018128     0.000411  -143.952104   -21.534282
  75    6.1645     0.008266     0.058310   -55.789259   -40.825949
  76    6.1702     0.004884     0.018446   -23.486685   -16.374370
  77    6.1978     0.152916     0.096731   -40.611757   -38.354921
  78    6.1982     0.080631     0.060258   -48.500566   -47.358761
  79    6.2018     0.117574     0.073212   211.519479   112.825593
  80    6.2194     0.000157     0.000292    -0.326252     1.723379
  81    6.2235     0.007925     0.011140    -3.057855    -3.631812
  82    6.2389     0.002345     0.002052     0.375703     0.349139
  83    6.2403     0.000562     0.000192     1.143127     0.160558
  84    6.2480     0.000032     0.000339     0.034508    -0.651910
  85    6.2744     0.014157     0.005109   -16.849171   -10.125347
  86    6.2800     0.000878     0.000766     0.583474    -1.694617
  87    6.2857     0.160859     0.127500   -21.775731   -19.378106
  88    6.3459     0.040589     0.026056    59.490571    57.034969
  89    6.3473     0.211021     0.137877   -36.481955   -29.355278
  90    6.3515     0.061955     0.028931   -49.167731   -28.465630
  91    6.3736     0.094302     0.062375    32.805538    33.912820
  92    6.4036     0.164821     0.108416    20.489039    16.762255
  93    6.4200     0.014937     0.009498     0.168802     0.125316
  94    6.4306     0.055765     0.033056   -14.795960   -11.402862
  95    6.4328     0.069537     0.044445   -21.797573   -15.661166
  96    6.4346     0.072416     0.046351   -13.549411    -9.528272
  97    6.4515     0.019602     0.006467   -39.027731   -19.341884
  98    6.4674     0.217431     0.144533    69.607431    56.762274
  99    6.4789     0.150764     0.073653    -9.076985    -6.349397
 100    6.4933     0.149244     0.092372    12.388585     9.779565
 101    6.4969     0.013774     0.007424   -19.421542   -12.605816
 102    6.5324     0.097292     0.038934     8.505354    15.635649
 103    6.5374     0.092696     0.037660   -25.680306    -5.313018
 104    6.5496     0.944484     0.529954     6.908463     0.824339
 105    6.5673     0.005349     0.005515   -10.903950   -12.496430
 106    6.5710     0.000661     0.000329     0.015718    -0.005116
 107    6.6204     0.001584     0.000477    -3.132348    -1.210444
 108    6.6414     0.000766     0.000148    -1.071627    -0.246479
 109    6.6462     0.002226     0.001807     2.037028     3.319341
 110    6.6480     0.001709     0.002318     7.232309     7.292500
 111    6.6518     0.000137     0.000925     2.366766     8.469405
 112    6.6658     0.020737     0.010343    -5.297010    -7.460606
 113    6.6714     0.000611     0.000169    -5.965776    -2.485424
 114    6.6795     0.000498     0.000316     1.545942     2.890052
 115    6.6859     0.001551     0.001248    14.988655    13.857514
 116    6.6951     0.000554     0.000421     2.843403     0.736912
 117    6.6977     0.051389     0.033287   113.389461    25.320791
 118    6.7343     0.029620     0.043767  -174.489130    39.456350
 119    6.7399     0.018505     0.013648    17.913900   -92.200970
 120    6.7435     0.078937     0.041166   -52.544854   -45.840676
 121    6.7460     0.060306     0.023518   189.327991    97.492506
 122    6.7475     0.009752     0.008517    13.443868    12.717574
 123    6.7570     0.016705     0.011426   -39.163874   -11.171383
 124    6.7661     0.020015     0.003830    69.494666    32.424790
 125    6.7685     0.012417     0.004494    42.315652    27.308603
 126    6.7819     0.008395     0.002145   -36.751004   -11.113055
 127    6.7821     0.034080     0.017461    15.870920    15.495906
 128    6.7934     0.000787     0.000330   -12.139465     2.277536
 129    6.7984     0.001271     0.013372   -13.415936   -36.921357
 130    6.8145     0.001198     0.000787     0.917319     0.697749
 131    6.8231     0.001064     0.040966   -10.196934   -73.301359
 132    6.8293     0.011147     0.003480    22.635822     7.127715
 133    6.8481     0.089650     0.083816    80.287374    77.678664
 134    6.8503     0.019019     0.012515   -21.898415   -12.419371
 135    6.8511     0.558364     0.354988   -37.412295   -29.624573
 136    6.8742     0.079644     0.034385    -8.857588   -24.102971
 137    6.8918     0.001725     0.001240    -0.126946    -0.107148
 138    6.9336     0.001829     0.000301    -9.780653    -3.866165
 139    6.9684     0.313522     0.231482    31.456276     6.574702
 140    6.9735     0.000439     0.000231    -1.553983    -1.122006
 141    6.9811     0.009052     0.004351    56.543174    32.126121
 142    6.9825     0.003872     0.021236   -48.702847   -63.089505
 143    6.9856     0.005524     0.002181    -7.777367    -4.699917
 144    6.9906     0.067783     0.054555    43.813508    36.517537
 145    6.9945     0.236325     0.147973   -91.225092   -71.579326
 146    7.0438     0.003033     0.001711     8.866483    11.824638
 147    7.0455     0.001624     0.000210   -19.705358     7.055549
 148    7.0458     0.004693     0.002152    13.401664    10.921697
 149    7.0796     0.000079     0.007568    -3.962106    52.072177
 150    7.0847     0.002358     0.002759    31.788504    50.197375
 151    7.1050     0.116981     0.040631    44.917456    26.646615
 152    7.1065     0.144559     0.031023   -92.634476   -59.051908
 153    7.1199     0.022951     0.013206   146.578123    70.049408
 154    7.1321     0.029485     0.019773    22.100899    18.099160
 155    7.1336     0.128576     0.081964  -681.389313  -539.602767
 156    7.1450     0.024927     0.037721   104.883895   121.165064
 157    7.1477     0.028811     0.039864    65.603675    73.452669
 158    7.1532     0.319672     0.148998   596.863863   402.984051
 159    7.1683     0.009098     0.004776    54.499017    39.725462
 160    7.1805     0.021297     0.009817   -34.177406   -23.190315
 161    7.1944     0.007939     0.004808    62.712287    57.555710
 162    7.1974     0.155995     0.090171    71.447013    54.714555
 163    7.2086     0.257087     0.153235   713.474827   611.957217
 164    7.2124     0.137509     0.093481   -61.780541   -50.207625
 165    7.2180     0.255311     0.142675  -595.810258  -441.595798
 166    7.2379     0.006583     0.007798    21.316943    28.355985
 167    7.2434     0.526544     0.362790  -633.658501  -483.068318
 168    7.2696     0.035560     0.011572   -74.110124   -42.211982
 169    7.2741     0.008273     0.004805    16.537099    12.466147
 170    7.2755     0.002745     0.001611    -0.075846    -0.771077
 171    7.2816     0.001240     0.000555    -7.108321    -4.760440
 172    7.3014     0.068198     0.044997  -125.141893  -136.580312
 173    7.3211     0.004824     0.005076    20.545925    21.889395
 174    7.3360     0.162309     0.086813   -43.198487   -36.467168
 175    7.3367     0.125542     0.068570    -9.496793    -9.742714
 176    7.3429     0.048461     0.036116    13.096663    11.927022
 177    7.3441     0.111845     0.121351   106.696957   102.931999
 178    7.3600     0.021557     0.011187    56.638572    40.697110
 179    7.3687     0.062771     0.043884    35.707434    15.579777
 180    7.3695     0.013132     0.010778    11.426915     9.100895
 181    7.3754     0.013037     0.008775     2.874174    -8.296555
 182    7.3798     0.000104     0.000018    -2.199239    -0.190949
 183    7.3852     0.001336     0.000971     7.904444     8.342488
 184    7.4117     0.023510     0.018107    17.346156    10.910826
 185    7.4142     0.035557     0.024049     6.208064     4.832956
 186    7.4174     0.087163     0.049788    48.380161    36.395830
 187    7.4196     0.284495     0.166620    28.963844    18.091009
 188    7.4409     0.095817     0.052126   -18.081710   -13.337534
 189    7.4606     0.063714     0.032572  -122.508243   -85.467909
 190    7.4681     0.043094     0.032910    87.992908    76.406453
 191    7.4711     0.010155     0.005605    15.299010    11.158536
 192    7.4731     0.017336     0.013972    28.643249    17.327730
 193    7.4819     0.001654     0.000699     4.765872     3.068105
 194    7.4876     0.086747     0.053995   -54.441255   -43.025585
 195    7.5054     0.088221     0.058553   -34.627545   -27.569310
 196    7.5107     0.083627     0.105424  -144.379404  -201.773996
 197    7.5186     0.065923     0.024185   -89.523687   -54.065658
 198    7.5214     0.018170     0.022616    55.447172    61.576729
 199    7.5270     0.067939     0.056907    20.472388    22.112883
 200    7.5312     0.053386     0.029830   -14.972631     5.516643
 201    7.5501     0.033208     0.010096    29.924574    80.911446
 202    7.5598     0.003088     0.005320   -19.083224    18.310400
 203    7.5622     0.091760     0.065798   104.278230    92.097764
 204    7.5669     0.149511     0.069977  -170.133152  -143.020459
 205    7.5786     0.036089     0.047844   172.033952   200.104884
 206    7.5841     0.005999     0.000417   -62.716921    10.959762
 207    7.5961     0.016037     0.002974   -88.326698   -33.026239
 208    7.5978     0.002696     0.072248    -1.023839  -265.870463
 209    7.6085     0.023978     0.068659   174.882473   145.212469
 210    7.6122     0.001970     0.002160   -27.120437    20.374317
 211    7.6159     0.017765     0.049395   -57.874822   -71.982372
 212    7.6272     0.011193     0.014297    37.741381    43.683274
 213    7.6289     0.012786     0.145826  -176.080141    63.792081
 214    7.6381     0.098990     0.063399   379.864031   251.815076
 215    7.6436     0.012863     0.009911    -6.881122    -7.443396
 216    7.6520     0.043246     0.027865    99.116020  -160.838130
 217    7.6574     0.018548     0.028404  -148.361889  -174.282173
 218    7.6586     0.011020     0.011210   -10.190400   -10.738486
 219    7.6826     0.015161     0.001880  -219.083949    70.517020
 220    7.6915     0.013557     0.197406  -148.935870  -193.008286
 221    7.7027     0.006539     0.005413   -60.878334   -55.394969
 222    7.7181     0.039384     0.030325   273.003934    -1.429758
 223    7.7193     0.007663     0.013318    58.817500    72.193631
 224    7.7257     0.007555     0.034259    27.793652    59.842826
 225    7.7486     0.001143     0.009594   -10.117439     9.694720
 226    7.7655     0.018344     0.016474    81.975650    73.342717
 227    7.7704     0.000357     0.000132   -13.787123    -5.726051
 228    7.7778     0.000020     0.000040    -1.930033    -3.825674
 229    7.7845     0.003535     0.001249    -4.067796    -1.426965
 230    7.7898     0.007702     0.006797   -70.699109   -64.633437
 231    7.8067     0.004253     0.001370   -13.145554    -3.178857
 232    7.8091     0.004783     0.001425    -8.242744     0.319354
 233    7.8216     0.003253     0.000599    -8.074890    -3.209932
 234    7.8266     0.004894     0.002753    18.386112    17.362301
 235    7.8383     0.000012     0.000051    -0.295352    -3.331716
 236    7.8442     0.003405     0.000140    11.800587     2.227533
 237    7.8461     0.000155     0.002078    -3.541300    18.093089
 238    7.8483     0.000394     0.007309     2.482054     9.236358
 239    7.8502     0.040063     0.017536    12.076935    15.816267
 240    7.8662     0.002860     0.019235    -1.282460    -1.359909
 241    7.8760     0.001173     0.000516     3.151481     2.074037
 242    7.8868     0.001708     0.000087   -40.679817     4.260960
 243    7.9018     0.008713     0.008651    32.251215    35.934237
 244    7.9034     0.011711     0.006706   -38.454232   -28.833989
 245    7.9059     0.016987     0.011968   -29.498881   -24.690360
 246    7.9149     0.000347     0.001340    -3.318196    -4.084603
 247    7.9157     0.000148     0.001205    -2.684025    -5.957080
 248    7.9202     0.001389     0.005519     0.825083    -0.893177
 249    7.9215     0.002587     0.000910    -3.741292    -2.028605
 250    7.9250     0.008348     0.015371    -1.322315    -3.984437
 251    7.9351     0.000728     0.003112    -6.769437   -14.044737
 252    7.9378     0.002709     0.006227    -7.244495     7.858191
 253    7.9461     0.003720     0.004824   -19.789460   -36.497499
 254    7.9475     0.012051     0.008640     0.348617    -0.548627
 255    7.9509     0.006217     0.049624    15.800811   -53.566617
 256    7.9600     0.007798     0.001259    37.702583    10.617709
 257    7.9685     0.000662     0.000486    -3.207628    -2.390946
 258    7.9694     0.005000     0.004041   -14.284332    -9.875879
 259    7.9798     0.006330     0.001277    15.886551     6.983306
 260    7.9933     0.021553     0.011344   -19.874742   -14.142750
 261    8.0012     0.000264     0.000223    -0.889397    -0.912484
 262    8.0034     0.051265     0.037214    99.287845    85.326500
 263    8.0092     0.046276     0.016473    49.477872    78.181007
 264    8.0165     0.003027     0.001733    14.538804    11.535665
 265    8.0307     0.023296     0.023285   -16.791707    78.505168
 266    8.0326     0.004579     0.012769     4.001033    69.756132
 267    8.0365     0.060761     0.028808   -33.749842    -0.899132
 268    8.0461     0.000629     0.003236   -10.160746   -38.812068
 269    8.0500     0.042108     0.053032  -108.822623  -124.393623
 270    8.0552     0.046288     0.033285  -143.603376  -139.450232
 271    8.0563     0.016275     0.019152    -5.875427    39.925071
 272    8.0611     0.001569     0.001135    -4.449216    -3.022152
 273    8.0662     0.024203     0.014452    -5.903082    -4.623013
 274    8.0726     0.012258     0.012584   -16.691125   -16.251074
 275    8.0750     0.007899     0.022788   -18.355725   -14.003726
 276    8.0840     0.007160     0.001945    -5.572770    -2.883556
 277    8.0847     0.000996     0.004202    -7.843074   -21.579973
 278    8.0918     0.028512     0.018719   -13.636867    -8.824575
 279    8.0942     0.003543     0.017785    -1.745090    -5.211355
 280    8.1172     0.002130     0.127370   -41.328193     7.338008
 281    8.1261     0.004968     0.022451    24.812608    52.900819
 282    8.1295     0.020050     0.016309    54.166771     8.414100
 283    8.1312     0.001655     0.006423    -0.777165     9.588118
 284    8.1347     0.002573     0.012708   -19.209535   -18.882973
 285    8.1374     0.004944     0.001652   -62.717995    29.543738
 286    8.1398     0.005499     0.012212    24.784870    10.903125
 287    8.1420     0.008472     0.017921    55.004907    68.866731
 288    8.1530     0.016545     0.007880   -21.646422   -14.901672
 289    8.1566     0.000561     0.000130    -7.592393    -1.579373
 290    8.1597     0.063540     0.033071   -32.031297   -13.411455
 291    8.1709     0.000257     0.003885    -3.354721    -7.431374
 292    8.1775     0.007208     0.008357   -40.307676    -4.703730
 293    8.1860     0.039594     0.032422    26.645344     7.064861
 294    8.1863     0.048736     0.035430   -38.099510   -33.616529
 295    8.2031     0.001011     0.010727     3.758777     5.046886
 296    8.2034     0.002861     0.014377    10.755840    12.979844
 297    8.2084     0.030813     0.106074    91.343423    34.530855
 298    8.2156     0.006211     0.006034    11.704062    22.629471
 299    8.2165     0.001320     0.006425    -0.160979    -0.880866
 300    8.2217     0.010517     0.017573    29.936819    15.990475
 301    8.2219     0.005961     0.012932    30.257409    -9.086435
 302    8.2258     0.001255     0.014854    -6.248260   -10.394146
 303    8.2325     0.007399     0.000039    18.147743     0.555748
 304    8.2426     0.002847     0.000345   -16.476307    -1.042796
 305    8.2437     0.013511     0.010775   -10.201863    -8.030284
 306    8.2520     0.004179     0.002350     2.471488     3.710591
 307    8.2524     0.004749     0.007282    -1.421921    -1.426689
 308    8.2620     0.000046     0.000427     0.901212     2.113380
 309    8.2637     0.000774     0.042936    -0.304616   -11.194281
 310    8.2683     0.016648     0.020136   -19.282571    -8.334229
 311    8.2726     0.017436     0.018127    61.962808    34.947120
 312    8.2747     0.003980     0.008669    -1.546442   -22.574193
 313    8.2763     0.007166     0.010836    53.251618   -23.767302
 314    8.2814     0.007977     0.023469    40.436099   -58.938553
 315    8.2912     0.012589     0.008428   -31.395755   -25.681499
 316    8.2954     0.000366     0.000563     3.546753    -3.938422
 317    8.2967     0.001924     0.000341    12.139317     2.418691
 318    8.3020     0.002892     0.015803    30.298259    70.215965
 319    8.3088     0.006246     0.004376   -22.617712   -18.777754
 320    8.3173     0.000884     0.001828    -9.748894   -14.076155
 321    8.3186     0.000227     0.000562    -4.675052    -6.463563
 322    8.3217     0.007132     0.022337    11.645045    41.869998
 323    8.3372     0.007352     0.004219    -3.840110    -2.341708
 324    8.3413     0.008069     0.002379    -9.029714    -5.367441
 325    8.3452     0.000789     0.000774    -1.092296    -1.192150
 326    8.3496     0.017277     0.017863   -38.110371   -38.752325
 327    8.3535     0.002982     0.015778   -26.538708    11.119010
 328    8.3544     0.001606     0.004459     2.313413     7.850502
 329    8.3585     0.093760     0.078420    49.530652   -16.516467
 330    8.3608     0.007486     0.002124    26.151899     2.286464
 331    8.3689     0.001648     0.004765   -16.593700   -11.004394
 332    8.3715     0.000938     0.001748     0.388822     0.527275
 333    8.4028     0.046332     0.044666    -7.063773    32.695470
 334    8.4073     0.012947     0.019472   -14.681940   -17.780674
 335    8.4086     0.007027     0.016881   -11.756712   -35.587229
 336    8.4142     0.020344     0.032872    39.148989    41.739213
 337    8.4183     0.002880     0.004286    10.088860    15.468744
 338    8.4197     0.036782     0.044278    21.270213    35.712754
 339    8.4269     0.059400     0.067629  -122.442283  -119.674931
 340    8.4421     0.001994     0.001401    -0.943890     0.343454
 341    8.4531     0.000833     0.009004     5.044883    27.315285
 342    8.4571     0.000886     0.000798     5.940069     5.550583
 343    8.4620     0.001869     0.002056     8.308574     9.627048
 344    8.4689     0.007566     0.000950     8.475930     3.119149
 345    8.4781     0.007655     0.007072     6.114958     6.003646
 346    8.4836     0.000263     0.004466    -1.525265    -6.892871
 347    8.4873     0.002434     0.003033    12.333237    13.730504
 348    8.5058     0.012014     0.008615   -19.375062   -16.217641
 349    8.5069     0.004204     0.000685     6.216143     2.942233
 350    8.5087     0.033863     0.028623    -3.193180    -2.880638
 351    8.5105     0.004054     0.003669     2.240173     2.113893
 352    8.5170     0.003658     0.017516    11.382756    24.886421
 353    8.5294     0.005433     0.002294    -6.977039    -4.323759
 354    8.5326     0.000330     0.000063     3.602081     0.255487
 355    8.5349     0.003106     0.000508    17.780488     0.719788
 356    8.5359     0.001852     0.002210     4.149725     4.573560
 357    8.5422     0.001844     0.003296     9.933390    13.159317
 358    8.5450     0.002850     0.003166    20.798797    21.157224
 359    8.5512     0.015633     0.018218    -7.170822    -0.887794
 360    8.5540     0.017464     0.023032    33.556918    38.937446
 361    8.5619     0.000083     0.000281     1.339109     2.651979
 362    8.5749     0.001786     0.003770   -13.089894   -12.202228
 363    8.5751     0.002483     0.006126   -16.096870   -14.810758
 364    8.5805     0.006303     0.006366     4.279877     4.340754
 365    8.5985     0.005769     0.001201     4.017397     2.607672
 366    8.6039     0.010490     0.016610   -22.016583   -23.840007
 367    8.6093     0.002366     0.012963    14.043586     3.993371
 368    8.6117     0.001562     0.004745     4.129789     2.728620
 369    8.6146     0.002223     0.001745    -3.570763    -2.910012
 370    8.6161     0.001311     0.001681     7.373393     9.287722
 371    8.6173     0.001545     0.003036    -4.470371    -6.903881
 372    8.6228     0.004428     0.002811    -4.412172     1.542856
 373    8.6271     0.000324     0.000223    -1.945475    -1.645763
 374    8.6336     0.002626     0.002775    -1.509872    -1.622693
 375    8.6396     0.012583     0.013649    -2.877655   -14.514253
 376    8.6423     0.000576     0.000606     0.879937     0.697248
 377    8.6580     0.002859     0.001507     1.245115    -2.481648
 378    8.6589     0.020534     0.009816   -12.681009   -15.314730
 379    8.6622     0.000268     0.000103    -0.608268    -0.065086
 380    8.6630     0.002563     0.009705    -1.116068    -0.017300
 381    8.6707     0.016008     0.006192   -20.358779   -11.740682
 382    8.6888     0.000316     0.000363    -2.418652    -2.577220
 383    8.7009     0.017344     0.000328    10.393838    -6.788617
 384    8.7073     0.008815     0.011196    -1.718617    -6.165963
 385    8.7164     0.000473     0.000223     1.175716     0.782633
 386    8.7178     0.026531     0.013935    59.891181    49.867805
 387    8.7220     0.007078     0.003907   -10.162560    -7.771767
 388    8.7336     0.000811     0.010205     7.789893    27.719679
 389    8.7423     0.005952     0.008266   -11.532390   -20.007207
 390    8.7448     0.014136     0.023015    34.768036    42.515739
 391    8.7512     0.001411     0.002205    -3.251998     1.264421
 392    8.7653     0.000938     0.002966    -6.221625     5.203726
 393    8.7676     0.000126     0.000058    -1.301254     0.536991
 394    8.7702     0.000458     0.000028    -1.062527    -0.279207
 395    8.7780     0.002044     0.013887     3.577630    -2.928844
 396    8.7861     0.006200     0.003188    -4.302503    -3.109299
 397    8.7923     0.002449     0.000407   -12.005082     5.073989
 398    8.7944     0.009250     0.003198    17.006404     9.214082
 399    8.8019     0.028688     0.002305     2.074405    -3.880128
 400    8.8112     0.000756     0.001016     4.576315     5.507443
 401    8.8136     0.026235     0.002713    12.899345    -7.712781
 402    8.8154     0.009410     0.000039   -39.694070     2.566066
 403    8.8225     0.001639     0.002196     3.757811     2.132672
 404    8.8249     0.002586     0.000305    -7.370853    -2.550354
 405    8.8252     0.003485     0.001974    -6.470902    -5.982357
 406    8.8302     0.000152     0.019568    -0.636415   -23.941552
 407    8.8352     0.006127     0.001570    -7.283968    -2.779010
 408    8.8426     0.004369     0.029125    39.243913    39.588236
 409    8.8507     0.002608     0.001497     7.723137     5.412352
 410    8.8520     0.002615     0.002210     0.372850    -0.094842
 411    8.8564     0.001886     0.001062    17.212150    -5.966941
 412    8.8600     0.006040     0.009706    10.023442    -2.132160
 413    8.8679     0.000149     0.000968    -3.304859    10.504460
 414    8.8727     0.001396     0.000254    -9.477355    -3.249866
 415    8.8743     0.025349     0.017424   -92.608701   -48.301466
 416    8.8766     0.003288     0.000739   -20.754571    -9.141416
 417    8.8865     0.002468     0.017063   -31.005868   -52.523871
 418    8.8931     0.000799     0.002202     6.022319    10.299076
 419    8.8975     0.005105     0.001300   -15.147508    12.726974
 420    8.9041     0.009252     0.012675    -1.289854     9.314545
 421    8.9074     0.000702     0.000147     2.707246     0.753586
 422    8.9175     0.001212     0.004061   -29.264727    53.640157
 423    8.9227     0.000043     0.000092     0.751516     0.125971
 424    8.9283     0.000017     0.000024     0.246421     0.167370
 425    8.9404     0.000004     0.004921     0.443009    -6.802593
 426    8.9418     0.000021     0.023384     2.259782   -35.422006
 427    8.9477     0.004893     0.004489   -19.923432   -19.512354
 428    8.9506     0.002126     0.005729    -4.387025   -39.335866
 429    8.9525     0.000643     0.002281     5.385700     9.153207
 430    8.9587     0.002268     0.001225    -2.835881    -2.087850
 431    8.9621     0.013151     0.015487    10.032940    11.737704
 432    8.9652     0.002653     0.003489    -1.400241    -3.375682
 433    8.9657     0.001085     0.000823     1.362343     0.446017
 434    8.9714     0.003509     0.002179    17.729124    17.377398
 435    8.9752     0.005576     0.000324    39.140085     6.683432
 436    8.9769     0.031536     0.025538   -26.689306   -23.676171
 437    8.9797     0.000574     0.000285     2.156693     0.238613
 438    8.9813     0.024139     0.012736    20.628013    19.520972
 439    8.9819     0.004715     0.003001    -0.179342     1.411859
 440    8.9857     0.015513     0.012320   -41.448752   -10.757492
 441    8.9866     0.001579     0.000617    -9.726678    -5.979434
 442    8.9952     0.000724     0.002695    -3.955698    11.764979
 443    8.9998     0.006698     0.014312    -4.559868    23.865439
 444    9.0022     0.004730     0.002855   -13.816446   -15.284588
 445    9.0116     0.007919     0.008097    16.392338    16.334016
 446    9.0149     0.002386     0.002841     5.021056     5.640704
 447    9.0181     0.012012     0.012399     3.927535    21.650252
 448    9.0207     0.003699     0.001451    -5.260335    -0.989652
 449    9.0225     0.016804     0.014301     4.052082    13.680699
 450    9.0257     0.016697     0.017039     4.675877     4.546605
 451    9.0282     0.018451     0.013239    22.533518    17.585784
 452    9.0385     0.001628     0.006028    16.935753   -28.161023
 453    9.0560     0.006951     0.005525   -28.116527   -25.142445
 454    9.0631     0.013226     0.015976    76.666381    76.796739
 455    9.0649     0.002316     0.000094     3.846992    -1.519330
 456    9.0682     0.001806     0.001091   -13.005260   -10.001886
 457    9.0693     0.003015     0.001412   -17.370200   -11.633671
 458    9.0721     0.000782     0.000628    -9.719750    -9.164985
 459    9.0724     0.000318     0.000079    -1.114088    -0.550760
 460    9.0734     0.004895     0.000562    -0.590071     0.260838
 461    9.0818     0.008730     0.004283    12.605530     8.289018
 462    9.0826     0.007169     0.005571    -9.495450    -8.402739
 463    9.0850     0.000661     0.001339     1.138366     1.183975
 464    9.0864     0.000354     0.000920     2.420587    -5.004428
 465    9.0893     0.014690     0.003713   -47.138095   -24.069729
 466    9.0906     0.003223     0.005474    -9.147052   -18.986708
 467    9.0927     0.008117     0.009951     5.160764     5.139043
 468    9.0979     0.020451     0.018175    80.545262    83.272036
 469    9.0990     0.001344     0.001245    -4.165583    -4.032489
 470    9.1009     0.000721     0.000450    -1.086681    -0.641679
 471    9.1021     0.003085     0.003821    -5.855341    -6.456207
 472    9.1040     0.011979     0.008812    19.179574    10.909303
 473    9.1047     0.011705     0.009303    25.676820    21.061912
 474    9.1161     0.014423     0.009030    -4.768105   -12.204949
 475    9.1203     0.000054     0.000458    -0.770982    -6.893375
 476    9.1220     0.004181     0.002893    30.626993    22.312366
 477    9.1281     0.005593     0.010137    -2.521998    -6.893666
 478    9.1374     0.007894     0.016118   -12.822779   -18.437259
 479    9.1394     0.000150     0.003095     2.352985    11.486380
 480    9.1441     0.000074     0.001468    -0.159951     0.622801
 481    9.1456     0.008072     0.005436   -14.023352   -18.577202
 482    9.1514     0.003133     0.004072    14.473222    16.444438
 483    9.1668     0.000608     0.000260     5.618211     3.742315
 484    9.1721     0.000072     0.001804     0.122005     2.640476
 485    9.1724     0.000513     0.003183    -3.493623   -21.037870
 486    9.1782     0.002674     0.001256    24.885724    29.914553
 487    9.1871     0.009480     0.005049    24.015918    14.634042
 488    9.1939     0.007195     0.004307     9.254788     6.345991
 489    9.1967     0.002906     0.002339    -5.673254    -6.406979
 490    9.1992     0.004090     0.001087   -18.742249    -9.465037
 491    9.2015     0.003327     0.000748    -1.101075    -6.314257
 492    9.2067     0.009615     0.005602    -5.061717    -9.440315
 493    9.2092     0.003006     0.001396    -2.964053    -3.305264
 494    9.2127     0.004681     0.004743     1.968067     1.962194
 495    9.2144     0.003662     0.002449     5.204168     3.837804
 496    9.2174     0.003925     0.004487     0.479478     1.021936
 497    9.2182     0.002981     0.002615    -6.257375    -4.436860
 498    9.2201     0.000714     0.000173    -3.441733    -1.237089
 499    9.2282     0.031146     0.038670   -11.650211   -13.070022
 500    9.2352     0.000032     0.000036    -0.440778     0.336805
 501    9.2369     0.001798     0.001818     3.217201     3.468807
 502    9.2417     0.005504     0.006976   -15.230332   -29.859075
 503    9.2450     0.001193     0.000075   -10.507112    -1.965291
 504    9.2510     0.004810     0.000862    -5.330982    -2.260950
 505    9.2555     0.000284     0.000454     3.255438     3.144346
 506    9.2573     0.000665     0.000128    -4.773050    -1.729754
 507    9.2606     0.000783     0.010232    -2.761721   -17.825084
 508    9.2651     0.005612     0.004196    17.376224    14.246939
 509    9.2706     0.003664     0.002908     6.748331     6.016627
 510    9.2796     0.000239     0.000304    -0.129164    -0.843857
 511    9.2807     0.003119     0.004771    -8.152312   -11.270039
 512    9.2855     0.000409     0.000209     1.305776     0.890846
 513    9.2859     0.004152     0.002248    -2.202637    -1.614384
 514    9.2878     0.000288     0.000262    -0.695091    -0.671538
 515    9.2932     0.004723     0.001702   -22.747368   -13.644892
 516    9.3015     0.002336     0.002308    -1.936897    -5.392421
 517    9.3035     0.002997     0.002649    -3.244907    -6.764804
 518    9.3102     0.001314     0.001228    -7.678397    -6.869490
 519    9.3115     0.000731     0.002046    -5.148137     6.432524
 520    9.3131     0.000681     0.000317    -6.905632    -3.709756
 521    9.3177     0.000298     0.000299     0.944181     1.816722
 522    9.3308     0.003762     0.003875     9.698020     4.915689
 523    9.3312     0.003502     0.003616    10.619268     5.798457
 524    9.3340     0.000338     0.000391     4.704551     4.861236
 525    9.3378     0.000751     0.000749    -0.340484     0.490838
 526    9.3385     0.004624     0.001879     2.244651     1.728847
 527    9.3398     0.003578     0.001607     3.086733     2.603317
 528    9.3415     0.004232     0.001171    13.984912     7.253303
 529    9.3434     0.002298     0.002794     2.822556    -1.574560
 530    9.3488     0.006023     0.005476     1.772100    -4.087819
 531    9.3501     0.000212     0.000110     0.379035     0.286036
 532    9.3521     0.001059     0.001959     2.008084     1.883216
 533    9.3539     0.002604     0.000163     8.263015    -0.088878
 534    9.3594     0.009138     0.009226    20.562070     9.515654
 535    9.3617     0.000128     0.000037     0.338214    -0.097133
 536    9.3634     0.000170     0.000300     0.311168     0.342874
 537    9.3660     0.000952     0.000263     4.181663     3.256709
 538    9.3674     0.000144     0.000107    -3.387464    -2.960725
 539    9.3741     0.000209     0.000260    -0.081089    -0.159729
 540    9.3781     0.001503     0.000959    -0.297905    -0.355743
 541    9.3794     0.001618     0.001698     0.022306    -0.993491
 542    9.3799     0.000512     0.000507    -1.193789    -0.523649
 543    9.3820     0.000378     0.000130     1.776360     1.399273
 544    9.3907     0.003963     0.002459    -3.173092    -1.191892
 545    9.3955     0.000104     0.000303     2.328562     4.280821
 546    9.4004     0.003235     0.002084   -19.017330   -14.502340
 547    9.4029     0.005729     0.002697   -18.210431   -11.198025
 548    9.4037     0.000099     0.000029    -0.771655    -0.142929
 549    9.4050     0.000935     0.000212    -6.122562    -2.644712
 550    9.4120     0.000338     0.000034    -0.387337    -0.414191
 551    9.4156     0.000942     0.000049    -1.835654    -1.962134
 552    9.4186     0.008723     0.001375    12.453945     4.933329
 553    9.4256     0.000501     0.000583    -2.603679    -0.119804
 554    9.4273     0.000137     0.000051    -0.086473     0.681688
 555    9.4275     0.007757     0.000941   -17.726345    -5.653669
 556    9.4291     0.012312     0.002898    -4.291142    -2.528123
 557    9.4315     0.000810     0.002407    -3.986317    -3.912235
 558    9.4321     0.001776     0.000708     0.353877     0.171129
 559    9.4395     0.018759     0.014291    19.471910    16.976518
 560    9.4425     0.007025     0.006020    -9.655969     5.399281
 561    9.4462     0.001883     0.001632    -1.902165     3.678897
 562    9.4576     0.006844     0.006050    -6.814419    -6.776997
 563    9.4586     0.010248     0.007476   -11.724721   -10.721993
 564    9.4597     0.005313     0.002930    -7.416736    -5.472351
 565    9.4677     0.002992     0.001007    -4.450896    -2.582562
 566    9.4730     0.001939     0.001021    -5.257127    -2.858836
 567    9.4776     0.000056     0.000023     0.131922     0.408836
 568    9.4797     0.001106     0.000948    -2.019907    -1.886047
 569    9.4803     0.001909     0.000397    -5.477471    -2.054122
 570    9.4826     0.004140     0.001784    -5.755939    -3.591974
 571    9.4830     0.000723     0.000459    -0.125352    -0.436555
 572    9.4847     0.001240     0.000663    -0.798228     0.836192
 573    9.4935     0.000365     0.000216    -0.421544    -0.367592
 574    9.4967     0.012441     0.007912    -3.632960    -2.896547
 575    9.5002     0.003011     0.000930     0.680497     0.445107
 576    9.5092     0.000526     0.001282     1.388320     3.903617
 577    9.5154     0.007345     0.004212   -12.576251    -8.862246
 578    9.5180     0.001490     0.003183     2.670676     6.410480
 579    9.5296     0.020854     0.012898    -6.483640    -3.009605
 580    9.5325     0.011622     0.005664    -2.090272    -1.462244
 581    9.5400     0.000561     0.001499    -0.949809     4.615042
 582    9.5436     0.023112     0.018432    14.249648    13.053750
 583    9.5472     0.012234     0.005599     9.619632     6.440861
 584    9.5487     0.004462     0.001378     5.599232     2.976004
 585    9.5557     0.000617     0.001316    -5.328889    -3.177280
 586    9.5581     0.001926     0.000444    -3.002803    -0.820478
 587    9.5637     0.004150     0.000374    -5.150616    -1.610999
 588    9.5675     0.000354     0.000814    -0.440629    -1.299593
 589    9.5689     0.001449     0.000409     0.644766     0.475182
 590    9.5716     0.006422     0.004293     1.638114    -6.443359
 591    9.5840     0.000330     0.001591     0.923677     1.724393
 592    9.5859     0.004335     0.001247     2.903360     3.141860
 593    9.5865     0.004574     0.001720     7.637025     6.869745
 594    9.5923     0.004857     0.007514   -14.790637   -18.594333
 595    9.5942     0.000239     0.002098     2.416657     7.729694
 596    9.6003     0.004024     0.003604    10.258248     0.998801
 597    9.6033     0.000318     0.000224     1.074719     0.489911
 598    9.6056     0.001477     0.000744     3.626913     2.865719
 599    9.6078     0.006019     0.003559     8.990754    12.306707
 600    9.6081     0.002547     0.001369     0.922067     4.462424
 601    9.6170     0.001443     0.000718     2.072119     0.587396
 602    9.6218     0.012854     0.004799     1.631415     5.255405
 603    9.6242     0.003671     0.000073   -23.726827     2.730743
 604    9.6283     0.001283     0.017398   -12.134730   -37.750112
 605    9.6303     0.003048     0.000781     4.554497    -2.340567
 606    9.6408     0.002920     0.002149    -4.528037    -2.624156
 607    9.6426     0.005715     0.005846    -4.427086    -5.658002
 608    9.6436     0.001247     0.000737    -5.447079     3.202826
 609    9.6452     0.000809     0.000668    -0.242768    -0.403329
 610    9.6466     0.000229     0.001186     1.040545     5.130833
 611    9.6499     0.002636     0.006466     3.601040     4.242954
 612    9.6506     0.001500     0.001725    -3.374992    -3.593569
 613    9.6518     0.000062     0.000440     0.259755     1.603367
 614    9.6590     0.002571     0.000354    14.421114     4.614675
 615    9.6610     0.000488     0.000728    -5.125888    -6.386510
 616    9.6676     0.000324     0.003424    -2.904111    -9.968494
 617    9.6708     0.006168     0.002365    -1.641478    -1.724236
 618    9.6728     0.005091     0.002805    11.360258     6.540480
 619    9.6747     0.000302     0.000925     1.624315    -0.399336
 620    9.6820     0.000691     0.000075    -1.491152    -0.162035
 621    9.6830     0.000175     0.000296     0.357265     0.090554
 622    9.6876     0.002957     0.000173     9.154105     2.119591
 623    9.6926     0.000232     0.000083    -1.425435    -0.939906
 624    9.6972     0.001403     0.000787     1.417592    -0.628173
 625    9.6983     0.000087     0.001008     0.826099     1.598022
 626    9.7013     0.005252     0.008898     0.637774    10.923761
 627    9.7036     0.000839     0.000458    -3.046992    -2.079324
 628    9.7065     0.009177     0.002701     5.898297     3.104866
 629    9.7075     0.000163     0.000563    -0.652343     1.591478
 630    9.7133     0.003109     0.004031    -0.424539    -0.486007
 631    9.7139     0.006158     0.007507   -10.045180   -11.247410
 632    9.7172     0.011286     0.014256     3.457346     8.292744
 633    9.7270     0.000765     0.000964     0.406738     0.076160
 634    9.7293     0.008630     0.008230    -4.645056     1.443330
 635    9.7296     0.003137     0.002200    -0.317845     1.667651
 636    9.7331     0.000579     0.001556     0.173011    -2.338346
 637    9.7348     0.003333     0.004695     0.079868    -1.431021
 638    9.7365     0.001695     0.001808    -2.584169    -2.540455
 639    9.7385     0.002204     0.003349    -2.268864    -1.432030
 640    9.7404     0.001225     0.001449    -2.989152    -3.519459
 641    9.7420     0.000731     0.000694    -1.046666    -0.980337
 642    9.7433     0.000584     0.003518    -0.979338    -8.355523
 643    9.7536     0.007512     0.003584   -12.074145    -6.606515
 644    9.7576     0.005592     0.004155    14.460830    17.033094
 645    9.7604     0.003977     0.003940    -2.850730    -6.486191
 646    9.7616     0.003576     0.003449     1.648326     0.715760
 647    9.7691     0.006368     0.005034    11.637243    10.716229
 648    9.7723     0.000062     0.000416    -0.115048     1.449016
 649    9.7751     0.000467     0.001139    -1.571461     0.038017
 650    9.7759     0.000305     0.001562     0.744363     0.441156
 651    9.7782     0.000677     0.001820     0.043628    -0.942046
 652    9.7821     0.002086     0.001538    -0.815580    -0.620357
 653    9.7836     0.000338     0.000200     0.900928     0.644565
 654    9.7853     0.000158     0.000123    -0.317817    -0.335814
 655    9.7864     0.000214     0.000128    -0.923773    -0.250383
 656    9.7868     0.000350     0.000702     0.827130    -0.420353
 657    9.7871     0.000097     0.000325     0.112560     0.844614
 658    9.7911     0.001042     0.002516     5.002126    -1.350417
 659    9.7922     0.001197     0.000071     0.398312     0.123551
 660    9.7954     0.000681     0.000456    -0.814439    -0.364973
 661    9.7993     0.000772     0.000623    -0.692065    -0.142234
 662    9.8041     0.000367     0.000650     0.164953     0.341908
 663    9.8053     0.000784     0.000465     0.340541    -0.013520
 664    9.8068     0.010481     0.005465    -6.021630    -4.922798
 665    9.8092     0.009341     0.006064    -8.522376    -5.936986
 666    9.8117     0.000575     0.000294     0.848126    -0.642307
 667    9.8133     0.008221     0.006837    -5.674317    -5.706490
 668    9.8154     0.010741     0.008101   -15.000048   -14.231054
 669    9.8196     0.001206     0.001872    -1.166786    -0.563513
 670    9.8211     0.000274     0.005039     2.614600    21.425792
 671    9.8229     0.000616     0.002827    -0.735542     3.931998
 672    9.8265     0.001859     0.000878    -1.992012    -0.916629
 673    9.8331     0.000454     0.000427    -1.683102    -1.635558
 674    9.8349     0.000292     0.000493    -4.661707    -2.091403
 675    9.8369     0.000757     0.000042     4.037243    -0.874200
 676    9.8389     0.002792     0.002501     1.779569     1.386711
 677    9.8475     0.002858     0.002402     0.572135     0.548231
 678    9.8486     0.001194     0.000691     0.577362     0.396771
 679    9.8498     0.000962     0.000570     1.703283     1.048078
 680    9.8515     0.000281     0.002511     1.808828     5.481802
 681    9.8554     0.000194     0.000401     1.038073    -1.532383
 682    9.8602     0.000156     0.000234     0.336287     0.022436
 683    9.8612     0.000382     0.000049    -3.117983    -1.034420
 684    9.8627     0.001134     0.001869     2.074424    -8.337405
 685    9.8648     0.000179     0.000141     0.115365    -0.006350
 686    9.8658     0.000259     0.000043    -1.280260    -0.628888
 687    9.8688     0.001276     0.000759    -6.881688    -5.307511
 688    9.8689     0.000365     0.000056    -0.023332    -0.324865
 689    9.8703     0.000097     0.000165     0.055534     0.013511
 690    9.8705     0.000170     0.000068     0.140607     0.144397
 691    9.8760     0.000260     0.000146    -2.277951     1.527728
 692    9.8802     0.004506     0.001771    -7.729979    -4.782906
 693    9.8806     0.002990     0.000317    -1.263816    -0.009123
 694    9.8829     0.005714     0.003548     0.286292     0.570011
 695    9.8859     0.002459     0.002561    -0.113284     1.991223
 696    9.8861     0.000400     0.000287     0.563408     0.521799
 697    9.8929     0.000591     0.000523     2.531793     2.330858
 698    9.8945     0.000039     0.000698     0.569656    -1.740090
 699    9.8972     0.001095     0.001563     8.944258    10.188974
 700    9.8975     0.000011     0.001526    -0.132523    -4.804248
 701    9.9004     0.000252     0.000423     2.218190     2.752453
 702    9.9056     0.000120     0.000078     0.846397    -0.480074
 703    9.9105     0.006586     0.004242     2.123573     1.681371
 704    9.9124     0.000538     0.000142    -7.598252    -3.657114
 705    9.9136     0.000228     0.000276     0.069069     0.229482
 706    9.9171     0.000633     0.000254     4.111177    -2.605948
 707    9.9198     0.000036     0.000366     0.151808     0.029561
 708    9.9217     0.001197     0.002085     4.889405     6.769763
 709    9.9238     0.002903     0.000540    -9.728299    -3.989031
 710    9.9271     0.005371     0.001183    -2.536356    -1.197470
 711    9.9277     0.000317     0.000180    -0.962082    -0.958725
 712    9.9301     0.003546     0.001251    -1.192214    -8.816026
 713    9.9309     0.001222     0.001377    -2.547413    -3.276670
 714    9.9324     0.003370     0.001294    14.636989     4.716244
 715    9.9354     0.002044     0.002581     9.086813     4.524193
 716    9.9377     0.000579     0.000199    -2.315749    -1.002197
 717    9.9390     0.006106     0.002239   -11.913531    -7.720042
 718    9.9408     0.000618     0.000252    -2.125345    -1.121448
 719    9.9424     0.002405     0.004645    -7.569491   -10.870187
 720    9.9442     0.004646     0.004260   -14.601315   -13.458010
 721    9.9502     0.005049     0.005644   -22.270290   -10.876261
 722    9.9539     0.008709     0.008595    21.842034    21.255144
 723    9.9572     0.011342     0.015323    -2.295949    -1.009467
 724    9.9624     0.002909     0.003877   -10.198971   -10.435594
 725    9.9667     0.002551     0.003420   -11.529523   -13.415690
 726    9.9681     0.001573     0.001283     1.128691     6.764918
 727    9.9730     0.000082     0.000078     1.123119     1.030121
 728    9.9733     0.001723     0.006692    -1.586037   -25.133352
 729    9.9767     0.004868     0.004504     7.443634    28.742465
 730    9.9821     0.000384     0.000026     1.326866     0.406600
 731    9.9828     0.000609     0.000498    -2.096161    -2.099316
 732    9.9837     0.009090     0.005847    22.570478    17.979601
 733    9.9854     0.002852     0.002234     7.518120     1.475766
 734    9.9868     0.000258     0.000172    -0.440616    -0.547680
 735    9.9945     0.004655     0.004024     5.015131     4.574052
 736    9.9976     0.017757     0.009528     0.028879     0.419483
 737    9.9982     0.002386     0.000425    -8.872281    -1.092108
