$coord
          9.427286015328          1.502566060949          1.410887871657     c 
          9.432922837553         -0.358581968443         -0.432632175950     c 
          7.235978088978         -1.640168289187         -1.015831106386     c 
          4.972232705178         -1.062031493464          0.213621520668     c 
          2.652515329673         -2.453095856929         -0.328212319354     c 
          2.767756305948         -5.067753794587         -0.496486534123     c 
          0.609521071527         -6.527805426729         -0.516145279921     c 
         -1.793804106361         -5.408286835903         -0.223409873777     c 
         -3.981727857279         -6.882660037034         -0.044033383441     c 
         -6.331989709736         -5.746957226672          0.245388644379     c 
         -6.538578077806         -3.165677629475          0.381429983569     c 
         -4.382556623250         -1.584591830051          0.218176346563     c 
         -4.549552320110          1.099912547842          0.381287743449     c 
         -6.790078405426          2.367593919095          1.123085596324     c 
         -6.936875903207          4.959791318363          1.106827839178     c 
         -4.895421372951          6.407618314772          0.324630894464     c 
         -2.619731966782          5.248693549231         -0.396332910731     c 
         -0.544865898585          6.685915788647         -1.234278981728     c 
          1.646792269658          5.501081740564         -2.052064286444     c 
          1.895953807658          2.923711173325         -1.887503627817     c 
         -0.062035835089          1.401646051773         -0.846210697694     c 
          0.223526496031         -1.229731402999         -0.416663617322     c 
         -1.982406406775         -2.726642844959         -0.129172270915     c 
         -2.414115823422          2.567701446836         -0.287954803536     c 
          4.996457340391          0.810376991857          2.082352885944     c 
          7.202554110927          2.071072378948          2.670712923934     c 
         11.148757250452          2.499548208581          1.865574000580     h 
         11.160940438173         -0.807005049661         -1.423724199672     h 
          7.246193053386         -3.058550459240         -2.484967065209     h 
          4.594270409205         -5.981384739927         -0.483873367271     h 
          0.742789241922         -8.561672015428         -0.617918776374     h 
         -3.824599471829         -8.914294925328         -0.157089045445     h 
         -8.007185137530         -6.909012386533          0.356984267958     h 
         -8.387224969095         -2.331536351400          0.568348748804     h 
         -8.402159771994          1.290284600001          1.746824611772     h 
         -8.661514769110          5.881661718601          1.694838305845     h 
         -5.028380336370          8.443641604884          0.282821559026     h 
         -0.718434013426          8.717328901910         -1.320681975103     h 
          3.166709783325          6.615128180739         -2.837806317207     h 
          3.561812194405          2.027049163785         -2.639127072779     h 
          3.276265671212          1.233721652314          3.096024611761     h 
          7.190912999402          3.505037285798          4.123667441070     h 
$end
