           2           1   1.01799793694989     
           3           1  7.232808035095144E-003
           3           2   1.58134015101886     
           4           1  1.380677980587176E-002
           4           2  1.675535364028216E-002
           4           3   1.16251079499940     
           5           2  2.386446812848557E-002
           5           3  2.584684898160657E-002
           5           4   1.23878916344774     
           6           2  7.908140679493718E-003
           6           3  1.587062206770874E-002
           6           4  4.385365999213437E-002
           6           5   1.04417137090976     
           7           2  2.852740390990059E-003
           7           4  1.501782114941464E-002
           7           5  1.631231311199502E-002
           7           6   1.31259002279768     
           8           4  8.817521105306304E-003
           8           5  1.178764210674891E-002
           8           6  6.757969909853845E-003
           8           7   1.48417141086518     
           9           2  6.077699928935823E-003
           9           3  2.709432086535819E-003
           9           4  2.427837970762665E-002
           9           5  1.123086832817168E-002
           9           6  6.252568040793752E-002
           9           7  9.789898655401448E-003
           9           8   1.37591096652882     
          10           4  5.407685286845329E-003
          10           5  1.066114984525017E-002
          10           6  4.803702323488663E-003
          10           7  8.745888827615918E-002
          10           8  2.536004399996519E-003
          10           9   1.38157485168042     
          11           2  3.315905879604719E-003
          11           3  2.392294734684826E-003
          11           4  2.080615144411423E-002
          11           5  1.610232520469003E-002
          11           6   1.26214358962723     
          11           7  7.728873452613523E-003
          11           8  8.468342891194106E-002
          11           9  1.121046017958413E-002
          11          10   1.46377401125720     
          12           5  4.924787559142676E-003
          12           6  4.225151026147752E-003
          12           7  9.109719463128307E-003
          12           9  1.265514247727952E-002
          12          10  4.596665502513583E-003
          12          11  0.964492866037591     
          13           4  2.447773777964297E-003
          13           6  3.584237599886460E-003
          13           8  2.576042990176436E-003
          13          10  1.230717852388202E-002
          13          11  4.309516216834391E-003
          13          12  0.949195257115030     
          14          11  7.310470968337192E-003
          14          12  3.932653637730432E-003
          14          13   1.40847417918432     
          15          12  1.154577715347374E-002
          15          13  2.241471109164545E-003
          15          14   1.44449388056528     
          16          13  0.109372342479834     
          16          14  2.268075110862218E-003
          16          15   1.43679875892284     
          17          12  1.155222332919103E-002
          17          13  2.241487083700257E-003
          17          14  0.111086351424473     
          17          15  2.012434000537730E-003
          17          16   1.43701229290880     
          18          10  2.047866558209896E-003
          18          11  4.029800404244153E-003
          18          12  3.941966089120182E-003
          18          13   1.40854915599955     
          18          14  2.965573244029211E-003
          18          15  0.111025895216134     
          18          16  2.269959441594784E-003
          18          17   1.44430628303407     
          19           6  6.340614585372151E-003
          19          10  2.720991546541107E-003
          19          11  2.492954148296163E-003
          19          12  0.974927252703016     
          19          13  2.291113760883858E-003
          19          14  8.807521940071077E-003
          19          16  4.121081515508025E-003
          19          18  8.831149171307836E-003
          20          11  9.977073320962549E-003
          20          12  4.340520226488487E-003
          20          13  2.349502340600173E-003
          20          19   1.41945239201147     
          21          12  1.191310652128187E-002
          21          19  2.226894157915428E-003
          21          20   1.43598760461557     
          22          11  3.632953991137360E-003
          22          19  0.109853018831967     
          22          20  2.307344595638982E-003
          22          21   1.44456029920916     
          23          12  1.093678625234897E-002
          23          19  2.150100465480969E-003
          23          20  0.109666538983693     
          23          21  2.015665150843650E-003
          23          22   1.43089048763434     
          24          11  7.455812841268269E-003
          24          12  3.608754604628447E-003
          24          13  6.858828843839614E-003
          24          19   1.39451155205624     
          24          20  2.859994873428104E-003
          24          21  0.111684888907402     
          24          22  2.209522626382815E-003
          24          23   1.45168642574939     
          25           2  3.182965982056003E-003
          25           3  2.045596032539192E-003
          25           4  2.081471142863646E-002
          25           5  1.609593040244033E-002
          25           6  1.693159926273630E-002
          25           7  3.781827513883202E-003
          25           8  4.389506884396000E-003
          25           9  7.744496378298736E-003
          25          10  9.524369882249644E-003
          25          11  1.051012353805017E-002
          25          12  0.964475926478489     
          25          13  4.390424238420055E-003
          25          14  4.074731218769679E-003
          25          18  7.348295709367775E-003
          25          19  2.456577670694141E-003
          25          20  9.936745159731798E-003
          25          22  3.582331203471815E-003
          25          24  7.390099424503896E-003
          26           4  5.401188139389270E-003
          26           5  1.066475941637947E-002
          26           6  3.488327187448256E-003
          26           9  2.085873924486538E-003
          26          11  9.506652503886230E-003
          26          12  4.601008825121205E-003
          26          13  1.230511883768040E-002
          26          14  2.037300426836493E-003
          26          19  2.731482095422862E-003
          26          25   1.46368899662240     
          27           2  6.089840826478001E-003
          27           3  3.020640408995706E-003
          27           4  2.428037741374318E-002
          27           5  1.122316868539378E-002
          27           6  1.808255425257392E-002
          27           7  5.483987785888853E-003
          27           8  4.396768993362636E-003
          27           9  1.497604313212744E-002
          27          10  2.090828914490729E-003
          27          11  7.737523995038784E-003
          27          12  1.264860350256461E-002
          27          25  1.121464965782669E-002
          27          26   1.38158688348874     
          28           3  2.455037113949280E-003
          28           4  8.829644090493955E-003
          28           5  1.178287441031727E-002
          28           6  3.405729394477438E-003
          28           7  2.060959692581061E-003
          28           9  4.403926946578322E-003
          28          11  4.383055662417142E-003
          28          13  2.576798141828353E-003
          28          25  8.468389983999154E-002
          28          26  2.536626389682592E-003
          28          27   1.37586725525102     
          29           2  3.380995622790395E-003
          29           3  5.310944797734592E-003
          29           4  1.500404117766864E-002
          29           5  1.630097540257633E-002
          29           6  1.811440912003655E-002
          29           7  3.694889137656963E-003
          29           8  2.056595639252917E-003
          29           9  5.475664148540071E-003
          29          11  3.776427993039860E-003
          29          12  9.114714076016822E-003
          29          25  7.725996140694961E-003
          29          26  8.745332883384722E-002
          29          27  9.778749632836361E-003
          29          28   1.48412301403872     
          30           2  8.060641836175362E-003
          30           3  7.764268564908129E-003
          30           4  4.386474482597180E-002
          30           5   1.04401432148888     
          30           6  2.493201508241804E-002
          30           7  1.812646281550368E-002
          30           8  3.398184434193175E-003
          30           9  1.808540523695422E-002
          30          10  3.495934458206432E-003
          30          11  1.691353313008033E-002
          30          12  4.229572126376682E-003
          30          13  3.580147833068033E-003
          30          19  6.343119997485376E-003
          30          25   1.26217370507527     
          30          26  4.805640578836404E-003
          30          27  6.253271342016027E-002
          30          28  6.769476696476398E-003
          30          29   1.31270926331446     
          31           2  4.516922011404860E-002
          31           3  1.914479989527760E-002
          31           4   1.16247176462004     
          31           5  2.584654717554148E-002
          31           6  7.777300442836884E-003
          31           7  5.308622521262198E-003
          31           8  2.450694086630102E-003
          31           9  3.025153358832793E-003
          31          11  2.049822826727257E-003
          31          25  2.393704175958387E-003
          31          27  2.714434625756205E-003
          31          30  1.587247408112977E-002
          32           1  9.736583904358781E-003
          32           2  8.058054360806173E-003
          32           3  4.518761395700330E-002
          32           4  1.674326835892116E-002
          32           5  2.384861320435874E-002
          32           6  8.057612863227990E-003
          32           7  3.382746429979497E-003
          32           9  6.081812998186972E-003
          32          11  3.177176084508197E-003
          32          25  3.313756385197014E-003
          32          27  6.071003465997194E-003
          32          29  2.846048373965212E-003
          32          30  7.905361996575018E-003
          32          31   1.58127443388452     
          33           2  9.740598499393321E-003
          33           4  1.380674506207088E-002
          33          31  7.233306300891813E-003
          33          32   1.01798908113021     
          34           1  6.068207205076606E-003
          34           2   1.19243919302043     
          34           3  3.941285563648161E-002
          34           4  1.486356879141891E-002
          34           5  3.339929028656565E-002
          34           6  2.025990349204541E-002
          34           7  6.153510254297323E-003
          34           8  4.931004965651033E-003
          34           9  1.572269423284464E-002
          34          10  3.187854378704576E-003
          34          11  6.790197601304302E-003
          34          25  6.796090989689819E-003
          34          26  3.180149259178259E-003
          34          27  1.572822031034852E-002
          34          28  4.945819734830043E-003
          34          29  6.145812735547628E-003
          34          30  2.026093271499389E-002
          34          31  3.944153429032282E-002
          34          32   1.19257183776189     
          34          33  6.070117425566610E-003
          35           1  1.058736954735431E-002
          35           2  3.712411046776620E-002
          35           3  4.316361309156807E-002
          35           4  2.810052024558621E-003
          35           5  4.244796820880789E-002
          35           6  6.801296315212237E-003
          35           7  6.184193337671388E-003
          35           9  8.220768896619556E-003
          35          11  6.244777881731477E-003
          35          25  6.243268312516471E-003
          35          27  8.218517005120740E-003
          35          29  6.177228844007155E-003
          35          30  6.799482162414233E-003
          35          31  4.318415850041409E-002
          35          32  3.713155638537186E-002
          35          33  1.057369933879943E-002
          35          34   1.15348988265041     
          36           1  0.978591757094289     
          36          34  8.075615528590598E-003
          37           1  0.965752309831102     
          37           3  1.318424234445321E-002
          37          35  4.905083332057966E-003
          38           1  0.965530538171834     
          38           3  1.303860492773952E-002
          38          35  4.220810203847324E-003
          39           3  0.960622584782335     
          39          29  2.262040609213143E-003
          39          31  8.537274599055898E-003
          39          34  1.080688322046550E-002
          39          35  2.954470116285753E-003
          40           7  0.967778193464636     
          40           9  1.109715670761709E-002
          40          11  8.870053815788627E-003
          41           6  1.079580817402429E-002
          41           8  0.971594494347389     
          41          10  1.038615807164109E-002
          42           7  1.011389636813117E-002
          42           9  0.973615513847974     
          42          11  9.850854434671553E-003
          43           6  1.040011559401357E-002
          43           8  1.045407688785134E-002
          43          10  0.965945827772393     
          44          14  0.966752382403738     
          44          16  1.068406715396905E-002
          44          18  9.770549793143677E-003
          45          13  1.046073913642096E-002
          45          15  0.972373665658649     
          45          17  1.064422798228493E-002
          46          14  1.062091427415597E-002
          46          16  0.972860741538062     
          46          18  1.062239272881925E-002
          47          13  1.045775420791212E-002
          47          15  1.064538301579738E-002
          47          17  0.972373061833141     
          48          11  2.034818764300879E-003
          48          14  9.775392878696833E-003
          48          16  1.068220565991329E-002
          48          18  0.966734218172307     
          49          13  3.016767288361060E-003
          49          20  0.965889782677853     
          49          22  1.054571748141744E-002
          49          24  1.000733942559187E-002
          50          19  1.036371874687103E-002
          50          21  0.972536967230499     
          50          23  1.072796570447749E-002
          51          20  1.072489858090958E-002
          51          22  0.972885763029074     
          51          24  1.053043452754335E-002
          52          19  1.061661735396137E-002
          52          21  1.056082427541387E-002
          52          23  0.972426745312411     
          53          20  9.582468466404372E-003
          53          22  1.081005384109048E-002
          53          24  0.970197541506074     
          54          26  0.965983593946226     
          54          28  1.045433874493471E-002
          54          30  1.040187227556315E-002
          55          25  9.850329915040149E-003
          55          27  0.973613149907807     
          55          29  1.011422176099104E-002
          56          26  1.038636503722153E-002
          56          28  0.971593768050634     
          56          30  1.079549176777923E-002
          57          25  8.869085648186621E-003
          57          27  1.109741943557413E-002
          57          29  0.967772273085458     
          58           3  8.532986018673137E-003
          58           7  2.257372322394608E-003
          58          31  0.960630965297813     
          58          34  1.080541153282867E-002
          58          35  2.955489783523136E-003
          59          33  0.978593428596781     
          59          34  8.074151602235503E-003
          60          31  1.303258008116081E-002
          60          33  0.965542214728916     
          60          35  4.225975548343366E-003
          61          31  1.318660358167728E-002
          61          33  0.965754707852243     
          61          35  4.878638176032711E-003
