 NM
 VELO
 MMASS
   694.876999999998     
 LFAKTOR
  0.5
 RFAKTOR
  1.0
 WIDTH
  0.20
 SHIFT
  0.00
 DATXY
   1    2.4524     0.099201     0.072650   -79.453213   -58.090636
   2    2.7820     0.028634     0.012798     1.487554     0.534784
   3    3.3128     0.061315     0.257735    38.960891   -32.897460
   4    3.6426     0.177318     0.024574   -18.851438   -14.929067
   5    3.8401     0.045175     0.025380    21.950246    72.355965
   6    3.9013     0.068326     0.005238    93.276182    53.063117
   7    4.1630     0.035757     0.044798   104.376790   168.431132
   8    4.2190     0.012462     0.003176    43.920872    15.656265
   9    4.2252     0.227428     0.074460    69.198856    23.625386
  10    4.2595     0.085502     0.021943  -186.563557  -157.157207
  11    4.2719     0.390327     0.091916   242.949247   198.755349
  12    4.3161     0.033357     0.003598  -104.082904   -53.014053
  13    4.3452     0.032952     0.006488  -202.370138  -128.558284
  14    4.3790     0.494814     0.110169   189.221485   135.437199
  15    4.4672     0.536122     0.103985    34.122526     3.322928
  16    4.6447     0.062488     0.017575     7.044493     7.661236
  17    4.6575     0.103877     0.020589    69.758772    41.673638
  18    4.7006     0.144371     0.035723    -5.409033    -7.253211
  19    4.8657     0.014276     0.010030    -3.324883    -1.112276
  20    5.0566     0.589755     0.117565  -146.728102  -102.177126
  21    5.0895     0.173971     0.022234   -10.485992    -4.831678
  22    5.1446     0.008526     0.002312    -4.272659    -7.268534
  23    5.1671     0.009051     0.001008    10.785435     2.430494
  24    5.1697     0.008004     0.002470    -7.543572     4.628974
  25    5.2133     0.017914     0.002745   -20.527408     3.097279
  26    5.2582     0.003672     0.000006    26.253560     7.429547
  27    5.3001     0.004987     0.011079    -3.331731   -11.868072
  28    5.3705     0.082777     0.015746    63.001814    61.820162
  29    5.3780     0.020108     0.001065    47.905262    17.801427
  30    5.4713     0.006028     0.007869    -0.071376    -0.421390
  31    5.4734     1.025439     0.207616  -130.358071   -98.300668
  32    5.4996     0.164522     0.020937    25.891802    19.364930
  33    5.5470     0.029418     0.000186   -59.279958   -22.513116
  34    5.5761     0.006453     0.000526     4.859313     4.254671
  35    5.5887     0.011433     0.002413    20.160767    13.478318
  36    5.6361     0.077220     0.017125   167.285978    95.006621
  37    5.6404     0.057897     0.021056    34.671864    26.071969
  38    5.6550     0.070435     0.015983   140.556368   115.854936
  39    5.6761     0.020487     0.004099     4.920794     2.074706
  40    5.7386     0.003891     0.008905   -10.465957    13.489187
  41    5.7508     0.563065     0.083449  -265.666903  -163.951754
  42    5.7678     0.004712     0.001449    -2.114829    -3.469620
  43    5.8260     0.082704     0.017381   -30.456876   -15.476814
  44    5.9169     0.104660     0.019779   -16.598666    -4.871771
  45    5.9225     0.019453     0.002135     6.325774     3.736080
  46    5.9310     0.123760     0.022240    29.612727    16.656642
  47    5.9512     0.011043     0.000214   -18.342850    -7.653307
  48    5.9980     0.006592     0.003715    21.898328     9.993314
  49    6.0130     0.068641     0.009733   111.684538    64.606164
  50    6.0316     0.084548     0.017117  -185.175875  -138.182870
  51    6.0712     0.122992     0.025266   -18.100734   -16.092129
  52    6.0863     0.003067     0.000921    27.401386    34.800666
  53    6.1735     0.009837     0.000356    -8.225516    -9.209087
  54    6.1991     0.018151     0.003741   -20.778946    -9.280266
  55    6.2029     0.109867     0.022292    48.055074     7.631958
  56    6.2415     0.007507     0.008836   -11.822013   -27.438272
  57    6.2851     0.000814     0.000081    -7.843868     0.228924
  58    6.3255     0.049240     0.012022    28.050616    17.431595
  59    6.3725     0.050138     0.015378     3.041676    -9.275813
  60    6.3933     0.001080     0.039427    16.759485   101.479518
  61    6.4192     0.162571     0.044713   101.587301    66.766847
  62    6.4502     0.000314     0.000852    -0.500775    -0.648240
  63    6.4609     0.005289     0.003351    -4.778315    -3.233190
  64    6.4749     0.021218     0.048960  -118.408712  -192.956696
  65    6.4972     0.004409     0.001507    18.097802    -6.306124
  66    6.5090     0.027496     0.015767    63.739691    66.357309
  67    6.5199     0.066233     0.011656   -24.243571   -15.135711
  68    6.5451     0.000251     0.000071     2.878264     1.620226
  69    6.5703     0.024714     0.019223    -2.308332    -2.018676
  70    6.5759     0.015903     0.010263   -52.031693   -53.783238
  71    6.6053     0.002377     0.000044    -9.476450    -1.432778
  72    6.6537     0.114979     0.027836    55.871901    36.262960
  73    6.6926     0.011684     0.002992    28.770836    20.962474
  74    6.7074     0.019043     0.007560    44.708160    44.532613
  75    6.7173     0.651611     0.188912   903.132631   644.633460
  76    6.7238     0.296206     0.085394  -556.612748  -407.687880
  77    6.7349     0.157384     0.033366  -118.469606   -83.509391
  78    6.7432     0.006070     0.006005     5.791900    -0.246575
  79    6.7506     0.226881     0.071270   144.734986    92.508273
  80    6.7674     0.010575     0.005467    -9.026372    -2.066430
  81    6.7720     0.494608     0.126512  -488.303105  -330.720620
  82    6.8165     0.000327     0.000252     1.269212     1.478573
  83    6.8672     0.129257     0.029120   -10.787431    -5.111196
  84    6.8694     0.035765     0.014529   -24.033639   -19.750252
  85    6.9183     0.001714     0.021815    -0.587445    -3.782890
  86    6.9205     0.026587     0.007733   -23.811493    -8.975075
  87    6.9321     0.353811     0.082034    57.220317    37.514620
  88    6.9367     0.001346     0.036213     8.961037    49.367411
  89    6.9474     0.124757     0.023174   112.002545    63.312646
  90    6.9587     0.005102     0.012967    18.630467    28.781670
  91    6.9736     0.038951     0.048186   110.637713   102.237000
  92    6.9866     0.180225     0.067389  -183.232174  -139.681559
  93    6.9878     0.022185     0.068311    -4.484718    71.788436
  94    7.0001     0.000009     0.000098     0.296872     1.934658
  95    7.0187     0.015071     0.006625   -79.647554   -49.363023
  96    7.0261     0.000936     0.000068    -3.378330    -0.888816
  97    7.0363     0.004709     0.010060   -10.413549   -24.069748
  98    7.0503     0.011324     0.011755   -41.846996   -54.249881
  99    7.0747     0.000989     0.005818    -9.742496   -41.712094
 100    7.0856     0.000051     0.000197    -1.352395   -10.896311
 101    7.0985     0.001321     0.013906    10.252398    33.283862
 102    7.1254     0.010612     0.000563    30.346818    10.546978
 103    7.1354     0.007956     0.006713   -11.740849   -12.670739
 104    7.1487     0.020735     0.029986   -13.209222   -30.377333
 105    7.1522     0.000222     0.000681    -2.335063     2.404491
 106    7.1758     0.052970     0.015883     0.916619     3.658757
 107    7.1824     0.006433     0.000944   -22.593157   -13.853746
 108    7.1856     0.003812     0.001146    14.489135    12.035816
 109    7.2008     0.006452     0.004048    31.933206    26.668275
 110    7.2098     0.002468     0.002539   -12.899079   -19.635519
 111    7.2128     0.014023     0.064298   -76.954598   -99.930790
 112    7.2259     0.006210     0.003460   -18.276389   -23.200805
 113    7.2444     0.016752     0.003244    41.638061    31.556160
 114    7.2504     0.004014     0.002396    12.327228    14.045402
 115    7.2562     0.018298     0.005358    47.339860    32.962055
 116    7.2756     0.044879     0.010325   -96.904283   -73.267769
 117    7.2934     0.050380     0.027754   111.492363    87.617130
 118    7.2984     0.030923     0.014714  -163.904880  -142.043101
 119    7.3099     0.023100     0.020979    13.356439    25.676295
 120    7.3134     0.007732     0.007153    -5.647903    -4.894280
 121    7.3367     0.017999     0.012932  -153.443881  -167.632903
 122    7.3550     0.009965     0.005682   -68.315295   -63.468084
 123    7.3574     0.169812     0.034331    97.522359    53.368759
 124    7.3681     0.065806     0.017321   107.133046    67.801068
 125    7.3859     0.038428     0.007939    -4.793541    -3.616052
 126    7.3909     0.042043     0.007860   -83.485447   -45.504096
 127    7.4095     0.046208     0.004369  -192.131039   -84.716782
 128    7.4238     0.484828     0.109409   772.458892   490.172971
 129    7.4264     0.077824     0.011744     2.145536     4.858527
 130    7.4311     0.048830     0.019907   -83.078417   -86.308581
 131    7.4394     0.008646     0.000495    14.177162     2.511750
 132    7.4493     0.087605     0.006061   158.930555    57.800526
 133    7.4623     0.163059     0.116577  -154.186326  -141.809731
 134    7.4772     0.039489     0.010375   -50.835924   -11.651186
 135    7.4802     0.012454     0.012434   -45.212739    44.554718
 136    7.5029     0.002244     0.002637    -6.113599     0.390419
 137    7.5045     0.000786     0.058439     5.321949    41.978766
 138    7.5302     0.011772     0.003651    43.667795     2.800273
 139    7.5305     0.004500     0.001097    -3.907558    -3.562099
 140    7.5388     0.180865     0.035087    -3.924302     3.084199
 141    7.5556     0.073747     0.020757   -55.042122   -43.631334
 142    7.5613     0.128733     0.040484    17.593484    16.270212
 143    7.5722     0.003067     0.000493   -22.814820    -1.411513
 144    7.5850     0.033233     0.014660    -4.958430    -3.884682
 145    7.5906     0.360439     0.092954    14.175975   -15.971516
 146    7.5935     0.083348     0.029374    11.498612    30.153652
 147    7.6172     0.000157     0.014780    -0.339651    36.853266
 148    7.6273     0.004955     0.008994   -61.838567  -123.441115
 149    7.6355     0.311236     0.097787    -4.750279     6.948875
 150    7.6367     0.112625     0.041450    15.211489    20.380841
 151    7.6538     0.004223     0.015665    24.418093    66.241132
 152    7.6604     0.208367     0.047395   -56.484693    37.269810
 153    7.6687     0.120608     0.065528    69.389588    40.130391
 154    7.6873     0.063321     0.002033  -117.735326   -45.029277
 155    7.6882     0.032206     0.016956   -76.919960   -76.780777
 156    7.7047     0.019661     0.008579    13.856610    18.286942
 157    7.7082     0.284099     0.061571  -120.085502   -87.567474
 158    7.7358     0.025021     0.011856   -49.923648   -23.041849
 159    7.7387     0.102851     0.013520   -51.836615   -30.753576
 160    7.7442     0.017749     0.005016    -5.055585   -12.057516
 161    7.7479     0.046296     0.000017  -109.014588   -20.062518
 162    7.7651     0.044346     0.030271    32.011287    34.285888
 163    7.7789     0.005999     0.020326   -25.135143   -49.584092
 164    7.7839     0.061722     0.053156    34.912459    33.409477
 165    7.7927     0.017524     0.015583     3.658453     3.298056
 166    7.7972     0.008431     0.008737     2.752500     7.953527
 167    7.8003     0.018048     0.014719    54.105284    54.945771
 168    7.8158     0.072850     0.029685  -139.092434  -102.052469
 169    7.8243     0.030728     0.061340   -15.722514   -28.414231
 170    7.8271     0.011419     0.035465    78.271284    42.671296
 171    7.8363     0.041281     0.033834    59.344209    40.685498
 172    7.8383     0.059025     0.003259   235.237026    10.718929
 173    7.8444     0.043060     0.004791    16.803590     8.580452
 174    7.8553     0.032725     0.047325   -60.145335    58.944985
 175    7.8798     0.074095     0.036527    -4.113002   -35.289798
 176    7.8916     0.017912     0.005695    95.692745    67.319995
 177    7.8968     0.251624     0.051000  -191.104149  -124.927317
 178    7.9014     0.002650     0.006859    -2.471214     3.557998
 179    7.9021     0.004798     0.001158   -13.668704    -7.547276
 180    7.9286     0.011757     0.010802   -10.431593    -0.083205
 181    7.9352     0.004053     0.000043    -8.996782    -1.917302
 182    7.9404     0.003283     0.000296     4.902469     1.989311
 183    7.9656     0.013789     0.000143    -9.669505    -1.573957
 184    7.9732     0.338756     0.070783   -64.099545   -42.805398
 185    7.9863     0.023494     0.004708    -1.672814   -15.460822
 186    7.9916     0.034638     0.000467    -8.039849    -1.911880
 187    7.9973     0.000070     0.000111     0.015784    -0.303693
 188    8.0145     0.041440     0.022198   -18.684680    -7.067957
 189    8.0180     0.006297     0.000047    22.741076     2.743868
 190    8.0379     0.020683     0.000439   -32.684141    -5.171900
 191    8.0449     0.065623     0.004972  -144.428520   -61.552887
 192    8.0527     0.083547     0.006717    73.654681    36.305627
 193    8.0563     0.051242     0.009131    45.313985    24.625125
 194    8.0626     0.010127     0.004366    -0.642773    -7.207131
 195    8.0872     0.011862     0.000377    31.618856    11.114811
 196    8.0932     0.096536     0.037899    47.605711    40.874094
 197    8.1029     0.006464     0.004306   -14.916969   -14.635140
 198    8.1111     0.020982     0.006751     7.912587    -6.680381
 199    8.1196     0.005076     0.021152    15.578175    25.369369
 200    8.1252     0.013441     0.004758    -8.136531    -7.104040
 201    8.1322     0.269931     0.078882   -27.397338   -24.019976
 202    8.1426     0.032173     0.010668     8.071001     5.863907
 203    8.1469     0.024877     0.007436    20.025840    12.272305
 204    8.1508     0.030122     0.019570    23.144914    24.890392
 205    8.1615     0.019921     0.000388   -41.177293   -10.743945
 206    8.1729     0.090374     0.024960    15.306587     1.931929
 207    8.1774     0.001035     0.000607    -0.050557    -0.941695
 208    8.1819     0.000115     0.008138    -3.134903   -25.616670
 209    8.1871     0.000215     0.002833    -1.909015     8.034516
 210    8.1937     0.051227     0.026312    32.729939    14.369456
 211    8.1956     0.019974     0.003053  -120.611296    38.065360
 212    8.2070     0.019538     0.013524    -5.297978    -1.906540
 213    8.2077     0.010581     0.007675     1.268830    -0.721507
 214    8.2297     0.038254     0.014158    54.079358    39.050069
 215    8.2301     0.028760     0.000193   -53.756375    -7.717057
 216    8.2461     0.072037     0.025974     7.147823     4.825892
 217    8.2496     0.002974     0.004508     6.377640    -6.900284
 218    8.2572     0.155806     0.061417    25.518283    12.721129
 219    8.2725     0.000780     0.006532     0.021079    -2.252555
 220    8.2746     0.033846     0.011477   -30.940654   -21.940426
 221    8.2821     0.037517     0.019221     1.564735     4.795933
 222    8.2921     0.000140     0.002424    -0.896707    -8.416076
 223    8.2957     0.005881     0.002505    11.261715     3.806017
 224    8.2993     0.006114     0.000561    25.766274    -2.181214
 225    8.3028     0.001635     0.001166   -14.695852   -19.058124
 226    8.3047     0.111256     0.020908   -22.023542     2.826376
 227    8.3068     0.002005     0.005228     3.161040     7.580509
 228    8.3152     0.011384     0.002095    11.489454     7.229689
 229    8.3176     0.020513     0.002482     3.468021     1.640342
 230    8.3292     0.044667     0.007196   119.038869    74.444052
 231    8.3301     0.082435     0.003151    47.780142    17.113983
 232    8.3408     0.079436     0.042062   -12.504881   -19.187112
 233    8.3433     0.030159     0.012447     7.388196     5.746928
 234    8.3488     0.023015     0.008342    29.953717    22.301704
 235    8.3650     0.103484     0.051618    10.922825    10.881840
 236    8.3674     0.010079     0.010062   -19.477779   -25.959551
 237    8.3796     0.073682     0.012850    -0.103994     1.983275
 238    8.3954     0.011102     0.004264     2.919826     2.524684
 239    8.3957     0.010305     0.004401     1.770356     1.918999
 240    8.4023     0.002533     0.000043   -16.565544    -0.689558
 241    8.4098     0.014827     0.001734    48.052092     5.851245
 242    8.4155     0.010515     0.004198    39.459619    31.169434
 243    8.4176     0.054986     0.017299   -19.948448   -11.648138
 244    8.4180     0.049942     0.015781   -18.578811    -9.334371
 245    8.4258     0.077151     0.017194   -26.257666    -9.869689
 246    8.4438     0.027900     0.004990   -56.405534   -30.128888
 247    8.4518     0.272516     0.103037   -47.369548   -42.873814
 248    8.4551     0.022747     0.002498    30.520087    12.907835
 249    8.4582     0.018137     0.003545    37.356754    28.396492
 250    8.4620     0.054317     0.140693    90.811490    32.395017
 251    8.4700     0.069494     0.023666   -22.346761   -12.234992
 252    8.4737     0.071515     0.025545   -26.506771   -17.816678
 253    8.4911     0.017526     0.012668     0.560508     0.447718
 254    8.4979     0.012783     0.004234   -14.562918    -7.851704
 255    8.5067     0.009382     0.000546   -16.716750    -5.274701
 256    8.5075     0.002223     0.008852     3.935262    10.525242
 257    8.5163     0.000966     0.002105    -2.340312    -1.212591
 258    8.5279     0.002058     0.003132    -3.179768     1.557315
 259    8.5381     0.074664     0.004892   -21.185147    -8.618868
 260    8.5459     0.005933     0.003081     4.484971     7.218545
 261    8.5497     0.006122     0.000527     5.752406     3.442237
 262    8.5584     0.009429     0.001404    -0.321278     0.345397
 263    8.5617     0.002380     0.012586    -5.002524    17.900095
 264    8.5687     0.010656     0.005432   -13.581134   -12.522384
 265    8.5703     0.003081     0.000882    -1.951222    -1.319307
 266    8.5748     0.009889     0.001471    -8.108143    -5.511248
 267    8.5864     0.003957     0.003571     2.497322     2.663937
 268    8.5871     0.003763     0.006871     2.913550     3.126616
 269    8.5892     0.005325     0.007807     0.286157     0.694916
 270    8.5958     0.021316     0.017257     8.712421     7.569329
 271    8.6058     0.002513     0.001701     0.441252    -3.626213
 272    8.6075     0.001214     0.005262     4.217171    -3.133170
 273    8.6162     0.035121     0.012474   -37.239984   -29.229429
 274    8.6184     0.001182     0.003653    -9.151247   -16.561991
 275    8.6232     0.005327     0.002740     1.344287    -0.241966
 276    8.6410     0.041085     0.015200   -23.622775   -11.543594
 277    8.6443     0.002978     0.000413    -8.196806    -5.427328
 278    8.6469     0.000049     0.006572     0.298202   -15.292974
 279    8.6601     0.064968     0.018528    42.564505    33.781957
 280    8.6676     0.113016     0.018046    -4.078836     3.413232
 281    8.6690     0.000111     0.004532     0.116249    -3.157643
 282    8.6845     0.003818     0.005579    -5.376395    -1.041629
 283    8.6973     0.018990     0.000163   -33.104810    -6.290774
 284    8.7046     0.000473     0.000141     1.213564    -0.605754
 285    8.7115     0.014835     0.000575   -11.504948    -4.301867
 286    8.7166     0.002680     0.001513    -2.238935     2.863430
 287    8.7237     0.000587     0.000283    -1.489557    -1.408809
 288    8.7297     0.019698     0.004650     6.405214     6.471312
 289    8.7311     0.040643     0.022316    69.138680    62.567482
 290    8.7328     0.025985     0.002489   -18.725404   -10.096229
 291    8.7345     0.019898     0.005958    -3.864226   -12.514656
 292    8.7398     0.014791     0.005999    -0.104549    -0.775125
 293    8.7492     0.009066     0.001313    -0.170605    -1.695103
 294    8.7497     0.007416     0.001438     0.735061    -0.032120
 295    8.7581     0.048452     0.028675    16.064203    12.731552
 296    8.7633     0.023333     0.008108    32.915475    25.230294
 297    8.7643     0.023553     0.005449    20.548225    14.927594
 298    8.7684     0.013696     0.014861   -26.081532   -33.900461
 299    8.7693     0.013518     0.001973   -17.644569    -5.977258
 300    8.7709     0.000351     0.001664     1.776771     4.590496
 301    8.7857     0.002827     0.006353   -10.381753   -12.644347
 302    8.7897     0.020370     0.008862    24.104875    17.376241
 303    8.7969     0.033499     0.000038    15.838728     3.909416
 304    8.8090     0.004897     0.001053    -5.030913     3.961378
 305    8.8129     0.007166     0.005857   -10.781831   -12.032422
 306    8.8161     0.010951     0.004683    -7.964830     0.143905
 307    8.8260     0.005922     0.003036     1.088660     2.404188
 308    8.8294     0.009408     0.004478   -10.844185    -7.287422
 309    8.8360     0.001908     0.001868     6.299018     5.042433
 310    8.8452     0.017176     0.005073   -17.180911   -13.252549
 311    8.8476     0.000938     0.001637    -0.714352     1.103670
 312    8.8501     0.027888     0.004259    14.528105     8.275276
 313    8.8571     0.000628     0.000813     0.772562     0.572187
 314    8.8572     0.000854     0.000381     1.327940     0.221679
 315    8.8642     0.005413     0.008638     0.350471    -4.952301
 316    8.8652     0.006520     0.000716    -2.437979    -1.367783
 317    8.8740     0.010860     0.000309   -10.950635    -3.224081
 318    8.8775     0.027590     0.003055    33.378423    12.373004
 319    8.8796     0.043177     0.021273   -37.767423   -33.715117
 320    8.8845     0.008884     0.000176     4.206406    -0.611683
 321    8.8858     0.006903     0.000924    -8.589967    -8.893289
 322    8.8958     0.062565     0.013743    27.013203    17.534605
 323    8.8996     0.008657     0.002308    20.418769    16.301080
 324    8.9144     0.018058     0.004302   -14.714032   -12.204091
 325    8.9154     0.012564     0.004180    -6.386109    -4.093038
 326    8.9200     0.071474     0.016858    51.807992    28.220287
 327    8.9291     0.000083     0.000022    -0.377892     2.762525
 328    8.9335     0.106293     0.025427    59.245032    40.561986
 329    8.9344     0.020139     0.005125     7.827056     5.447288
 330    8.9410     0.027914     0.003973    14.603088     9.072910
 331    8.9461     0.013231     0.003208    13.338121     8.118155
 332    8.9538     0.003707     0.000582    -5.115106    -1.498976
 333    8.9567     0.037322     0.008953    20.550675    13.116504
 334    8.9590     0.017135     0.006391    15.682562     4.618373
 335    8.9662     0.002991     0.000006   -11.537587    -3.109180
 336    8.9674     0.001051     0.000093    -6.987916    -4.847413
 337    8.9716     0.003979     0.001525     5.463745     3.690037
 338    8.9786     0.012876     0.000305    15.575214     5.891399
 339    8.9809     0.048205     0.013482     7.730161    -4.768136
 340    8.9821     0.050054     0.013473    37.968492    11.925117
 341    8.9899     0.014683     0.002188     5.004352     3.664302
 342    8.9984     0.017491     0.007491   -94.314607   -62.235213
 343    9.0083     0.000582     0.006483     2.910879    12.146518
 344    9.0143     0.001282     0.000792     0.136063    -0.339042
 345    9.0268     0.000749     0.000377     8.026070     1.386313
 346    9.0300     0.014854     0.016175   -36.535650   -38.705102
 347    9.0370     0.121171     0.033514  -108.880799   -64.777861
 348    9.0578     0.001065     0.000931     0.545020     0.502133
 349    9.0596     0.027881     0.003279    41.207033    17.426490
 350    9.0654     0.000487     0.000626     0.223919    -1.090675
 351    9.0708     0.019101     0.002038   -14.632299    -6.442314
 352    9.0782     0.003774     0.002239    -4.848967     3.971918
 353    9.0830     0.000980     0.000402    -0.573436    -0.167789
 354    9.0926     0.076994     0.043390   -24.687463   -27.663588
 355    9.0949     0.000398     0.000868     0.814666    -2.977401
 356    9.1062     0.028557     0.025488    61.814207    32.712133
 357    9.1197     0.013097     0.015323    -8.661436     2.455374
 358    9.1200     0.011549     0.012111   -12.652521    -1.996017
 359    9.1210     0.029762     0.007853   -43.731490   -29.508629
 360    9.1262     0.046970     0.020182   104.864001    75.232968
 361    9.1274     0.056267     0.012921   -65.766489   -41.930108
 362    9.1382     0.001706     0.000349    -7.882808    -4.846504
 363    9.1462     0.009896     0.010180   -27.532161   -32.932499
 364    9.1567     0.013871     0.000693    12.259156    -0.139719
 365    9.1587     0.024505     0.006886     3.528563     1.616008
 366    9.1647     0.000589     0.000011    -1.483033     0.427716
 367    9.1734     0.020980     0.002270     9.470563     5.756326
 368    9.1744     0.018708     0.000828   -32.645886    -4.932654
 369    9.1881     0.006664     0.002157   -27.090767    15.255953
 370    9.1964     0.004040     0.002090    -3.531587   -10.606514
 371    9.1970     0.004985     0.000658    14.557645     9.640128
 372    9.1986     0.032265     0.005456    87.686096    53.614622
 373    9.2105     0.013894     0.016205     2.371121     1.068377
 374    9.2159     0.010295     0.008925     2.178931    14.727409
 375    9.2224     0.240933     0.048266    75.088477    41.996419
 376    9.2307     0.060019     0.023051  -124.338027  -107.014008
 377    9.2352     0.058154     0.018224   -34.896992   -18.270481
 378    9.2469     0.001099     0.000035    -3.814224    -0.379519
 379    9.2511     0.003718     0.006456    -9.963642     3.408420
 380    9.2539     0.001331     0.001190    -2.898770     1.408227
 381    9.2551     0.010923     0.001541   -15.564360    -7.684843
 382    9.2630     0.003197     0.001604    -6.013803    -4.868581
 383    9.2714     0.014394     0.002240     1.039745     2.595228
 384    9.2729     0.054926     0.014423    26.951753    21.065568
 385    9.2784     0.017413     0.026574   -13.970727   -14.015744
 386    9.2798     0.012772     0.016601     7.625881     9.235935
 387    9.2826     0.002208     0.003690     1.696308    -1.263838
 388    9.2849     0.004798     0.022084    24.472597    24.152216
 389    9.2892     0.002125     0.000913    -2.612803    -3.900773
 390    9.2922     0.023004     0.007004    26.053780    14.385658
 391    9.2974     0.002961     0.001424     9.012080     8.440549
 392    9.3047     0.024430     0.005447   -11.733251    -7.166231
 393    9.3065     0.001477     0.000234    -0.253015    -0.473847
 394    9.3115     0.000962     0.001930    11.522385    19.398095
 395    9.3228     0.115818     0.031155    43.981778    30.927312
 396    9.3314     0.012694     0.001118     4.396159    -3.217043
 397    9.3320     0.004004     0.000536    10.238524    -4.710444
 398    9.3339     0.010865     0.002774    -4.796269     1.613103
 399    9.3359     0.005756     0.000623   -37.374830     9.570871
 400    9.3510     0.030825     0.014361     6.459976   -21.280568
 401    9.3520     0.023660     0.015624    -0.551222   -35.070986
 402    9.3570     0.074028     0.014025    40.990068    23.603014
 403    9.3636     0.004006     0.001565    -7.749175    -8.763560
 404    9.3664     0.001549     0.000304    10.140594     2.857331
 405    9.3809     0.000074     0.000641    -0.105756    -1.331615
 406    9.3836     0.003476     0.001652     5.356762    -1.674088
 407    9.3904     0.000703     0.001712     4.763945    10.949227
 408    9.3910     0.005831     0.004565    10.127384    17.268703
 409    9.3962     0.002357     0.003223     6.511408     9.939624
 410    9.4042     0.001596     0.001518     6.206755     8.371210
 411    9.4064     0.001184     0.005844    -5.445908     5.801053
 412    9.4149     0.002519     0.000729    -4.924558    -1.246917
 413    9.4191     0.000434     0.001620    -1.325728    -3.332059
 414    9.4223     0.004143     0.008134     4.718040     6.633756
 415    9.4278     0.002369     0.000629    -8.218706    -3.307223
 416    9.4356     0.000817     0.002958     3.774473    -9.151533
 417    9.4379     0.000697     0.000827    -3.138942     3.278223
 418    9.4455     0.000682     0.000185     4.578087     3.809778
 419    9.4602     0.017586     0.005641    -0.825265    -0.518245
 420    9.4614     0.012302     0.004691    -6.462514    -5.532592
 421    9.4689     0.001351     0.001049    -1.911838    -2.889546
 422    9.4710     0.004063     0.001031    -3.986501     0.616054
 423    9.4751     0.012494     0.007028    -2.960658    -3.829056
 424    9.4777     0.000248     0.001035    -0.090579     3.626773
 425    9.4813     0.000332     0.001580     1.156515     7.989547
 426    9.4915     0.008494     0.004173    10.815613     7.840368
 427    9.4995     0.012987     0.002402    -6.044111    -4.047382
 428    9.5070     0.054840     0.013353    28.718701    12.283275
 429    9.5211     0.000299     0.000341    -0.642962    -1.137411
 430    9.5236     0.001260     0.000148     6.442229     2.954653
 431    9.5257     0.012438     0.008494    -6.436158    -4.805703
 432    9.5321     0.005053     0.002807    -8.440530    -7.078926
 433    9.5378     0.001041     0.006173    -1.628966     3.211816
 434    9.5423     0.026429     0.027261   -29.898279   -39.802260
 435    9.5485     0.000138     0.001010     1.695389     4.371595
 436    9.5526     0.008786     0.011993    34.501114    43.361923
 437    9.5691     0.002315     0.003771    -7.178401   -10.048087
 438    9.5824     0.002933     0.024921   -11.618334    30.070936
 439    9.5832     0.000152     0.002386    -0.076900     2.125919
 440    9.5883     0.001865     0.001534    -3.932969    -1.828107
 441    9.5988     0.008154     0.008274    10.872050    10.097587
 442    9.6006     0.002446     0.001959     2.155087     7.651233
 443    9.6030     0.000153     0.000135     0.289397     0.543637
 444    9.6078     0.005282     0.000248     1.250202     0.431146
 445    9.6096     0.004638     0.001002   -16.941344   -10.254831
 446    9.6133     0.004675     0.001955    -9.463579   -13.048929
 447    9.6164     0.000638     0.001874    -0.981454     0.062048
 448    9.6198     0.001554     0.001040     6.483365    -2.716908
 449    9.6233     0.004339     0.000319    -5.933811     1.124401
 450    9.6266     0.009270     0.001984     2.654891     1.978850
 451    9.6319     0.000043     0.000702     0.182510    -0.401882
 452    9.6323     0.000013     0.000057    -0.046702     0.227870
 453    9.6378     0.003035     0.001105    -5.883600    -9.500285
 454    9.6419     0.005252     0.001930     8.000174    -1.842930
 455    9.6468     0.000336     0.000401     1.259162     1.428622
 456    9.6508     0.005708     0.000308   -12.082133     1.388531
 457    9.6520     0.008997     0.020436    10.250502    10.974541
 458    9.6592     0.005948     0.004667   -10.083228    -9.367855
 459    9.6606     0.008826     0.004321    -2.743024    -3.925855
 460    9.6700     0.016802     0.006648     7.602851     7.044912
 461    9.6702     0.005377     0.001345    -3.273449     1.070288
 462    9.6787     0.001729     0.000546    -7.107331     3.520316
 463    9.6809     0.000799     0.000138    -1.125275    -0.906189
 464    9.6833     0.005349     0.000775     1.926125    -4.035603
 465    9.6867     0.000490     0.000303    -3.677550    -2.710573
 466    9.6892     0.005936     0.002666     1.982604     0.149826
 467    9.6972     0.000691     0.000216     6.103543    -1.966125
 468    9.7107     0.000693     0.001160     1.187225     1.671125
 469    9.7116     0.000168     0.000242    -0.682864     0.707814
 470    9.7141     0.000577     0.005363     0.067207    -0.447474
 471    9.7178     0.013554     0.001709     4.769599     3.037907
 472    9.7243     0.000399     0.004075    -5.462039   -16.864269
 473    9.7256     0.001367     0.003247    -8.592518   -13.746206
 474    9.7282     0.003015     0.001259    -2.611774     5.020634
 475    9.7313     0.000125     0.000983     3.226728     8.233130
 476    9.7349     0.009684     0.000281    -5.456413    -0.321026
 477    9.7415     0.001175     0.003281    -7.583417   -13.702302
 478    9.7555     0.014441     0.004575   -17.833267   -11.607523
 479    9.7592     0.000458     0.000498    -1.832412     2.145242
 480    9.7604     0.000785     0.003047     1.525951     1.259227
 481    9.7642     0.002662     0.000778    13.399768     6.172850
 482    9.7659     0.002755     0.001006     7.417486     4.860016
 483    9.7690     0.012613     0.003607   -16.230441   -11.101842
 484    9.7733     0.000048     0.002626    -1.418688    15.038185
 485    9.7756     0.000164     0.000156    -1.127969     1.886466
 486    9.7773     0.004156     0.001952    11.779860    11.456376
 487    9.7852     0.001938     0.002574     6.468912   -10.203067
 488    9.7863     0.003001     0.000411     1.384049    -0.766905
 489    9.7903     0.000347     0.000081     0.368457     0.060312
 490    9.7924     0.009981     0.005447    -0.183652     1.592720
 491    9.7940     0.007657     0.001393    -0.360388    -0.342524
 492    9.7993     0.000226     0.000070     1.377504     0.997897
 493    9.8043     0.005399     0.001071    -8.585407    -2.814986
 494    9.8046     0.002562     0.004699    -4.751716    -6.612516
 495    9.8056     0.000465     0.000417     0.883172     0.610779
 496    9.8117     0.000085     0.000131    -1.056179    -1.907500
 497    9.8154     0.008049     0.004662     4.162981     3.208970
 498    9.8250     0.001213     0.000892    -5.796634    -5.880057
 499    9.8283     0.008228     0.004830    -8.463102    -7.335518
 500    9.8407     0.007713     0.000728   -36.177866   -10.687559
 501    9.8411     0.016779     0.007147    -3.990175     7.719545
 502    9.8454     0.000260     0.002228     0.743825    -2.110289
 503    9.8528     0.000345     0.000201    -2.307858     0.415156
 504    9.8591     0.002660     0.000312     3.327744     0.938837
 505    9.8633     0.006384     0.001518    12.050601     5.149229
 506    9.8651     0.002316     0.000018    -7.866483    -0.864462
 507    9.8659     0.004154     0.001264     0.754994     0.215354
 508    9.8699     0.007408     0.001545     0.615809     2.343545
 509    9.8725     0.005459     0.000389   -10.745367    -3.487269
 510    9.8737     0.005846     0.000799    34.815838    12.621072
 511    9.8824     0.000993     0.005984    -2.345484    -7.601414
 512    9.8896     0.001401     0.002911    -2.788984    -4.085532
 513    9.8973     0.001507     0.001206     4.150111     4.414791
 514    9.8981     0.005474     0.001085     1.318203     0.906235
 515    9.8991     0.018196     0.017437   -23.541490   -22.051632
 516    9.9040     0.005223     0.003686    -4.541631    -2.528505
 517    9.9095     0.007163     0.014391    -2.361824   -22.484806
 518    9.9163     0.001463     0.002187   -10.510800    14.882858
 519    9.9173     0.018874     0.004519    40.258754    21.951672
 520    9.9240     0.001298     0.000248     4.905139    -1.432528
 521    9.9307     0.026600     0.004920    10.847356    -3.590895
 522    9.9339     0.007162     0.003031   -14.312915   -10.617168
 523    9.9354     0.009396     0.000502   -28.557682    -6.793475
 524    9.9404     0.010231     0.004710   -33.245119    21.610589
 525    9.9440     0.011356     0.019962    13.558790    21.987670
 526    9.9448     0.028734     0.020591    26.806940    22.505152
 527    9.9504     0.001134     0.002458    -0.885587    -3.619912
 528    9.9544     0.025133     0.009048    -4.219295    -1.683108
 529    9.9564     0.024786     0.008109    -2.661107    -0.525107
 530    9.9611     0.001149     0.000827     0.540015    -0.270013
 531    9.9695     0.013086     0.000297    11.335908    -0.157077
 532    9.9711     0.010192     0.006446    24.455381    25.879408
 533    9.9734     0.000626     0.008663    -3.138209   -11.118047
 534    9.9758     0.013131     0.002681     4.460422     4.164116
 535    9.9770     0.016787     0.004663    13.450575     7.820966
 536    9.9777     0.017312     0.001499    16.466526     4.431350
 537    9.9824     0.003609     0.006294     7.516229    11.272303
 538    9.9835     0.005736     0.004056    10.109790     8.471469
 539    9.9884     0.001467     0.021330    13.406641    51.379268
 540    9.9932     0.000202     0.000849     1.544485    -1.544784
 541    9.9943     0.002581     0.011814    15.364947   -13.844811
 542    9.9961     0.008382     0.006385   -14.141104   -13.747962
 543    9.9996     0.006080     0.003767    -0.747368    -1.086161
