           2           1  0.893626086436738     
           3           1  3.184617420491526E-002
           3           2  0.877945880550105     
           4           1  3.199797859474104E-002
           4           2  0.894438962059143     
           4           3  3.183515442040889E-002
           5           1  1.660984637706320E-002
           5           2  0.966914287041505     
           5           3  1.702510695310334E-002
           5           4  1.662369821053738E-002
           6           1  3.428025199758464E-003
           6           2  6.948863288537373E-003
           6           3  7.983494539834214E-003
           6           4  7.368063306745627E-003
           6           5   1.41206541857887     
           7           2  1.075900646029355E-002
           7           5  2.288040437732080E-003
           7           6   1.45011115767587     
           8           3  3.575823602584205E-003
           8           5  0.104890358132574     
           8           6  3.032162605267149E-003
           8           7   1.39041973921305     
           9           5  2.147359246649864E-003
           9           6  1.004354116512236E-002
           9           7  7.928454040058833E-003
           9           8  0.982457723529885     
          10           5  4.490948815095366E-003
          10           7  1.303706458336920E-002
          10           8  9.428483324771629E-003
          10           9   1.22227011455109     
          11           9  6.515029819941851E-003
          11          10   1.06267567629078     
          12           9  1.434750585382426E-002
          12          10  4.901823170286207E-003
          12          11   1.37352414203867     
          13          10  1.154286371399658E-002
          13          11  2.147871503468792E-003
          13          12   1.46352657265962     
          14           9  7.303461366481398E-003
          14          11  9.740952448382661E-002
          14          12  2.146181236067985E-003
          14          13   1.38081816945827     
          15          12  1.150313185181606E-002
          15          13  3.931782378313579E-003
          15          14   1.04658163389487     
          16          11  6.815350980910213E-003
          16          13  1.934455434557244E-002
          16          14  3.979640563649215E-003
          16          15   1.38384822250660     
          17          14  1.140440685011760E-002
          17          15  2.359425663390415E-003
          17          16   1.45695919650471     
          18          11  4.244508092260963E-003
          18          13  6.703410809906080E-003
          18          15  9.824917102510973E-002
          18          16  3.086728391209806E-003
          18          17   1.38462107275947     
          19          15  2.260425297452638E-003
          19          16  1.029361922565405E-002
          19          17  8.061123389166588E-003
          19          18  0.985223739188097     
          20          15  4.520326554889967E-003
          20          17  1.646803723385750E-002
          20          18  9.810382769410481E-003
          20          19   1.23290235902473     
          21          19  6.185077902513741E-003
          21          20   1.06215378313323     
          22          19  1.461096148828901E-002
          22          20  4.422975850761759E-003
          22          21   1.37933920652031     
          23          20  1.127993108678813E-002
          23          21  2.081088603299968E-003
          23          22   1.45278449348772     
          24          19  7.849361890934121E-003
          24          21  0.104323646187043     
          24          22  2.154538805465542E-003
          24          23   1.43362091970565     
          25          20  1.086932164169910E-002
          25          21  2.041870677879351E-003
          25          22  0.107457452199837     
          25          23  2.064738329385281E-003
          25          24   1.42977835872791     
          26          19  2.010236826423625E-002
          26          20  4.785992687176425E-003
          26          21   1.37399353191509     
          26          22  2.272209603519171E-003
          26          23  0.107443482249603     
          26          24  2.128151530978493E-003
          26          25   1.45733324824717     
          27          17  4.157305252945472E-003
          27          18  1.043308890797563E-002
          27          19  8.071905952930748E-002
          27          20   1.40229287555548     
          27          21  6.072746964283560E-003
          27          22  2.205636080332932E-002
          27          24  8.651797946624202E-003
          27          26  1.704523810253811E-002
          28          18  8.039196743417286E-003
          28          19  3.423456498021769E-002
          28          20  4.795856629211288E-002
          28          21  1.356583313486825E-002
          28          22  5.672128853683924E-003
          28          24  3.947251768662637E-003
          28          26  5.226861984957793E-003
          28          27   1.19138975167269     
          29          19  9.377662420772006E-003
          29          20  1.069746868293547E-002
          29          27  5.730817794077079E-003
          29          28   1.07294281440861     
          30          19  3.229750027559979E-003
          30          20  5.411746893893453E-003
          30          27  1.511410996504255E-002
          30          28  4.725550923397249E-003
          30          29   1.37514351323255     
          31          28  1.168665692994551E-002
          31          29  2.093423739387353E-003
          31          30   1.45559340071767     
          32          19  2.254332013707314E-003
          32          20  3.977155950137225E-003
          32          27  4.269136607716341E-003
          32          29  0.102608082655276     
          32          30  2.438387737404342E-003
          32          31   1.43140791906971     
          33          28  1.124422003853881E-002
          33          29  2.056251721597501E-003
          33          30  0.107160738657640     
          33          31  2.055047270591612E-003
          33          32   1.43011839360221     
          34          19  3.461118246666011E-003
          34          20  5.195189018988106E-003
          34          27  9.973931719567505E-003
          34          28  4.030365557339831E-003
          34          29   1.37302988449454     
          34          30  2.743032565308242E-003
          34          31  0.106614002462209     
          34          32  2.398870560707385E-003
          34          33   1.45714388009708     
          35          15  3.635064007894174E-003
          35          17  1.019261221033758E-002
          35          18  9.769407958818957E-003
          35          19   1.16157913813866     
          35          20  4.949608137736556E-002
          35          21  1.062961916637059E-002
          35          22  5.240493603040103E-003
          35          24  3.809188009770716E-003
          35          26  5.348474422128474E-003
          35          27  4.131596117013540E-002
          35          28   1.45602002910212     
          35          29  6.117335083274326E-003
          35          30  2.361519024415567E-002
          35          32  1.468156994260199E-002
          35          34  2.995990463395999E-002
          36          19  5.065495270914705E-003
          36          20  9.525077796103103E-003
          36          27  1.062577980960246E-002
          36          28  6.158879812253089E-003
          36          35   1.05093664174205     
          37          19  1.464480047984875E-002
          37          20  3.655977584708563E-003
          37          27  2.600617685522726E-003
          37          28  1.921472309026697E-002
          37          35  4.777357957514898E-003
          37          36   1.37982252458753     
          38          35  1.097864467622058E-002
          38          36  2.015250125354852E-003
          38          37   1.45418191068888     
          39          19  4.291281892017743E-003
          39          20  2.177405806457602E-003
          39          28  9.276469835839688E-003
          39          36  0.106451543195410     
          39          37  2.232342883420471E-003
          39          38   1.43147551304740     
          40          35  1.094002660130242E-002
          40          36  2.034947154281898E-003
          40          37  0.108571869689418     
          40          38  2.063716738749725E-003
          40          39   1.43529565621655     
          41          19  1.065480137770044E-002
          41          20  3.548569103789266E-003
          41          27  3.042306040449390E-003
          41          28  2.368108747696353E-002
          41          30  2.126662157517253E-003
          41          35  4.200055405295948E-003
          41          36   1.38480955050012     
          41          37  2.417108080340457E-003
          41          38  0.107979958781188     
          41          39  2.238368510839743E-003
          41          40   1.44994912225766     
          42          14  1.137130633848722E-002
          42          15  2.364914119959506E-003
          42          16  0.104593433046935     
          42          17  3.341372117001272E-003
          42          18   1.38186851928467     
          42          19  7.829732953323443E-003
          42          20  1.238670484408836E-002
          42          27  3.879716781534991E-003
          42          28  2.054980170861420E-003
          42          35  1.474358262168647E-002
          43          11  6.778826998485375E-003
          43          13  1.621189647392269E-002
          43          14  3.993794171186414E-003
          43          15   1.38189424225647     
          43          16  2.410411532716943E-003
          43          17  0.104212691235721     
          43          18  3.062851636220934E-003
          43          19  1.029389212419108E-002
          43          42   1.45931004636952     
          44          10  1.110958560600781E-002
          44          11  2.130706240103243E-003
          44          12  0.101686050541849     
          44          13  2.484451303828579E-003
          44          14   1.37668518787315     
          44          15  3.918376066648923E-003
          44          16  1.637061878371556E-002
          44          18  6.754994199680079E-003
          44          43  1.928085844047849E-002
          45           9  1.983801407113361E-002
          45          10  5.502325084906790E-003
          45          11   1.36676555557361     
          45          12  2.156724102381062E-003
          45          13  0.101876027699625     
          45          14  2.117347273421357E-003
          45          15  1.142266786076127E-002
          45          44   1.46882595534429     
          46           7  3.652076017568756E-003
          46           8  9.565248279359765E-003
          46           9  8.375707066196292E-002
          46          10   1.41140692285410     
          46          11  6.429445679439947E-003
          46          12  2.126271342717923E-002
          46          14  7.817002549438217E-003
          46          45  1.662764251621118E-002
          47           8  8.356049984428363E-003
          47           9  3.255231889042211E-002
          47          10  3.431497660945991E-002
          47          11  1.337317780512224E-002
          47          12  3.833333718200029E-003
          47          14  2.399488301730731E-003
          47          45  3.408595371912177E-003
          47          46   1.18424337299161     
          48           9  7.254886402235167E-003
          48          10  1.679187565629142E-002
          48          46  9.396667467109300E-003
          48          47   1.16684173648200     
          49           9  3.984498452236130E-003
          49          10  4.774393741400139E-003
          49          46  9.435782848569798E-003
          49          47  3.212322361469379E-003
          49          48   1.32365726662166     
          50          47  1.977597489721744E-002
          50          48  2.034923205839093E-003
          50          49   1.50501399606179     
          51           9  3.045307996496830E-003
          51          10  4.264424232916763E-003
          51          46  3.950126813407839E-003
          51          48  7.890813483073143E-002
          51          49  2.335942237408596E-003
          51          50   1.36875635910157     
          52          47  8.436254266189486E-003
          52          48  2.670345359582361E-003
          52          49  0.109638434863922     
          52          50  2.203901330510014E-003
          52          51   1.49765619312535     
          53           9  4.639433252961281E-003
          53          10  6.728551737545581E-003
          53          46  1.515050301999135E-002
          53          47  4.468346976074599E-003
          53          48   1.28395047545349     
          53          49  3.108271698676297E-003
          53          50  8.252452301251076E-002
          53          51  2.781344707437759E-003
          53          52   1.34063274639918     
          54           9  1.538473327748351E-002
          54          10  7.611774715221469E-003
          54          46  3.457733969617399E-003
          54          47  3.813895671523025E-002
          54          48  3.201009862096474E-003
          54          49  9.488405612819681E-003
          54          51  2.062180687153466E-002
          54          52  3.207011730464766E-003
          54          53   1.13781153504886     
          55          48  2.017127673781387E-002
          55          50  8.616590266660090E-003
          55          52  2.411018658972680E-002
          55          53  2.972428305792927E-003
          55          54   1.34501753594785     
          56           9  4.087466560027155E-003
          56          10  4.677951170577854E-003
          56          46  2.145419732686403E-003
          56          47  1.768837731811783E-002
          56          51  3.249009482754662E-003
          56          53  2.065074419359797E-002
          56          54  2.675728916985299E-003
          56          55   1.49402017069731     
          57          48  1.075726029125954E-002
          57          50  7.119128827980659E-003
          57          52  8.510414333413735E-003
          57          54  8.287148402228520E-002
          57          55  2.117431157567417E-003
          57          56   1.37233901195910     
          58           8  2.000126714449854E-003
          58           9  9.307216177459054E-003
          58          10  5.008550367536839E-003
          58          46  3.691229734097456E-003
          58          47  2.928585115427594E-002
          58          49  3.238852994696209E-003
          58          53  9.246112205697618E-003
          58          54  2.995805460885686E-003
          58          55  0.108829287582970     
          58          56  2.250672940520634E-003
          58          57   1.50059552335888     
          59           9  1.035439607296649E-002
          59          10  1.453442499698655E-002
          59          46  7.741889730382620E-003
          59          47  5.111492522926146E-003
          59          48  2.647427424678209E-002
          59          50  1.084120120723946E-002
          59          52  2.018790265254843E-002
          59          53  3.560782097639798E-003
          59          54   1.27684169437371     
          59          55  2.760683465748986E-003
          59          56  8.023712079546913E-002
          59          57  2.196653697646326E-003
          59          58   1.32742144572592     
          60           5  3.298598042501278E-003
          60           7  1.341879450206257E-002
          60           8  1.092393671879549E-002
          60           9   1.14355901401859     
          60          10  3.775854511812767E-002
          60          11  9.946383895913537E-003
          60          12  3.587892112830795E-003
          60          14  2.458918842182372E-003
          60          45  3.793253362923426E-003
          60          46  3.727111127703701E-002
          60          47   1.36287533175290     
          60          48  4.901492755558482E-003
          60          49  2.914152664413119E-002
          60          51  1.756031666024196E-002
          60          53  3.779927239206345E-002
          60          54  4.863452599139744E-003
          60          55  8.333866065703617E-003
          60          57  1.967331756621452E-002
          60          58  3.537153196186201E-003
          60          59   1.16761824841518     
          61           2  1.070548668349328E-002
          61           5  2.259755425656019E-003
          61           6  0.107388503014801     
          61           7  3.511526954575532E-003
          61           8   1.38172241226279     
          61           9  7.772480471326646E-003
          61          10  1.635787993092848E-002
          61          12  2.041710847330019E-003
          61          46  4.016155138403967E-003
          61          58  2.527386108954361E-003
          61          60  9.471873570500677E-003
          62           1  7.461037078901940E-003
          62           2  6.940279237647520E-003
          62           3  8.100952181682266E-003
          62           4  3.255810204459122E-003
          62           5   1.40967561196906     
          62           6  2.364270854658890E-003
          62           7  0.107281893490073     
          62           8  2.989968925708461E-003
          62           9  1.007329736798343E-002
          62          61   1.45168892465372     
          63           1  8.907885819931228E-003
          63           6  0.968393192352832     
          63           8  1.040827429658200E-002
          63          62  9.686981869750250E-003
          64           5  1.059627749167612E-002
          64           7  0.968868903305854     
          64          61  9.286005501602161E-003
          65           8  2.666897266390406E-003
          65          12  0.966791828235423     
          65          14  1.061006348016717E-002
          65          45  9.841407454193809E-003
          66          11  1.064420786835884E-002
          66          13  0.968913980643249     
          66          44  9.672468782725192E-003
          67          16  0.968990356201834     
          67          18  1.046559875048683E-002
          67          43  9.627244349203328E-003
          68          15  1.059760453332234E-002
          68          17  0.968354745733002     
          68          42  9.304813057679518E-003
          69          18  2.716490633181974E-003
          69          22  0.967621272714981     
          69          24  1.067643172125766E-002
          69          26  9.865943384536065E-003
          70          21  1.058501084539066E-002
          70          23  0.972410797002044     
          70          25  1.066748697399708E-002
          71          22  1.061816111739148E-002
          71          24  0.973143994590343     
          71          26  1.053928973381874E-002
          72          21  1.079622777469938E-002
          72          23  1.059511145939707E-002
          72          25  0.972212291221291     
          73          22  9.396431942627818E-003
          73          24  1.085025844049018E-002
          73          26  0.969240160211347     
          73          27  3.416349359653053E-003
          74          30  0.968032622802699     
          74          32  1.073990628005777E-002
          74          34  9.871771206220186E-003
          75          29  1.064670614118508E-002
          75          31  0.972416082185603     
          75          33  1.064789944872632E-002
          76          30  1.059596579376620E-002
          76          32  0.973119592265931     
          76          34  1.055294997111932E-002
          77          29  1.079347869477868E-002
          77          31  1.061761374560649E-002
          77          33  0.972216252337605     
          78          27  5.072640006289091E-003
          78          30  9.480630676710171E-003
          78          32  1.084199813125555E-002
          78          34  0.968897244257702     
          79          37  0.969997224639372     
          79          39  1.079654920743071E-002
          79          41  9.603286019383027E-003
          80          36  1.062353263382720E-002
          80          38  0.972278377180727     
          80          40  1.059365334566725E-002
          81          37  1.055808744246096E-002
          81          39  0.973121250905376     
          81          41  1.061830914756866E-002
          82          36  1.053553211985335E-002
          82          38  1.066141145710595E-002
          82          40  0.972306203290839     
          83          37  9.747068660910796E-003
          83          39  1.069830151106010E-002
          83          41  0.968823993463929     
          84          15  1.063693524275757E-002
          84          17  9.251537726310677E-003
          84          42  0.968620872718147     
          85          16  9.601883210468946E-003
          85          18  1.048252223531494E-002
          85          43  0.969002197407552     
          86          11  1.086867169127120E-002
          86          13  9.623402377908711E-003
          86          44  0.968554939697781     
          87          12  9.330183913731442E-003
          87          14  1.079245423097405E-002
          87          45  0.968700437523402     
          87          46  3.027939214573115E-003
          88          46  3.437802429725323E-003
          88          49  0.968295934959115     
          88          51  1.132690859978422E-002
          88          53  9.695769513967712E-003
          89          48  1.132354338669095E-002
          89          50  0.972200769211033     
          89          52  1.014214033764296E-002
          90          49  1.007577113274220E-002
          90          51  0.972672349577399     
          90          53  1.106864082600835E-002
          91          48  9.700264646730263E-003
          91          50  1.097380533233201E-002
          91          52  0.962520357000657     
          92          55  0.962285166329355     
          92          57  1.096094283628994E-002
          92          59  9.735791371807736E-003
          92          91  4.987141270752107E-003
          93          54  1.110088475606991E-002
          93          56  0.972491809220853     
          93          58  1.018810901324591E-002
          94          55  1.023607188313814E-002
          94          57  0.972258785367676     
          94          59  1.119145395909361E-002
          95           8  3.991261622532554E-003
          95          54  9.921027374436547E-003
          95          56  1.111954193978181E-002
          95          58  0.963816888251711     
          95          61  4.238509419637876E-003
          96           5  1.066500575156206E-002
          96           7  9.361753179754691E-003
          96          61  0.970247620883288     
          97           4  9.886693915748349E-003
          97           6  9.625468070657938E-003
          97           8  1.044237970830981E-002
          97          62  0.968314398363687     
