$coord
         -2.864777115392          9.439554613818         -0.039460747953     c 
         -1.543171938043          6.945389951187         -0.046372209310     c 
          1.096227773816          6.831309740218         -0.092242641388     c 
          2.340209546109          4.554153932136         -0.076644158047     c 
          0.985466750179          2.273088250409         -0.007107404249     c 
         -1.666595327038          2.364229478743          0.003437125398     c 
         -2.873725106020          4.690914535661         -0.007514180572     c 
         -3.256843947252          0.004124239936          0.000345651864     c 
         -4.861914609201          0.011725206520         -2.389722694244     c 
         -3.614321738042          0.024030444198         -4.686912222038     c 
         -4.932185804896          0.026285551286         -6.952012698960     c 
         -7.560368510163          0.016528712547         -6.914135077396     c 
         -8.829815385929          0.006810141955         -4.652884019022     c 
         -7.511674255617          0.005365545547         -2.333849132980     c 
         -8.948854239221         -0.000800456408         -0.016263350626     c 
        -11.355621603086         -0.005371866472         -0.023316977010     o 
         -7.525182931906         -0.000456586915          2.309633181260     c 
         -8.856850162278         -0.002190193711          4.620932767922     c 
         -7.600632537550         -0.003871204913          6.889571747350     c 
         -4.972693829078         -0.004771584903          6.942855267443     c 
         -3.641608746712         -0.003094476837          4.685505838753     c 
         -4.875808923451          0.000896532331          2.381076382733     c 
         -1.675018016523         -2.361819676336          0.006842095561     c 
         -2.890266803055         -4.684270180212          0.004167534926     c 
         -1.568002557044         -6.943467549015          0.049879352122     c 
         -2.898677229362         -9.432730481767          0.028132555650     c 
          1.071368293387         -6.838908837099          0.117058759572     c 
          2.323414000335         -4.566108259474          0.116135980042     c 
          0.977174055358         -2.280222420049          0.040151154260     c 
          2.241935186584         -0.005887781742          0.023938246236     n 
          4.938355189834         -0.009323968837          0.036994046740     c 
          6.268463869758         -0.453604799106         -2.181338521717     c 
          8.877837657274         -0.444840284055         -2.151433937486     c 
         10.234734221877          0.001616811163          0.062661598423     c 
         13.106420842640         -0.001125884322         -0.014574539858     c 
         14.292346308523          0.535912136593          2.570471840297     c 
         13.999684148070          2.049358809328         -1.865444493175     c 
         14.023357052786         -2.605015396338         -0.911928333732     c 
          8.865040186951          0.436805329051          2.262993032477     c 
          6.249107677448          0.434238689681          2.262157598584     c 
         -2.190558577050         10.615504216931         -1.588018050764     h 
         -2.476761965699         10.439707352938          1.719231327612     h 
         -4.896033936906          9.196460447478         -0.220013621778     h 
          2.172142939316          8.564150862473         -0.144583221471     h 
          4.377104261667          4.513351154863         -0.125540176194     h 
         -4.915725203533          4.715597972317          0.008737891934     h 
         -1.570606661928          0.032478449328         -4.710200520204     h 
         -3.921164741171          0.035784034413         -8.723672705241     h 
         -8.612244782412          0.017544866449         -8.665424864031     h 
        -10.870971360378          0.000367661733         -4.567330640383     h 
        -10.897481423085         -0.002419412364          4.523402923293     h 
         -8.662731716282         -0.005322027823          8.634678907677     h 
         -3.972035514849         -0.007461495944          8.720408507906     h 
         -1.598073642140         -0.005479526662          4.720762320069     h 
         -4.932086597522         -4.701964836290         -0.029009582301     h 
         -2.493368272637        -10.435339164384         -1.725173657820     h 
         -2.247539709581        -10.610375117169          1.585247104941     h 
         -4.930995296376         -9.181926707998          0.184434054749     h 
          2.140622416349         -8.575704795269          0.174211522067     h 
          4.360046512783         -4.532358566434          0.180731347381     h 
          5.252995182712         -0.801694048023         -3.916960101444     h 
          9.862265287842         -0.791432347206         -3.902180941640     h 
         13.741080843953          2.388334378099          3.269966976053     h 
         13.758774216963         -0.895498127085          3.945489452633     h 
         16.341068108580          0.510906090851          2.398201839484     h 
         13.332423509635          1.687224704433         -3.772912735471     h 
         16.053875951136          2.111337640901         -1.906437799762     h 
         13.305644949569          3.893482535979         -1.276480861558     h 
         16.077968353372         -2.649219070271         -0.954836861799     h 
         13.334229543721         -3.038958875690         -2.796606465431     h 
         13.368681149763         -4.073243115687          0.370712571647     h 
          9.817549869190          0.787331023357          4.026940451911     h 
          5.219025675619          0.778643571982          3.990024097452     h 
$end
