$coord
         -2.962345843689        -10.505847142127          0.115113311825     f 
         -5.155773440519         -9.871952613590         -1.019673568032     c 
         -6.933323636284        -11.359034403064          0.002038320414     f 
         -4.919761760504        -10.586394704505         -3.442853369015     f 
         -5.725198456806         -7.105999211642         -0.747042106205     c 
         -7.309409258531         -6.266744881763          1.169117168181     c 
         -7.769086878795         -3.712296660455          1.440215617230     c 
         -6.645881550670         -1.992759042911         -0.205769271275     c 
         -7.120362667470          0.594911364339          0.047494039921     n 
         -5.376627228761          2.523611198525          0.136163845962     c 
         -2.652522507157          2.197418735355          0.169730411146     c 
         -1.150662797523          4.056302309561         -0.944279544163     c 
          1.444758771107          3.840375326797         -0.938634803340     c 
          2.624430528251          1.765772416050          0.180665253324     c 
          5.387236362769          1.520615505025          0.167745427630     c 
          6.530070215025         -0.820590837574         -0.223159032144     c 
          9.126520607982         -1.057205956728         -0.252450480000     c 
         10.651496945300          1.050747250712          0.143176971037     c 
         13.286024339534          0.816969838727          0.131639610854     n 
         14.945313418825          2.305832787035         -1.226417118189     c 
         14.447978658961          4.242590180923         -2.922418644591     c 
         16.481463405412          5.402474181966         -4.078948537436     c 
         18.956250549175          4.653894728966         -3.583709693998     c 
         19.460420180414          2.696604439602         -1.934449834934     c 
         17.447644265423          1.501228195445         -0.748938973516     c 
         17.272444765832         -0.570189806170          0.995763939971     c 
         19.055812244201         -2.092617375033          2.173689414580     c 
         18.230787744010         -3.935477867835          3.825450439200     c 
         15.666361549621         -4.250207246985          4.330223803941     c 
         13.856642564371         -2.758965820133          3.181662862190     c 
         14.671256615286         -0.934618682679          1.483775172802     c 
          9.526934456889          3.394938582843          0.551716760418     c 
          6.929714428704          3.622241251383          0.546855179665     c 
          1.117680848846         -0.062442971266          1.332698320146     c 
         -1.480585847842          0.150074627892          1.343793215238     c 
         -6.498335644002          4.717391779003          0.289415747340     n 
         -9.036102280525          4.283949604822          0.307481229334     c 
        -10.812442140479          6.381911681523          0.392826506726     c 
        -10.041395097563          8.656367315573          1.475885539625     c 
        -11.675804041059         10.688276898264          1.587184932190     c 
        -14.096425687888         10.483898210671          0.610633153467     c 
        -14.863446658219          8.241429447926         -0.501141379642     c 
        -13.236324071694          6.201817623205         -0.619909975435     c 
         -9.477769323490          1.709491002374          0.182993361663     c 
        -11.817002381890          0.257701092232          0.166484441229     c 
        -12.245318608291         -1.608597866824         -1.642223754490     c 
        -14.467379485468         -2.982316341515         -1.616734785581     c 
        -16.285734899442         -2.513957030672          0.205618291181     c 
        -15.879480392728         -0.652050978584          2.002082294661     c 
        -13.661743230542          0.724791636763          1.989703480234     c 
         -5.060461566943         -2.847386132816         -2.127749029917     c 
         -4.590254079764         -5.398347276438         -2.389454180557     c 
         -8.176779679251         -7.605932242810          2.438147625956     h 
         -8.987673217179         -3.041510080866          2.930708633160     h 
         -2.067533303976          5.656910789459         -1.812160906342     h 
          2.578525330363          5.272222048652         -1.849124622674     h 
          5.368565886026         -2.463640588495         -0.565700057740     h 
          9.991443817836         -2.869525303756         -0.614083812616     h 
         12.535791033636          4.813633082911         -3.346624855481     h 
         16.143638039901          6.919169608702         -5.402469989861     h 
         20.494339740930          5.612158646566         -4.521916059694     h 
         21.376060838545          2.094567025663         -1.573987768500     h 
         21.044758308336         -1.826828953556          1.805544412250     h 
         19.585966707796         -5.142984081913          4.757975193393     h 
         15.079183473783         -5.687765770713          5.654882483805     h 
         11.876751729641         -2.995224909095          3.613509917536     h 
         10.702795506718          5.024535360206          0.905484100617     h 
          6.080080581673          5.443128681120          0.903208670971     h 
          1.997031174899         -1.642767646530          2.278617997745     h 
         -2.594862454928         -1.259535395348          2.312853613238     h 
         -8.147595733878          8.787634045846          2.220099141573     h 
        -11.063778210654         12.440214757313          2.438475408697     h 
        -15.377461837828         12.070498395990          0.702222500723     h 
        -16.740047440214          8.083032535152         -1.290123084611     h 
        -13.837353212417          4.473304914277         -1.522761610388     h 
        -10.848740461172         -1.960491423395         -3.090810537169     h 
        -14.781279356551         -4.420192338741         -3.030618718027     h 
        -18.018142105133         -3.591350346979          0.221802704832     h 
        -17.295298913563         -0.276364377740          3.422948638027     h 
        -13.335409812708          2.175224625281          3.388317196797     h 
         -4.204824535143         -1.504129086719         -3.401385503118     h 
         -3.367668791788         -6.073380083045         -3.875087639473     h 
$end
