 NM
 UV
 MMASS
   480.542920000000     
 LFAKTOR
  0.5
 RFAKTOR
  1.0
 WIDTH
  0.20
 SHIFT
  0.00
 DATXY
   1    5.0610     0.001972     0.001710     2.160882     1.842793
   2    5.1211     0.019311     0.010185    -3.458623    -3.666497
   3    5.1459     0.034519     0.018928     3.440655     4.114051
   4    5.1593     0.000669     0.000207    -0.320784    -0.327452
   5    5.1683     0.001461     0.001058    -3.222991    -2.617831
   6    5.3043     0.145196     0.074340    13.586038     5.726797
   7    5.4105     0.178271     0.079943   -19.539265   -11.252727
   8    5.6293     0.122278     0.028802   -21.057640   -10.958144
   9    5.7666     0.071611     0.030222    18.265069    10.811758
  10    5.8379     0.160335     0.057751   -26.908339   -13.616958
  11    5.8990     0.016542     0.011825     5.833093     5.445598
  12    5.9250     0.038519     0.015050    24.455668    15.820432
  13    5.9364     0.032878     0.014013    38.997059    24.006196
  14    6.0002     0.017293     0.005925    -6.229688    -6.187480
  15    6.0430     0.002686     0.000569    -6.344574    -0.594116
  16    6.0966     0.085975     0.031886   -30.624056   -18.734960
  17    6.1218     0.002657     0.001809    -8.015269     3.034037
  18    6.1670     0.036595     0.010495    11.872232     7.124330
  19    6.1937     0.003237     0.001446    -8.403429    -7.543900
  20    6.2099     0.023889     0.007079    -7.026178    -3.455518
  21    6.2272     0.008690     0.005274    13.104551     8.736245
  22    6.2590     0.006851     0.003994    -2.680242    -2.941986
  23    6.2822     0.032719     0.010206    13.393561     5.523458
  24    6.3462     0.009854     0.004110    -9.059654    -7.350680
  25    6.3997     0.003149     0.001138    -6.210492    -2.356147
  26    6.4097     0.003106     0.001202     7.791797    -0.702608
  27    6.4367     0.011522     0.002614     0.898990    -5.933068
  28    6.4535     0.061839     0.036275     9.375975    15.923709
  29    6.4757     0.048979     0.032401   -11.075889    -9.690175
  30    6.4968     0.005675     0.001616   -13.339651    -6.094255
  31    6.5499     0.002843     0.005468    -3.238523    -6.231446
  32    6.5551     0.029572     0.012724     3.608331     2.710131
  33    6.5627     0.057583     0.032656   -12.159752    -6.985834
  34    6.5805     0.002634     0.002577   -21.119435   -12.549394
  35    6.6037     0.021069     0.016643   -32.850925   -26.448539
  36    6.6106     0.054273     0.033670     0.779727    -0.984750
  37    6.6254     0.013050     0.006174     7.843039    -3.817455
  38    6.6566     0.071194     0.035193     8.873450     5.523357
  39    6.7080     0.005591     0.002051   -14.693440     1.100200
  40    6.7382     0.037895     0.034253   -18.792498   -19.465545
  41    6.7587     0.042398     0.030512    -3.132192    -4.954154
  42    6.7740     0.014858     0.006481    28.848632    24.375613
  43    6.8095     0.131624     0.062141     1.840820     1.865599
  44    6.8291     0.048077     0.034083    15.795185     7.997431
  45    6.8411     0.058160     0.018605     3.717966    13.103000
  46    6.8559     0.078891     0.044421    -2.339745    -3.470474
  47    6.8730     0.020574     0.013022    45.765348    31.064902
  48    6.8951     0.022575     0.008534   -11.278391    -0.823989
  49    6.9214     0.042384     0.022482   -11.936401    -5.696032
  50    6.9352     0.004491     0.004391    -2.250391    -1.326131
  51    6.9536     0.037558     0.029736    34.365996    27.879718
  52    6.9563     0.115685     0.066867   -21.199186   -19.148100
  53    6.9926     0.083001     0.053271   -29.447912   -31.291016
  54    7.0192     0.037905     0.030282   -13.563513   -18.791497
  55    7.0327     0.130684     0.075085   -49.063239   -20.203288
  56    7.0380     0.158651     0.106876     4.862089    16.400650
  57    7.0538     0.065768     0.038090     2.051909     1.660696
  58    7.0795     0.015957     0.014106   -26.701523    -7.087691
  59    7.0986     0.304305     0.193024    57.717618    26.005634
  60    7.1031     0.274775     0.175083   122.449918   113.843808
  61    7.1251     0.066717     0.040630    34.028379    17.607120
  62    7.1442     0.060995     0.039310   -76.833663   -27.806123
  63    7.1534     0.341095     0.149497   498.267384   288.497046
  64    7.1722     0.173831     0.056159  -322.447206  -129.315130
  65    7.1790     0.136896     0.108038  -170.523388   -95.740252
  66    7.2245     0.782843     0.503663  -460.186326  -456.796167
  67    7.2427     0.147430     0.102462  -120.305684  -109.580268
  68    7.2750     0.318511     0.203531   -39.272815    -2.677876
  69    7.3027     0.067036     0.032361    64.558702    35.321034
  70    7.3098     0.110430     0.075092    45.536681    36.570410
  71    7.3451     0.123112     0.070004   -61.283001    -8.111722
  72    7.3821     0.331618     0.288297  -277.528458  -251.030982
  73    7.4019     0.268094     0.116138    -5.502432    31.130806
  74    7.4429     0.153720     0.044489   410.724502   166.616591
  75    7.4619     0.118448     0.077074   -13.573407    76.155103
  76    7.4791     0.046763     0.028778   -27.831258   -48.088055
  77    7.4913     0.056829     0.096500   -15.384130   -27.354777
  78    7.5090     0.019633     0.049828    34.761438    70.735340
  79    7.5136     0.136941     0.103909   153.386771   152.898416
  80    7.5229     0.178640     0.082748   190.966717   126.897553
  81    7.5441     0.021915     0.043213    -2.419472    16.060053
  82    7.5462     0.059432     0.021987    66.556669    41.355182
  83    7.5594     0.011772     0.044834    53.740870    26.614541
  84    7.5815     0.007573     0.046403   -20.263400   -39.666985
  85    7.6088     0.231096     0.256968   148.299308   106.931076
  86    7.6261     0.087620     0.092960     6.302513    18.834616
  87    7.6435     0.044821     0.063570  -147.943181  -123.756399
  88    7.6500     0.011878     0.009078    -8.691170     0.114934
  89    7.6549     0.012461     0.045453   -39.789068   -30.669563
  90    7.6734     0.037156     0.005937   -10.179457     3.835606
  91    7.6851     0.014713     0.078271   -19.756380   -46.637449
  92    7.7064     0.021512     0.021963    53.622707    55.336313
  93    7.7171     0.033748     0.026354     9.172196   -12.372962
  94    7.7331     0.051717     0.019684     3.900800   -13.783447
  95    7.7514     0.010584     0.001023   -25.215625     7.807676
  96    7.7568     0.028989     0.012898    41.518615    -4.568584
  97    7.7639     0.026491     0.018036   -24.246734     6.724936
  98    7.7854     0.105306     0.079169   -37.515408     8.269779
  99    7.7959     0.041139     0.025138    23.498616    45.832097
 100    7.8018     0.018134     0.021131     7.124404     2.985549
 101    7.8066     0.004334     0.004646    -3.363743     3.833664
 102    7.8206     0.016782     0.037614   -37.483205   -49.093695
 103    7.8353     0.009153     0.006808   -32.859554    27.975039
 104    7.8493     0.004885     0.004483    13.234528    -7.895506
 105    7.8516     0.036057     0.059846   101.628260    69.938595
 106    7.8696     0.010725     0.016035    -8.813689   -15.050272
 107    7.8862     0.078637     0.065473   -11.652296   -34.486636
 108    7.8963     0.018415     0.017805   -48.277511     7.700623
 109    7.9094     0.026979     0.047306    12.622291    60.263468
 110    7.9202     0.010284     0.074004    47.282842   -78.035124
 111    7.9406     0.017778     0.013734   -23.720077   -18.260760
 112    7.9479     0.001674     0.014292     2.898603    -2.362085
 113    7.9696     0.029995     0.024609   -25.037254   -12.612137
 114    7.9886     0.070184     0.007956     5.201692     6.642970
 115    8.0049     0.072269     0.027651     1.413591     0.175285
 116    8.0142     0.007799     0.009524    22.675477    23.835179
 117    8.0236     0.009020     0.011262   -12.612966   -12.696416
 118    8.0381     0.029234     0.019442    16.588976    14.272682
 119    8.0728     0.003929     0.014562     8.251020     4.960186
 120    8.0963     0.028289     0.015814     4.160225     0.326456
 121    8.1211     0.008547     0.017634   -10.005662    13.165204
 122    8.1376     0.006212     0.004950    -3.592349     1.387828
 123    8.1441     0.012651     0.072080    -8.354534   -36.954320
 124    8.1592     0.003656     0.018011     3.680728     1.272533
 125    8.1845     0.004631     0.008106     7.571065    10.252349
 126    8.2048     0.003185     0.031083    -1.329741     4.070990
 127    8.2288     0.002286     0.006409    -2.343800    -4.112720
 128    8.2554     0.018149     0.018470   -18.254767   -17.968455
 129    8.2579     0.008522     0.005719    -0.100344    -1.095301
 130    8.2849     0.012787     0.012639    25.707522    18.690701
 131    8.2955     0.001524     0.003413    -2.964425    -0.978031
 132    8.2983     0.000505     0.001592    -0.068042     3.429702
 133    8.3262     0.009789     0.002208     4.481795    13.501795
 134    8.3389     0.018260     0.040613   -18.665415   -24.699335
 135    8.3434     0.005516     0.004488    10.726392     8.490166
 136    8.3453     0.011122     0.007423   -10.660162     1.855690
 137    8.3562     0.001436     0.004076    -2.251913    -8.739150
 138    8.3642     0.004614     0.001703     5.955379    -2.960417
 139    8.3669     0.009083     0.010615   -15.475192   -15.392588
 140    8.3705     0.001565     0.001569    -1.374032     0.731344
 141    8.3798     0.001854     0.015642     6.977573    19.744404
 142    8.3823     0.007529     0.009586   -10.026063   -12.412746
 143    8.3880     0.005188     0.002036     8.682899     5.895724
 144    8.3937     0.004093     0.003573     2.623680     3.322171
 145    8.4037     0.010137     0.008519    11.040523     2.805010
 146    8.4138     0.019316     0.019264   -12.753025    -3.179218
 147    8.4289     0.009844     0.005517     1.064640    -3.659618
 148    8.4306     0.012478     0.006908   -16.802330   -12.129372
 149    8.4406     0.005233     0.001032     3.748539     0.075237
 150    8.4461     0.000906     0.004804     0.677910   -16.199555
 151    8.4534     0.006943     0.004877   -12.524686   -10.966247
 152    8.4610     0.027860     0.032163     1.321171    19.379828
 153    8.4624     0.004961     0.010674    -2.401185    -1.667674
 154    8.4728     0.014680     0.008941    22.826385    10.933177
 155    8.4804     0.013215     0.011141    -0.162018     2.872742
 156    8.5061     0.020054     0.016271    -5.150329    -0.543273
 157    8.5196     0.023767     0.020831     3.592567     4.042891
 158    8.5252     0.003799     0.017856    10.146200    23.956434
 159    8.5397     0.003923     0.013159    -7.285408   -12.591378
 160    8.5543     0.009680     0.007503    -2.257871    -1.668265
 161    8.5667     0.006509     0.004737    12.871374    10.186475
 162    8.5779     0.004389     0.004911     3.289086     2.716262
 163    8.5811     0.006588     0.005882    -6.955051    -5.225561
 164    8.5934     0.015437     0.016751    -7.166898    -9.825048
 165    8.6048     0.000690     0.002519    -0.790357    -5.089227
 166    8.6154     0.011361     0.018290    -5.837895     9.920362
 167    8.6251     0.017650     0.012096    11.594521    10.289366
 168    8.6297     0.011010     0.016008     2.911436   -12.397776
 169    8.6352     0.023110     0.023747     4.100134     6.316705
 170    8.6538     0.011595     0.003657    -3.063351     2.615102
 171    8.6584     0.015544     0.002718    25.414273    12.870075
 172    8.6657     0.005282     0.007237    -7.427592     2.780706
 173    8.6730     0.009708     0.006444    21.504886     9.037947
 174    8.6749     0.005328     0.004470    -8.561975    -4.024224
 175    8.6843     0.014706     0.008874    10.812579     7.439926
 176    8.7063     0.010506     0.008247   -13.204975   -12.789977
 177    8.7198     0.007902     0.004301    -1.406755    -0.908248
 178    8.7215     0.009627     0.007585     0.494332     4.478790
 179    8.7321     0.005535     0.007412     2.725098    -3.496444
 180    8.7418     0.001101     0.000613    -0.257414    -0.218477
 181    8.7538     0.008475     0.043126    -4.858894    -7.184191
 182    8.7788     0.002002     0.001376     4.182372     3.348946
 183    8.7934     0.003317     0.001213     2.565835    -0.482774
 184    8.8039     0.000149     0.006438    -0.526865     7.512935
 185    8.8187     0.001909     0.001146    -4.527067    -0.342909
 186    8.8242     0.012078     0.017117    -8.701913   -13.689392
 187    8.8334     0.001367     0.000943    -1.241188    -1.483161
 188    8.8387     0.001006     0.010637     1.887887    -0.259073
 189    8.8468     0.015025     0.017177    -6.076392    -6.504773
 190    8.8597     0.012406     0.005622   -13.361134    -8.779186
 191    8.9151     0.000081     0.006871    -0.332754    10.041948
 192    8.9237     0.001060     0.003158    -2.879979    -3.143323
 193    8.9251     0.001285     0.002048     0.820273    -6.714908
 194    8.9428     0.004431     0.004214    -8.354212    -5.479603
 195    8.9513     0.000565     0.004261     1.375665   -10.185454
 196    8.9686     0.002583     0.011361     6.777506    14.680310
 197    8.9812     0.005929     0.003767    13.409830    10.265822
 198    8.9956     0.020226     0.014775     7.812909     6.953156
 199    9.0082     0.002172     0.002068    -5.171131    -0.503531
 200    9.0314     0.002008     0.002314    -4.840459    -2.209738
 201    9.0345     0.012815     0.006976   -20.577880   -13.553408
 202    9.0479     0.005842     0.008068     3.713347     5.616542
 203    9.0565     0.000807     0.001126    -3.933651    -5.273524
 204    9.0667     0.003520     0.004883    -2.465838    -3.308317
 205    9.0717     0.005626     0.001927   -10.782919    -5.344585
 206    9.0890     0.008163     0.017733     1.149176    -5.687628
 207    9.0981     0.007998     0.005378    10.476263     7.011909
 208    9.1105     0.013143     0.010229    -0.803169    -1.715256
 209    9.1248     0.001493     0.001404    -3.779327    -0.655047
 210    9.1280     0.001678     0.001326    -1.794174    -0.441976
 211    9.1316     0.003499     0.002048     9.003870     7.284206
 212    9.1442     0.001161     0.000764    -0.151953     0.376441
 213    9.1459     0.002505     0.003341    -5.314751    -3.706658
 214    9.1562     0.011443     0.004790     4.585025     1.921946
 215    9.1716     0.015379     0.008226   -26.277552   -20.375120
 216    9.1761     0.008908     0.007565    -4.519969     5.670382
 217    9.1872     0.004988     0.004625    -2.958799    -3.870227
 218    9.1977     0.005704     0.003182     3.194413     4.033067
 219    9.2022     0.009965     0.008887    -3.515355     0.055949
 220    9.2046     0.005112     0.005279    11.576960    13.427008
 221    9.2153     0.019220     0.011145    19.192441    14.115490
 222    9.2280     0.002571     0.002782     4.339998     8.427197
 223    9.2326     0.000825     0.002784    -1.678298    -4.636856
 224    9.2409     0.003829     0.005546     3.852317     4.409093
 225    9.2467     0.009408     0.011455    18.759127    14.402296
 226    9.2529     0.010852     0.008070    -3.623599    -6.334739
 227    9.2580     0.004902     0.004770     3.540222     3.051384
 228    9.2687     0.004025     0.004825     4.494746     7.806274
 229    9.2754     0.009510     0.009866     5.062770     4.732923
 230    9.2816     0.005415     0.005284     3.638170     1.200605
 231    9.2873     0.016759     0.005083   -15.851098   -11.728306
 232    9.2994     0.004200     0.008629     5.034146     8.450589
 233    9.3026     0.001482     0.002345     0.157694    -0.758949
 234    9.3092     0.001728     0.005945    -4.798698    -8.896603
 235    9.3130     0.000428     0.000116     0.167032    -0.037343
 236    9.3182     0.002113     0.002379     3.023862     0.275539
 237    9.3356     0.014926     0.007311    -0.126587     0.205878
 238    9.3549     0.004260     0.000632     7.325782     0.752107
 239    9.3582     0.000379     0.002098    -1.159581    -2.495303
 240    9.3604     0.003825     0.002320    -0.574749    -1.109676
 241    9.3693     0.007576     0.005232     0.644099     0.712446
 242    9.3761     0.004828     0.000397     0.091149     0.035758
 243    9.3843     0.003563     0.003574     2.500941     3.714347
 244    9.3885     0.005308     0.006493    -0.701042    -0.571591
 245    9.3904     0.013719     0.000386    -3.878433    -0.846155
 246    9.3960     0.004793     0.000277    -2.031222    -1.321210
 247    9.4028     0.001271     0.003316    -4.181920    -6.720552
 248    9.4101     0.001041     0.000519    -0.397725    -0.896530
 249    9.4148     0.000567     0.003092     0.599509    -0.586346
 250    9.4331     0.043766     0.017947   -14.978192    -9.810384
 251    9.4352     0.007843     0.002798     4.742810     1.618528
 252    9.4440     0.012663     0.013979    11.963104     1.999552
 253    9.4506     0.005570     0.002746    -2.898344    -0.488476
 254    9.4561     0.023191     0.015572     0.888933     3.212142
 255    9.4796     0.000202     0.000823     1.265182    -3.042477
 256    9.4845     0.008511     0.006656     3.310809     2.696273
 257    9.4917     0.000672     0.002428    -0.153413    -0.328536
 258    9.4964     0.001356     0.001371    -0.385914     0.587158
 259    9.5008     0.004883     0.002549    -1.619086    -0.125426
 260    9.5105     0.001740     0.000948     6.939766     4.594375
 261    9.5254     0.003099     0.001323     2.407440     1.249986
 262    9.5316     0.001919     0.002263     4.105316     3.656810
 263    9.5500     0.002343     0.002923     3.452096     4.277897
 264    9.5548     0.000489     0.001274     4.254179     5.818788
 265    9.5607     0.012895     0.004611    -5.922803    -4.541805
 266    9.5709     0.001807     0.002650    -2.334703    -7.175345
 267    9.5730     0.003513     0.001609     9.970703     4.403842
 268    9.5946     0.006389     0.004634    -0.920433    -0.328626
 269    9.6014     0.001038     0.000831    -1.936815     2.651135
 270    9.6181     0.001708     0.000942    -4.380495    -2.783848
 271    9.6196     0.003099     0.002218    -6.405449    -2.809502
 272    9.6255     0.006814     0.006480   -10.499746    -9.906025
 273    9.6292     0.001210     0.003738    -0.529635    -7.304469
 274    9.6470     0.003955     0.005141     1.893955     0.604058
 275    9.6577     0.004174     0.001068     2.367221    -0.022466
 276    9.6686     0.000372     0.001297     0.665391     0.837381
 277    9.6719     0.000746     0.000924    -0.018055    -0.751967
 278    9.6858     0.003265     0.004336    -2.208117    -7.758055
 279    9.6912     0.000323     0.001751    -0.460741     1.967237
 280    9.6972     0.003537     0.003247    -5.223990     0.277193
 281    9.7090     0.004600     0.001707     6.907068     7.155039
 282    9.7129     0.004463     0.009672    -6.152703    -2.812611
 283    9.7195     0.011157     0.001376    -1.508784    -2.868864
 284    9.7306     0.000393     0.005666    -0.961095     6.643149
 285    9.7330     0.011204     0.007184   -18.543397    -6.337637
 286    9.7425     0.010889     0.012072    -6.675159     2.509000
 287    9.7538     0.001776     0.000685    -0.725062    -1.551852
 288    9.7596     0.014237     0.010812     7.350700     7.359811
 289    9.7683     0.004319     0.004456    -1.215203    -3.844546
 290    9.7755     0.006178     0.002086     1.252631     0.377943
 291    9.7809     0.016237     0.015317    11.215389    10.145249
 292    9.7972     0.004859     0.006108   -12.252557    -5.729298
 293    9.8119     0.004090     0.015649    -1.380325    -1.576952
 294    9.8366     0.012561     0.007717    22.590377     9.051865
 295    9.8398     0.004615     0.011446   -10.553623    -9.218170
 296    9.8464     0.002004     0.000639    -0.375592    -1.560885
 297    9.8539     0.000186     0.005593     0.405162     0.774526
 298    9.8587     0.000590     0.006221    -0.947133     0.508433
 299    9.8738     0.003668     0.003171     8.054786     3.068764
 300    9.8815     0.004322     0.003859    -2.922504    -0.381394
 301    9.8985     0.002251     0.010350     6.178328    10.575176
 302    9.9040     0.012841     0.008420    -8.523565    -5.362193
 303    9.9201     0.001308     0.008252     3.186773     0.518712
 304    9.9250     0.002539     0.016645   -12.203107   -30.822968
 305    9.9396     0.012523     0.019662    -1.992543     2.750492
 306    9.9437     0.004792     0.014312     2.301199    -3.930372
 307    9.9586     0.004728     0.005519    -5.866583    -6.064093
 308    9.9689     0.000166     0.014495    -0.003117     7.104699
 309    9.9782     0.000386     0.020520    -1.997857    -3.620284
 310    9.9852     0.000345     0.001494     1.765919    -2.895180
 311    9.9913     0.008061     0.014405   -20.508732   -15.334445
 312    9.9937     0.004126     0.007547    -0.171571    -0.238980
 313    9.9978     0.018719     0.025776    -2.148138     0.827994
