           2           1   1.00425379204294     
           3           1  3.359925993150728E-003
           3           2   1.01032837558783     
           4           1  1.017479546087568E-002
           4           2  3.905224719066482E-003
           5           2  1.457848791279816E-002
           5           4  0.916565742765011     
           6           4  3.838354206090127E-003
           6           5   1.04120365143783     
           7           4  2.122375860253368E-002
           7           5  6.732636902724065E-003
           7           6   1.90836165738347     
           8           4  3.866265912594069E-003
           8           5  3.702837722584093E-003
           8           6  8.559257924059670E-003
           8           7   1.00637746512850     
           9           4  1.405654118662529E-002
           9           5  2.785257537925945E-002
           9           7  1.254515421315812E-002
           9           8  8.809825745954162E-003
          10           2  2.861131242837884E-003
          10           4  1.376691534138242E-002
          10           5  2.593080692316967E-003
          10           9  0.993511740236409     
          11           2  8.268888684498163E-003
          11           9  6.870443819302911E-003
          11          10   1.06856576597107     
          12           9  9.715045049611052E-003
          12          10  4.179913708853385E-002
          12          11   1.35025892123873     
          13           2  4.116164284672858E-003
          13          10  1.165727119953803E-002
          13          11  2.990011495018855E-003
          13          12   1.45708839430941     
          14          10  2.676507238015187E-002
          14          11  8.987985974382777E-002
          14          12  5.082988686696373E-003
          14          13   1.42519402368282     
          15           2  9.724471195332486E-003
          15          10  1.150974344299147E-002
          15          11  5.517212713167627E-003
          15          12  9.280499777491071E-002
          15          13  2.236019651384847E-003
          15          14   1.38127167939437     
          16          11  9.102744308584203E-003
          16          12  4.292506427851925E-003
          16          13  1.113095178718333E-002
          16          14  1.228444176833048E-002
          16          15   1.01168632758034     
          17           3  3.003512322236078E-003
          17          11  2.065862529870126E-003
          17          12  1.188394921663932E-002
          17          14  2.704128343570118E-002
          17          15  4.180290968909825E-002
          17          16   1.79318469860062     
          18           2  2.003058456904380E-003
          18          16  7.931931340138750E-003
          18          17  2.491839362322347E-003
          19          18   1.11539608131590     
          20          18  1.067397370006738E-002
          20          19   1.71080637807757     
          21          18  1.016335668393589E-002
          21          19  4.519223492149692E-003
          21          20   1.14212378266398     
          22          18  1.155511931936210E-002
          22          19  9.185707186440850E-002
          22          20  7.151028762672384E-003
          22          21   1.80608499150239     
          23          16  2.874962320284735E-003
          23          17  6.730387278201397E-003
          23          18  5.081943112770319E-003
          23          19  5.234709926583421E-003
          23          20  5.726854315397659E-003
          23          21  5.969040002016895E-003
          23          22  0.999486934647201     
          24           1  2.940538386161719E-003
          24           3  3.937316967011424E-003
          24          10  4.740880223991624E-002
          24          11   1.33128631876694     
          24          12  1.012266230302232E-002
          24          13  9.574721351966579E-002
          24          14  7.842227885624477E-003
          24          15   1.36658106078298     
          24          16  1.098567794816123E-002
          24          17  3.124115695107312E-002
          25          18   1.26597637618191     
          25          19  1.148020333328629E-002
          25          20  3.966014391654307E-002
          25          22  1.207735553698309E-002
          25          23  1.116750211821515E-002
          26           2  4.087847383615220E-003
          26          15  2.951691540703415E-003
          26          16  1.232151852368917E-002
          26          17  2.032978093775411E-002
          26          18   1.40992363056046     
          26          19  1.058232767635134E-002
          26          20  3.870192055164607E-002
          26          21  2.018140428632763E-002
          26          22  4.373513644756524E-002
          26          23  0.992377047789327     
          26          24  2.179329135352022E-003
          26          25  9.658857510614671E-002
          27           1  4.480659862702211E-003
          27          14  9.322637206004358E-003
          27          15  1.007840624461917E-002
          27          16  0.949239574470948     
          27          17  4.760976023849955E-002
          27          18  6.049053307367012E-003
          27          19  1.271106520602311E-002
          27          22  2.913121957813961E-003
          27          23  5.255745315539071E-003
          27          24  6.418684116840549E-003
          27          25  3.055744937103747E-003
          27          26  0.958409116493420     
          28           1  3.903404647828384E-003
          28           2  2.118773462430251E-002
          28           3  2.506746341361664E-003
          28          10  2.332190059571393E-003
          28          11  1.038576530657330E-002
          28          13  2.183418267603345E-003
          28          15  7.872773802067750E-003
          28          16  8.163809491637581E-003
          28          17  1.504168305066897E-002
          28          18  2.724333716658331E-002
          28          19  7.268759741332174E-003
          28          20  1.627700703060455E-002
          28          22  1.006699064078303E-002
          28          23  8.305105522995201E-003
          28          24  1.733165702206046E-002
          28          25  8.459072022457092E-003
          28          26  3.978123149096809E-002
          28          27   1.01485168978921     
          29           2  6.427356962075787E-003
          29          16  7.904629884329172E-003
          29          17  2.956851767006138E-003
          29          18  1.708117365880963E-002
          29          20  5.719193737878643E-003
          29          22  3.092881605864854E-003
          29          24  6.506217219497411E-003
          29          25  2.843352837335575E-002
          29          26  3.402364565483114E-002
          29          27  5.659181328771153E-003
          29          28   1.28839964910126     
          30           2  6.323546325261334E-003
          30          18  2.033788648257494E-002
          30          19  2.561544520509702E-002
          30          20  1.185395768401602E-002
          30          22  6.536463703467202E-003
          30          24  2.952059299913597E-003
          30          25   1.36690657762338     
          30          26  3.570055661338351E-002
          30          28  7.294412217673077E-002
          30          29   1.32916133331035     
          31           2  1.236107319629840E-002
          31           9  2.149180670756446E-002
          31          10  3.366752370543951E-003
          31          15  3.349910711576090E-003
          31          16  3.719507225589523E-003
          31          17  5.482627906747607E-003
          31          18  1.551528457774092E-002
          31          20  4.739419348387923E-003
          31          21  2.191651102449413E-003
          31          22  4.245257658541697E-003
          31          24  1.495670521386362E-002
          31          25  7.065996667892921E-002
          31          26  4.638764222542008E-002
          31          27  2.314956112289749E-002
          31          28  6.573843818607999E-002
          31          29   1.14337377209935     
          31          30  4.479211329898562E-002
          32           2  4.555311119113253E-003
          32           3  2.680681748568855E-003
          32           4  2.151290662134158E-003
          32           9  4.977223268824554E-003
          32          10  1.257954493199773E-002
          32          11  2.772786790977087E-003
          32          15  6.764637487028707E-003
          32          24  3.424614442381183E-003
          32          25  3.197709460031816E-003
          32          26  2.359702000327827E-003
          32          27  7.333177707951735E-003
          32          28  1.084611115875180E-002
          32          29  1.167321385635435E-002
          32          30  7.155456653566953E-003
          32          31   1.09944229367628     
          33           2  1.688405839263432E-002
          33           4  9.068019115341575E-003
          33           8  1.555850951658251E-002
          33           9  0.999452708885813     
          33          10  7.833207559494029E-003
          33          18  5.473995966645488E-003
          33          24  5.538615823587872E-003
          33          25  1.652981610166700E-002
          33          26  1.575337398882155E-002
          33          27  2.456200296163178E-003
          33          28  2.992463000320091E-002
          33          29  2.336562810816794E-002
          33          30  1.240864624824048E-002
          33          31  6.360746237124236E-002
          33          32   1.75584980380791     
          34           4   1.06062154979158     
          34           5  8.416061344353330E-003
          34           6  5.344930076567858E-003
          34           7  2.579793883144387E-003
          34           8  0.994291714907063     
          34           9   1.74077490682810     
          34          10  3.435160885410107E-002
          34          11  2.382478561715908E-002
          34          12  4.470328563627122E-003
          34          24  2.563328015700300E-003
          34          31  4.113359595595760E-003
          34          32  1.938099300450592E-002
          34          33  6.595519233680004E-003
          35           2  4.136730366167768E-003
          35           3  7.530448725063954E-003
          35           4  0.814143123756102     
          35           5  0.941444772499493     
          35           6  5.526642485322850E-003
          35           7  3.722133749344719E-002
          35           8  6.465413370002830E-003
          35           9  5.203724654708888E-002
          35          10  3.957246790237395E-003
          35          11  2.858242620424315E-003
          35          28  2.608129891344050E-003
          35          32  3.719054552293865E-003
          35          34  9.947615069755548E-003
          36           1  3.576660471070649E-003
          36           2  0.988570185314366     
          36           4  0.957670167413014     
          36           5  9.793250263952136E-003
          36           6  1.239228560261004E-002
          36           7  4.903365012651609E-003
          36           8  1.166267257676123E-002
          36           9  4.651985787217246E-003
          36          28  4.244394786235881E-003
          36          32  3.025704825974635E-003
          36          34  9.029285251387012E-003
          36          35  0.962342923827093     
          37           2  0.861888920696787     
          37           4  4.307281330259980E-003
          37           9  3.181414856980168E-003
          37          11  6.699965633351641E-003
          37          12  1.137155724925588E-002
          37          14  9.889635352187372E-003
          37          15  3.429060217418148E-003
          37          16  5.230999262158476E-003
          37          24  0.956947023393975     
          37          26  8.361376752980040E-003
          37          27  5.161910059405037E-003
          37          28   1.02122774487476     
          37          29  9.275078273796779E-003
          37          30  1.129279160326932E-002
          37          31  2.034552872049666E-002
          37          32  0.982015294487322     
          37          33  4.672262408988831E-003
          37          35  1.099441861794517E-002
          37          36  2.014980553743005E-003
          38           1  0.976492613691792     
          38          36  8.883764441993977E-003
          39           1  0.978167938790922     
          39           3  9.024664429627642E-003
          40           1  0.977256177773881     
          40          37  9.750070181430230E-003
          41           3  0.973473206485570     
          41          37  9.903966277140002E-003
          42           1  9.970266895854759E-003
          42           3  0.975548786252145     
          43           3  0.971219191664321     
          43          16  2.777242172223236E-003
          43          17  5.375147677758975E-003
          43          36  9.695747197848926E-003
          44           4  4.316017324958089E-003
          44           5  0.965445679629786     
          44           7  9.250181629915557E-003
          44           9  2.196808418770258E-003
          44          34  2.933452018707047E-003
          44          35  5.404251423448021E-003
          45           4  7.055198794461352E-003
          45           6  0.968954498040885     
          45           8  1.661933643672290E-002
          46           5  1.578581665047318E-002
          46           7  0.972666549608235     
          46          34  8.206291801185168E-003
          47           4  5.443142002016583E-003
          47           6  1.377582653995042E-002
          47           8  0.962454370821904     
          47           9  4.893904201025140E-003
          48          10  0.946807696592037     
          48          24  9.021182415055048E-003
          48          33  7.622248742145956E-003
          49          12  0.967165774617929     
          49          14  1.077190623981212E-002
          49          24  8.380024838188803E-003
          50          11  1.082768931309487E-002
          50          13  0.970537569506616     
          50          15  1.057332253363001E-002
          51          12  1.069770851612434E-002
          51          14  0.968343983627300     
          51          17  4.668146919681754E-003
          51          24  9.724300056471905E-003
          52          19  0.965602136234850     
          52          21  1.381945278251638E-002
          52          26  8.247975386839454E-003
          53          18  1.388736790363411E-002
          53          20  0.968356903600861     
          53          22  1.174311977747687E-002
          54          19  1.222290705731501E-002
          54          21  0.964901248680541     
          54          23  1.513043907793735E-002
          55          20  1.427400390587755E-002
          55          22  0.971742582545186     
          56          16  4.656287965604307E-003
          56          17  1.229063791602060E-002
          56          18  7.061354241132730E-003
          56          21  7.633571283684189E-003
          56          23  0.968305403961731     
          57          25  0.968239839557019     
          57          26  9.890108526565848E-003
          57          29  1.023911128031447E-002
          58          19  4.191770985018390E-003
          58          21  5.625681562275385E-003
          58          23  0.953959171008466     
          58          27  4.598641753487726E-003
          58          55  4.892698091186873E-003
          59          15  4.187391845583911E-003
          59          17  9.029483390296918E-003
          59          18  6.559767007303325E-003
          59          20  2.133709397109519E-003
          59          22  2.683504897576501E-003
          59          24  2.098848523951814E-003
          59          25  2.518504038478640E-003
          59          26  9.717052224854219E-003
          59          27  0.904731276434544     
          59          28  1.511743728400976E-002
          59          29  6.492169499148262E-003
          59          31  1.147132104514597E-002
          59          33  4.472409172759918E-003
          60          18  1.057882875712711E-002
          60          28  1.072222395569763E-002
          60          30  0.966366168617110     
          61          33  0.954435945634353     
          61          34  1.416934410204443E-002
          61          37  1.527700037632027E-002
          62           6  1.949942280937334E-002
          62           8  0.946285891211554     
          62           9  1.998925895224715E-002
          62          47  2.752590935530674E-003
          63          35  0.973316804613143     
          63          36  2.533175862726837E-003
          63          44  2.272877495500336E-003
          64           3  7.453607377047765E-003
          64           4  4.948773635584732E-003
          64          34  3.656640604914960E-003
          64          35  5.079256407555943E-003
          64          36  0.965550838955432     
          64          63  2.676104039160267E-003
