 NM
 UV
 MMASS
   488.559600000000     
 LFAKTOR
  0.5
 RFAKTOR
  1.0
 WIDTH
  0.20
 SHIFT
  0.00
 DATXY
   1    3.0588     0.012365     0.006082    -6.384707     6.261037
   2    3.5219     0.266442     0.183385   -22.815188   -10.930693
   3    3.7245     0.211899     0.095506    65.492786    31.013087
   4    3.9633     0.066495     0.043731    -1.254469    -6.596638
   5    4.0900     0.193347     0.105063   -35.134098   -47.908167
   6    4.0972     0.118431     0.050232    26.676175    16.016553
   7    4.1717     0.119739     0.094663    42.926003    17.811437
   8    4.3980     0.075697     0.037295    -5.776673     2.544507
   9    4.4089     0.102320     0.066314   -31.339478    -7.566134
  10    4.5565     0.066539     0.005261   -12.863430     2.465117
  11    4.7467     0.006571     0.008626    -0.686509     2.046285
  12    4.8641     0.065763     0.044377    59.105822    39.035867
  13    4.9999     0.003241     0.002787    -0.955328    -1.613755
  14    5.0492     0.000516     0.000806     2.159001     2.312547
  15    5.0554     0.001347     0.000280    -0.673720    -0.092484
  16    5.1107     0.031969     0.025743     8.388927   -30.310770
  17    5.2135     0.028856     0.016924   -41.652575   -31.927045
  18    5.4650     0.005293     0.003116   -14.726132    -3.935901
  19    5.5238     0.549993     0.231227  -183.920360   -25.457720
  20    5.5455     0.222239     0.156151    -4.897578   -97.513631
  21    5.7004     0.014293     0.015615    46.313275    28.960849
  22    5.7134     0.049189     0.056585   -22.798400    -3.320570
  23    5.7895     0.043265     0.039093   -10.780924    -6.271158
  24    5.8001     0.038069     0.029400    16.709036    12.587471
  25    5.8627     0.015171     0.017355   -12.443666   -12.368534
  26    5.8701     0.019529     0.014610   -12.146551   -10.590098
  27    5.9233     0.002549     0.011373    11.051707    12.406363
  28    5.9714     0.150545     0.089475    11.895598     5.892790
  29    6.0058     0.137401     0.129027    32.507030    19.642336
  30    6.0564     0.021049     0.023099    65.558258    38.440076
  31    6.0815     0.156268     0.116192    -2.948421    -1.487607
  32    6.1074     0.085163     0.064947   -36.794727   -30.052932
  33    6.1669     0.012097     0.013068    -1.191746    55.477025
  34    6.1933     0.038832     0.027807    23.300736    13.255522
  35    6.1984     0.029715     0.036255    -1.563372    -8.087190
  36    6.2121     0.268234     0.247337     2.009699     4.753477
  37    6.2180     0.088754     0.087311   -28.938889   -26.513017
  38    6.3239     0.019744     0.023687     6.286361     8.605642
  39    6.3550     0.023384     0.020991    -0.909821   -11.816473
  40    6.3971     0.004359     0.005931     3.058862    -2.277129
  41    6.4399     0.012440     0.031972   -22.385771     7.404214
  42    6.4720     0.347334     0.183026    32.085862    17.010008
  43    6.5091     0.148305     0.090711   -36.977827   -33.937482
  44    6.5694     0.012475     0.011386    -4.024579    -4.903481
  45    6.5829     0.067157     0.034447   -10.581234   -12.259307
  46    6.6179     0.033957     0.016308    -6.661815    -0.731357
  47    6.6324     0.004413     0.002141    -2.736399    -2.903626
  48    6.7296     0.011007     0.004812   -10.373751    -3.199741
  49    6.7399     0.027444     0.008468    -4.347251    -3.963827
  50    6.7665     0.088995     0.044999   121.421859    66.971490
  51    6.7822     0.019887     0.009909   -27.062810   -17.713700
  52    6.8164     0.070595     0.026239     9.118088    39.666251
  53    6.8643     0.052996     0.077180   -32.049157   -20.961703
  54    6.8738     0.102876     0.048658   156.662245   102.384609
  55    6.8929     0.232412     0.145521  -116.447872  -101.966327
  56    6.9163     0.023896     0.006856   -47.477836   -28.889050
  57    6.9333     0.037155     0.037665    -1.307464    -8.909704
  58    6.9400     0.080254     0.075830   -31.594510    36.790741
  59    6.9543     0.034080     0.005463    -0.633521    17.437371
  60    6.9728     0.063738     0.026763    90.199333    74.028257
  61    6.9884     0.287106     0.176165  -214.942803  -160.460542
  62    7.0086     0.133154     0.157042  -183.017402  -217.860643
  63    7.0306     0.002574     0.018544    -8.189049   -22.778287
  64    7.0368     0.095813     0.061215   -22.903654   -20.141851
  65    7.0399     0.083647     0.050442   235.989241   191.128842
  66    7.0589     0.318739     0.251779   421.935641   373.282275
  67    7.0657     0.001945     0.001648     2.906319     3.646330
  68    7.0847     0.053347     0.039861     3.731454     5.954506
  69    7.1014     0.164455     0.090340   193.354374   133.196671
  70    7.1181     0.372638     0.268199  -104.067955   -97.544716
  71    7.1412     0.263648     0.148559   -61.575132   -51.455533
  72    7.1535     0.263073     0.227207  -293.335646  -242.543106
  73    7.1705     0.057744     0.038571  -135.241056  -106.808478
  74    7.1899     0.017927     0.020548    15.296058    15.104101
  75    7.2193     0.026225     0.022125   -26.313419   -31.989275
  76    7.2282     0.044058     0.031389    20.450647    20.901401
  77    7.2448     0.024368     0.017245    33.526450    22.319734
  78    7.2592     0.011419     0.005965   -21.215474   -14.939399
  79    7.2639     0.008381     0.004022     9.998616     7.770582
  80    7.2769     0.112765     0.055311   -49.506259   -36.412477
  81    7.3016     0.036560     0.022334    14.610565    10.383118
  82    7.3026     0.011426     0.006306     5.842664     4.959574
  83    7.3205     0.118733     0.088502    91.247511    72.956702
  84    7.3404     0.093618     0.042689    40.805951     8.051880
  85    7.3560     0.002968     0.008936   -21.080284   -32.955584
  86    7.3663     0.022668     0.023045    -7.915523    -9.799040
  87    7.3890     0.015724     0.017212   -26.914476   -23.708949
  88    7.4207     0.021386     0.001672   -27.530118    -6.378029
  89    7.4252     0.344452     0.209081    72.776113    61.325342
  90    7.4364     0.030181     0.023017    -0.812598    19.951213
  91    7.4524     0.008130     0.004260     8.471469     6.578981
  92    7.4695     0.026145     0.007456   -30.600457   -15.987262
  93    7.4758     0.084566     0.055183   -13.728429    -6.690076
  94    7.5099     0.031644     0.011173    51.939381    24.983142
  95    7.5217     0.010894     0.017617     4.282976     5.411838
  96    7.5398     0.006239     0.004664     5.717000     6.528878
  97    7.5594     0.021694     0.009047    29.875554    27.875259
  98    7.5661     0.018675     0.002351    38.588345    12.320741
  99    7.5674     0.029426     0.021565   -30.335125   -33.652963
 100    7.5784     0.035356     0.018814    31.990131   -26.068031
 101    7.5894     0.016768     0.011380   -24.792635   -22.153147
 102    7.6047     0.002135     0.013490    -1.828716   -12.638119
 103    7.6230     0.001773     0.049478     9.000645    22.975874
 104    7.6345     0.011298     0.003769     4.215836     0.031666
 105    7.6464     0.064134     0.131345   -44.937370   -38.415278
 106    7.6684     0.014449     0.045147    51.911123    66.750396
 107    7.6744     0.018626     0.058740   -64.410634    33.871696
 108    7.6830     0.010349     0.015796    -5.767035   -14.684959
 109    7.6955     0.001273     0.022421    -2.195431   -18.658901
 110    7.7437     0.050364     0.016793   -13.076064    31.611035
 111    7.7539     0.033111     0.033914   -60.676056   -52.420878
 112    7.7690     0.011857     0.004222   -29.333813   -21.445293
 113    7.7805     0.008920     0.010876    36.166391    -9.455460
 114    7.7888     0.064702     0.017276     0.117140    27.834721
 115    7.8245     0.037031     0.034795     7.026036    -6.394377
 116    7.8583     0.006593     0.005099   -10.706772    -9.405329
 117    7.8611     0.010055     0.008181    24.445204   -12.980694
 118    7.8784     0.021026     0.006694    21.715914    18.109483
 119    7.8891     0.024515     0.034918     8.686407    10.052395
 120    7.9017     0.006676     0.030669   -21.482580     3.290782
 121    7.9114     0.005459     0.016319    10.557166    13.000616
 122    7.9294     0.007880     0.003099    32.474686    -6.635070
 123    7.9551     0.003284     0.027190   -14.396370    33.772291
 124    7.9804     0.003845     0.009144    -0.288293     1.282206
 125    7.9981     0.000614     0.005030     3.469130   -13.725393
 126    8.0092     0.001531     0.007184    -0.657292    -4.823302
 127    8.0114     0.026457     0.015170    38.893773    30.966236
 128    8.0154     0.002516     0.047581    16.632440    26.051112
 129    8.0179     0.004451     0.023070    -0.074019    11.151413
 130    8.0325     0.001735     0.076682     5.730292     5.790116
 131    8.0385     0.003368     0.024203   -11.989367   -11.475394
 132    8.0648     0.008344     0.010182    72.516468   -49.103700
 133    8.0786     0.003699     0.021481    15.279166    21.991005
 134    8.0911     0.010839     0.008345   -16.223826    -8.930198
 135    8.1078     0.053620     0.034939   -75.166789   -43.656202
 136    8.1278     0.013049     0.006408   -18.395398     0.738508
 137    8.1547     0.010994     0.012228    21.962022    36.298848
 138    8.1676     0.008988     0.023140   -11.360740   -15.923745
 139    8.1732     0.001453     0.002204     0.167967     1.209720
 140    8.1827     0.017401     0.004840   -39.348332    -5.772395
 141    8.2143     0.043699     0.040390    87.500966    84.788219
 142    8.2287     0.008690     0.025996     3.698649    21.115098
 143    8.2435     0.003637     0.014197    -0.559473    22.563353
 144    8.2499     0.013908     0.068065   -22.261267   -31.313731
 145    8.2560     0.009788     0.021738   -29.770103   -51.924596
 146    8.2699     0.005856     0.018404    35.591633    62.938070
 147    8.2753     0.003055     0.017979     1.975489     6.216719
 148    8.2862     0.002026     0.004146     0.414310    -0.109556
 149    8.3040     0.004237     0.007815    18.430378    25.107703
 150    8.3121     0.002111     0.010633     3.220783     1.294094
 151    8.3154     0.016716     0.026216     2.785468    -2.302105
 152    8.3301     0.002110     0.002264     1.068268    -3.860962
 153    8.3329     0.018702     0.020608     1.142217    -4.474147
 154    8.3341     0.006675     0.016319   -12.826312    -5.115992
 155    8.3675     0.012637     0.038261    -8.462945   -13.683733
 156    8.3697     0.001971     0.015356    -2.944407     2.173686
 157    8.3793     0.006491     0.028676    -0.772070    -3.726919
 158    8.3939     0.001163     0.009059    -1.437283   -11.289368
 159    8.4027     0.000243     0.009296     0.752597   -12.310589
 160    8.4094     0.003387     0.004156     9.558700    -8.104895
 161    8.4190     0.001554     0.004281     4.991753    -2.957572
 162    8.4308     0.000548     0.004382    -2.137833    -0.374687
 163    8.4359     0.000852     0.000922    -0.076034    -0.219443
 164    8.4403     0.000368     0.004767    -3.416045   -12.155404
 165    8.4521     0.002279     0.002206    -3.456196    -4.012571
 166    8.4770     0.000175     0.006481     1.179483     1.608730
 167    8.5086     0.049948     0.037616   -22.978324   -24.243948
 168    8.5149     0.012761     0.018765    13.096936    22.891710
 169    8.5192     0.066576     0.043781    19.503201    15.609806
 170    8.5233     0.002573     0.002306     3.314031     2.766772
 171    8.5290     0.001904     0.011858    -0.345204   -36.234689
 172    8.5375     0.001471     0.003349   -10.127050     9.177879
 173    8.5500     0.000924     0.005111     2.976991     7.571452
 174    8.5677     0.012323     0.014492    -3.473493    -9.319248
 175    8.5731     0.009419     0.008695    10.087078     5.510783
 176    8.5784     0.003889     0.006512    -1.999383    -3.385203
 177    8.5950     0.006820     0.004591    -5.518751    -4.830103
 178    8.6055     0.001428     0.000995     5.302104     2.852580
 179    8.6092     0.004122     0.002467    -3.352386    -0.833605
 180    8.6144     0.000977     0.000322    -7.729234    -4.399347
 181    8.6530     0.007471     0.005471    -9.871729    -7.423948
 182    8.6629     0.001452     0.013238    -7.519358    -9.882976
 183    8.6683     0.016361     0.002376    -0.754580    -1.402052
 184    8.6844     0.010775     0.002979   -10.571298     5.082102
 185    8.6906     0.002907     0.004706    -3.567790    -5.698977
 186    8.6975     0.006775     0.005859    17.177848     8.949026
 187    8.7051     0.003621     0.002920     6.775829     1.935791
 188    8.7161     0.010355     0.016891     3.637619    -7.047058
 189    8.7199     0.007462     0.003297    -4.103627    -3.825626
 190    8.7289     0.002316     0.002768    -7.185239    -9.909859
 191    8.7339     0.016367     0.008035    38.568272    28.111774
 192    8.7461     0.001861     0.011326    -2.376862    -6.128277
 193    8.7549     0.021518     0.010131    -5.692593    -1.820079
 194    8.7638     0.006634     0.007264   -11.002639    -6.556239
 195    8.7704     0.009749     0.008324     2.925218     7.388289
 196    8.7948     0.008064     0.025946    25.694047    11.052382
 197    8.8050     0.009589     0.008472    -9.330804    -3.440778
 198    8.8107     0.006026     0.007091    -0.082813     1.332058
 199    8.8114     0.005533     0.001211   -21.852442     4.604313
 200    8.8167     0.005854     0.010899    -0.530188   -19.223327
 201    8.8216     0.006165     0.000547    12.024857     5.435121
 202    8.8251     0.023182     0.014058   -13.056272    -8.941414
 203    8.8447     0.003729     0.001571   -12.849495    -6.349114
 204    8.8548     0.004590     0.004974    -0.447341    13.132788
 205    8.8610     0.004143     0.008110     0.362284     5.550599
 206    8.8806     0.018875     0.012552    20.709796    16.820491
 207    8.8875     0.006868     0.003366   -14.493163    -7.250715
 208    8.9070     0.004020     0.003943   -22.429617   -16.710064
 209    8.9164     0.029273     0.022962     2.842336    -2.400012
 210    8.9220     0.012679     0.010206    15.750559    13.634658
 211    8.9401     0.013314     0.011762    -6.048986     4.882915
 212    8.9484     0.005062     0.002993     1.026519    -3.878429
 213    8.9515     0.004625     0.003986    19.564230    20.533892
 214    8.9632     0.006892     0.004131     2.549023    -2.612695
 215    8.9815     0.002900     0.006024     5.391626    16.206947
 216    8.9846     0.020121     0.016098   -13.364908   -10.909428
 217    9.0104     0.040383     0.016286     0.857282    11.944095
 218    9.0140     0.002344     0.014979    -3.744619    -1.546285
 219    9.0315     0.006067     0.000843    22.833427     7.641408
 220    9.0499     0.001124     0.004498     5.527814    12.946749
 221    9.0597     0.008627     0.012388    -2.376451    -3.360220
 222    9.0745     0.001620     0.006164     0.134538    -2.568572
 223    9.0771     0.006231     0.005665   -10.429414   -17.900490
 224    9.0849     0.004525     0.002302     0.871533     0.667938
 225    9.0995     0.003586     0.001499     5.448184     3.141800
 226    9.1000     0.000390     0.001009    -2.560800     4.359164
 227    9.1030     0.002825     0.005964     1.466226     3.490287
 228    9.1119     0.001958     0.002991    -2.232610    -0.628045
 229    9.1203     0.010958     0.004939    -3.436610    -3.231965
 230    9.1414     0.000152     0.000105    -0.168617    -0.012230
 231    9.1462     0.003806     0.001822     6.742590     3.192813
 232    9.1748     0.000587     0.000798    -1.968138    -0.042181
 233    9.1800     0.000741     0.003390     2.200082    -1.288373
 234    9.1880     0.006592     0.001309     0.018022    -9.516457
 235    9.1954     0.000427     0.000062     0.429824     0.187007
 236    9.2048     0.003845     0.008933     0.569161     1.622795
 237    9.2169     0.001656     0.001782     1.235378     1.694042
 238    9.2262     0.002079     0.002699     1.334410    -5.040542
 239    9.2325     0.001768     0.001450    -4.915328    -5.892407
 240    9.2388     0.001583     0.000742     0.165320     0.111558
 241    9.2484     0.001972     0.000505    -1.885916    -2.616273
 242    9.2528     0.000597     0.000429     1.250021    -0.411753
 243    9.2691     0.004692     0.000357    -5.117939     1.136739
 244    9.2830     0.000547     0.000127    -0.738296    -0.449136
 245    9.2900     0.000775     0.002904    -0.918187     0.611892
 246    9.2969     0.000614     0.001903    -0.328233     0.060735
 247    9.3145     0.001538     0.003042     9.859303     4.960956
 248    9.3421     0.003792     0.005858    -0.812489    -0.644225
 249    9.3528     0.000779     0.000708    -1.314442     0.074219
 250    9.3650     0.001720     0.001850   -11.730889   -12.060208
 251    9.3692     0.003699     0.006375    -0.618161    -0.411469
 252    9.3749     0.006576     0.006522    -0.934690    -3.468393
 253    9.3853     0.011274     0.011358   -34.270760   -34.628332
 254    9.4006     0.001278     0.000669    -2.367515    -1.860492
 255    9.4037     0.002099     0.001786     1.916851     0.566790
 256    9.4064     0.001890     0.001018    -0.387625    -0.187696
 257    9.4140     0.002594     0.001739    -1.786226     0.469669
 258    9.4238     0.000419     0.001066    -2.093055    -2.446204
 259    9.4408     0.005622     0.001883    -2.802747    -2.232540
 260    9.4439     0.001308     0.002350     0.338054    -0.069173
 261    9.4493     0.000204     0.000996     1.146925     4.257807
 262    9.4542     0.002207     0.007419    -1.359487    -2.440631
 263    9.4707     0.003712     0.001608     4.201333     5.593005
 264    9.4785     0.002814     0.004723   -11.446540   -13.392046
 265    9.4807     0.005032     0.002763   -21.409026   -14.877072
 266    9.4940     0.002055     0.002023     3.422069     5.461420
 267    9.4963     0.001101     0.000427    -5.721978    -1.382569
 268    9.5058     0.000057     0.000590     0.667399     0.535437
 269    9.5074     0.001405     0.000935     2.356838     0.924040
 270    9.5159     0.001069     0.002513    -2.778758    -3.549504
 271    9.5284     0.001914     0.002778     6.878269     3.147268
 272    9.5321     0.011344     0.008465    -6.418659    -0.394061
 273    9.5368     0.004830     0.003808     2.391648     0.255197
 274    9.5615     0.001454     0.005019    -1.233149     3.446415
 275    9.5716     0.000152     0.001046    -1.171023     1.605292
 276    9.5801     0.001182     0.000829    -5.665924    -5.820089
 277    9.5907     0.001491     0.001712     5.202571     6.596869
 278    9.5940     0.001443     0.005183     2.572723     7.838429
 279    9.6181     0.002039     0.005838     0.196422    -9.612654
 280    9.6214     0.006021     0.005904     0.914344     0.724826
 281    9.6271     0.002241     0.008709     1.718786    -3.763258
 282    9.6286     0.007678     0.005469     3.252090     2.866677
 283    9.6387     0.002651     0.005660     3.117677     1.124992
 284    9.6421     0.004108     0.002135     3.892963     1.966695
 285    9.6509     0.004810     0.010132     6.552552     6.568276
 286    9.6620     0.000755     0.001193     0.120504     0.109883
 287    9.6653     0.000307     0.000585    -0.582428    -1.379889
 288    9.6745     0.004929     0.005504    -3.102099    -2.858639
 289    9.6798     0.001143     0.001408     2.132387     2.043120
 290    9.6894     0.005032     0.004270    -8.803679    -5.500330
 291    9.6964     0.000719     0.002107     8.692212     7.588717
 292    9.7112     0.004069     0.004382    -3.184950    -2.719531
 293    9.7213     0.001110     0.000857     1.509562    -3.392400
 294    9.7249     0.000695     0.001652     0.015146     0.579207
 295    9.7311     0.001276     0.007116     1.203732     4.397266
 296    9.7385     0.002428     0.001563     0.497475     0.198601
 297    9.7479     0.002855     0.004157    -1.684748    -1.276336
 298    9.7524     0.001106     0.005741     2.685558     6.411460
 299    9.7591     0.001981     0.004366     3.692552     9.073206
 300    9.7668     0.003267     0.007986     2.492457     0.699193
 301    9.7737     0.015910     0.007568    22.612232    19.905116
 302    9.7781     0.004490     0.001835     6.744873     1.247983
 303    9.7899     0.001236     0.004956     2.947779    -2.118154
 304    9.7938     0.007951     0.003709     5.529928     0.943456
 305    9.8118     0.002935     0.002440    -5.114570     2.087042
 306    9.8140     0.000794     0.000205     3.557938    -1.580595
 307    9.8155     0.002204     0.001744     5.790215    -2.481799
 308    9.8219     0.003865     0.003748   -12.240993   -11.920795
 309    9.8326     0.010280     0.012471    -0.556919     2.406141
 310    9.8440     0.004703     0.001200     5.630864     2.722418
 311    9.8494     0.000841     0.004583     7.316458   -14.726321
 312    9.8563     0.004733     0.004790    -8.012823    -8.626404
 313    9.8651     0.005357     0.010252   -23.464055   -23.927438
 314    9.8808     0.002814     0.000137     6.501950     1.076902
 315    9.8858     0.000370     0.000443    -0.955093    -1.068280
 316    9.8921     0.005451     0.000954    21.302888   -11.462324
 317    9.9113     0.008758     0.028296   -21.065408   -46.435893
 318    9.9207     0.016254     0.011825     8.287379    46.997722
 319    9.9263     0.002291     0.003561    -9.248000    -0.153617
 320    9.9348     0.007580     0.003425     0.505377     2.861721
 321    9.9391     0.003860     0.005317   -10.753251   -14.216141
 322    9.9453     0.005341     0.007971    -3.957384    -1.558419
 323    9.9592     0.003822     0.012616     1.107858    -1.985839
 324    9.9642     0.007283     0.003856   -16.482102    12.569710
 325    9.9700     0.005043     0.001280     3.802208     1.668051
 326    9.9768     0.015078     0.013377    11.031088     5.938388
 327    9.9862     0.006801     0.001058   -12.378023    -6.588435
 328    9.9880     0.000948     0.013716     2.743374    12.292008
 329    9.9949     0.006198     0.015852     5.354751    20.536098
 330    9.9984     0.004500     0.003873    -9.563623    10.028011
