 NM
 UV
 MMASS
   828.025999999998     
 LFAKTOR
  0.5
 RFAKTOR
  1.0
 WIDTH
  0.20
 SHIFT
  0.00
 DATXY
   1    3.8104     1.330740     0.616204   -50.390207   -35.795858
   2    3.9072     0.264460     0.154268    -0.812436    -1.190738
   3    4.0104     0.003591     0.001217    -3.206185    -2.221073
   4    4.0233     0.343819     0.119091   -12.730319    -5.340662
   5    4.5416     0.027691     0.011073    -5.315379    -2.128500
   6    4.5461     0.614276     0.203097   -49.545229   -27.447292
   7    4.6014     0.003435     0.002804    -0.455873     1.473675
   8    4.6191     0.003086     0.002665     0.483123     0.002447
   9    4.6878     0.244297     0.092571    69.747353    44.618991
  10    4.7232     0.087636     0.030961    26.674894    16.175094
  11    4.7723     0.016964     0.001790     7.971756     3.152019
  12    4.7817     0.015290     0.014963   -10.522384    -6.871017
  13    4.7970     0.001112     0.000644     8.429532     2.050466
  14    4.8337     0.006521     0.004555   -12.594446    -7.713540
  15    5.0284     0.528878     0.300786  -146.198252   -80.202789
  16    5.0979     0.221891     0.122746   779.813440   626.947096
  17    5.1276     0.705668     0.387582  -787.339199  -614.232463
  18    5.1576     0.053843     0.024525    29.412688    15.197932
  19    5.3385     0.592315     0.380379    -8.803794    -5.462238
  20    5.3492     0.062120     0.042396   -23.764737   -22.056642
  21    5.3746     0.066578     0.047538    13.088771     3.754397
  22    5.4172     0.013447     0.015957    -4.106850    -6.567173
  23    5.4911     0.048752     0.016748   -23.713894   -13.852323
  24    5.5609     0.040513     0.018625   -56.283147   -38.014851
  25    5.6069     0.036807     0.021304    73.679442    30.770558
  26    5.6262     0.089454     0.060107    -9.051602    -1.775420
  27    5.6706     0.111457     0.057155    -6.905986    13.838685
  28    5.6924     0.018789     0.010850   -25.242943     3.283961
  29    5.6978     0.819606     0.375336   -13.909497    35.835622
  30    5.7093     0.027883     0.031133   -52.450297   -78.456228
  31    5.7139     0.265003     0.122948    59.256505    60.798651
  32    5.7214     0.186858     0.105623   141.893065    76.198107
  33    5.7534     0.018062     0.010849   -13.907205   -10.691767
  34    5.7774     0.631925     0.303206   -35.640466   -73.978103
  35    5.8576     0.037539     0.020965   -18.912091   -20.115595
  36    5.8958     0.032436     0.032521    33.887815    33.150179
  37    5.9642     0.136895     0.054693   -19.119071   -14.563943
  38    5.9837     0.031577     0.016571     2.973870     2.396178
  39    6.0057     0.032596     0.018457    11.166106     7.989372
  40    6.0206     0.014929     0.026843   -29.453960   -38.368460
  41    6.0533     0.042036     0.032275  -118.378056  -133.957532
  42    6.0754     0.081633     0.057366   -19.203831    11.499621
  43    6.1111     0.007463     0.010598    -4.645209    -1.214031
  44    6.1314     0.027054     0.031351   -20.238767   -22.829832
  45    6.1423     0.090134     0.063726  -135.364015  -103.061112
  46    6.1540     0.215534     0.091029   202.538265   190.959501
  47    6.1565     0.050323     0.019556    16.746779    -2.301669
  48    6.1759     0.126605     0.059443    23.139453    14.299731
  49    6.2071     0.060185     0.032413   -60.823812   -37.389092
  50    6.2136     0.096606     0.050490   119.160189    58.182169
  51    6.2468     0.056795     0.057325    72.853462    65.238033
  52    6.2671     0.092773     0.049435    19.390299     8.035920
  53    6.2752     0.226908     0.111307    14.579726   -22.936945
  54    6.2921     0.004380     0.011522   -23.179413   235.389743
  55    6.3182     0.155378     0.091928  -167.814338  -213.566111
  56    6.3341     0.040784     0.035455     6.781857   106.713744
  57    6.3843     0.042211     0.012896   482.362922   290.192790
  58    6.3889     0.041376     0.022483   228.855057   209.322433
  59    6.3979     0.174080     0.147661  -300.305197  -306.054258
  60    6.4136     0.334100     0.178208  -239.937078  -192.505073
  61    6.4229     0.008645     0.005773    25.531540    20.082208
  62    6.4362     0.018246     0.009136     6.858186     7.378291
  63    6.4380     0.176273     0.061063  -192.732258  -116.094980
  64    6.4446     0.004736     0.007257   -20.850884   -31.029610
  65    6.4543     0.014619     0.017736   -55.619438   -45.218101
  66    6.4710     0.014437     0.010528    -3.364873   -28.192879
  67    6.5083     0.012514     0.007467    -0.232287     8.588345
  68    6.5201     0.126628     0.111465  -172.023821  -215.628319
  69    6.5376     0.026054     0.023336    -9.320829     6.270482
  70    6.5489     0.086951     0.056608   -60.367633   -81.938747
  71    6.5589     0.155784     0.080904    96.003603    17.666693
  72    6.5710     0.107573     0.085055   -57.307013   -49.896547
  73    6.6039     0.023484     0.022076    21.714086    52.206190
  74    6.6187     0.320674     0.229212   106.865804    92.327225
  75    6.6310     0.358956     0.245711    39.517128    42.916240
  76    6.6593     0.093977     0.094761   -52.069682   -96.647498
  77    6.6964     0.131169     0.084209    17.213324    90.031757
  78    6.7048     0.190786     0.115814   125.561894   122.047944
  79    6.7254     0.021300     0.054409    25.170819    36.301067
  80    6.7304     0.186737     0.117906    -3.820000    -4.202558
  81    6.7380     0.061157     0.030081   -24.645886   -37.986837
  82    6.7419     0.117458     0.103161  -100.392803  -113.840406
  83    6.7768     0.007928     0.012351    13.362427    -8.709846
  84    6.7800     0.023277     0.015920   -32.638144   -33.919108
  85    6.7985     0.005639     0.009851     0.677449     7.715863
  86    6.8068     0.009516     0.012135   -18.105256   -14.008575
  87    6.8188     0.062295     0.041373    22.185894    73.966035
  88    6.8217     0.072085     0.051433   -66.053660   -51.869461
  89    6.8277     0.069565     0.057239    31.050904    -9.268875
  90    6.8476     0.014644     0.011594    14.472592    13.459528
  91    6.8615     0.085998     0.058485    51.012613    33.112402
  92    6.8731     0.002375     0.003778    10.527869    -7.367976
  93    6.8963     0.014775     0.007483    -6.728324    -4.166327
  94    6.9086     0.058078     0.052171    -4.032338   -22.469006
  95    6.9107     0.017297     0.007326   -43.492528   -27.598165
  96    6.9193     0.030703     0.020750   -62.491380   -39.724374
  97    6.9237     0.051801     0.030897   154.027393   117.031009
  98    6.9379     0.038243     0.028675    27.158251    29.881383
  99    6.9513     0.019691     0.003935    19.633363    11.645854
 100    6.9580     0.021840     0.030223    -8.414729   -26.767363
 101    6.9619     0.000127     0.004997    -0.899929    12.358048
 102    6.9838     0.025624     0.013053   -45.083630   -32.369424
 103    6.9947     0.040760     0.018500   -15.032066   -12.590743
 104    7.0022     0.091205     0.042742  -131.698616   -85.845133
 105    7.0107     0.006999     0.006805     5.039382    54.304384
 106    7.0291     0.148065     0.086244   111.092594    84.265879
 107    7.0389     0.019100     0.012429   -43.791124   -36.284464
 108    7.0620     0.024713     0.018574   -15.116721   -14.058513
 109    7.0864     0.062087     0.039723   195.737285   141.431987
 110    7.0996     0.076475     0.018027  -371.082802  -192.762740
 111    7.1140     0.038585     0.012974   214.722553   114.358226
 112    7.1271     0.010892     0.005878    11.465340   -13.949055
 113    7.1329     0.012779     0.013110   -11.280299   -11.138780
 114    7.1432     0.022728     0.025844  -189.677256  -161.558811
 115    7.1755     0.036680     0.023397   -41.172529   -18.665352
 116    7.1876     0.047549     0.024089    35.071454    26.113523
 117    7.1933     0.101897     0.063082    42.493845    30.171098
 118    7.2099     0.150246     0.076386  -139.525401   -34.104243
 119    7.2224     0.014885     0.007179    29.661021    24.858313
 120    7.2357     0.022716     0.007052    31.123239     5.434968
 121    7.2406     0.052320     0.035204   124.315125   107.141401
 122    7.2629     0.036203     0.029056   -34.251565   -36.747988
 123    7.2723     0.029580     0.016938    54.226527    52.828936
 124    7.2808     0.016918     0.015855   -28.148667   -35.157883
 125    7.2878     0.052047     0.036727    95.748599    89.747142
 126    7.3073     0.014786     0.015516    28.979697    65.587300
 127    7.3137     0.025649     0.015866     7.247630    -2.978912
 128    7.3170     0.028639     0.017757   -63.100043   -28.343655
 129    7.3202     0.017189     0.013664   -10.909055   -36.120563
 130    7.3259     0.017543     0.010760    15.086221    20.920863
 131    7.3351     0.007290     0.005238   -16.744565   -20.313706
 132    7.3381     0.050046     0.009902    73.929283    25.296460
 133    7.3478     0.007431     0.006382    44.757218    31.085394
 134    7.3514     0.011780     0.010915    21.082923    26.614938
 135    7.3540     0.009623     0.025085    35.846983    58.122928
 136    7.3609     0.123418     0.066696    11.327215     5.246539
 137    7.3639     0.053347     0.036318   -44.878837   -28.589245
 138    7.3789     0.043768     0.060405   -34.650098   -39.803105
 139    7.3911     0.036425     0.033037   -73.741591    46.173568
 140    7.3947     0.063815     0.031921   109.749319   -73.250804
 141    7.4100     0.123133     0.047844    15.835899     5.013644
 142    7.4165     0.012413     0.012706    64.716211    66.186516
 143    7.4229     0.127379     0.060340     8.760613    -3.918051
 144    7.4278     0.018572     0.024817    63.407627    61.879377
 145    7.4318     0.015364     0.010844    -5.427085    -4.948000
 146    7.4370     0.033515     0.013367   100.493870    51.770523
 147    7.4472     0.045502     0.038303   -67.956489   -53.207461
 148    7.4519     0.107584     0.051320   -56.024838   -36.981884
 149    7.4711     0.042301     0.031134  -154.600276  -145.481073
 150    7.4749     0.105721     0.058759    41.110799    33.321108
 151    7.4819     0.009054     0.004334    10.914006    20.742859
 152    7.4880     0.058860     0.050266    -8.207468    -3.186229
 153    7.4917     0.038828     0.021944   -11.268587    -6.679803
 154    7.5050     0.084765     0.073761   228.200730   218.814768
 155    7.5156     0.054431     0.045005    67.284000    72.576038
 156    7.5214     0.091106     0.047849    35.988847    -6.321857
 157    7.5256     0.067017     0.035344   253.699365   148.785695
 158    7.5269     0.065499     0.037285   -39.566761   -53.978530
 159    7.5431     0.137384     0.079590    55.237674    61.843642
 160    7.5523     0.191831     0.106527  -335.799285  -226.298021
 161    7.5611     0.013180     0.002035   -45.814936     8.415323
 162    7.5687     0.039660     0.017414   -15.714887   -10.982329
 163    7.5816     0.018208     0.031922    31.350677   169.539896
 164    7.5886     0.003012     0.002011    -6.781012     9.939914
 165    7.5982     0.062907     0.028549   -39.243873   -14.309107
 166    7.6041     0.003503     0.001347     3.878290    -0.895711
 167    7.6194     0.014017     0.002059   -30.999700    -8.956660
 168    7.6314     0.007778     0.010267    16.081691    40.268644
 169    7.6388     0.010862     0.011975     0.437546    -2.584368
 170    7.6416     0.012878     0.014966     7.810912    15.854352
 171    7.6427     0.008243     0.005814     6.668128     8.850493
 172    7.6488     0.054272     0.044708    52.466297     4.458905
 173    7.6609     0.017137     0.020688    -8.450897   -14.921220
 174    7.6721     0.040507     0.027578     1.721421    55.648638
 175    7.6789     0.014771     0.017775    31.761150    46.837747
 176    7.6937     0.028189     0.022621    28.481181    46.688045
 177    7.6997     0.028224     0.011475   -85.825195   -61.033470
 178    7.7076     0.128429     0.062875   162.931888    67.660969
 179    7.7189     0.010556     0.007397    -6.661243    15.700628
 180    7.7339     0.009903     0.034130     0.672032    24.318142
 181    7.7382     0.009201     0.013766   -51.902341   -61.938887
 182    7.7537     0.007234     0.025806   106.269192  -128.940689
 183    7.7580     0.008235     0.011237   -14.322407   -12.736225
 184    7.7597     0.004300     0.002007     1.789447     3.997807
 185    7.7706     0.054872     0.033606    -9.765690   -10.150470
 186    7.7765     0.011128     0.014457   -17.978538   -21.633894
 187    7.7811     0.039962     0.015059    48.439979     1.208519
 188    7.7839     0.022723     0.015695   -51.488124   -56.599882
 189    7.7943     0.025441     0.029107   -23.053474   -29.934438
 190    7.7979     0.033781     0.020388    39.105330    15.625466
 191    7.8041     0.031136     0.013078   -81.664754   -76.375355
 192    7.8095     0.004623     0.007004    -1.974830    -3.458081
 193    7.8293     0.003943     0.009537     3.852066     0.573227
 194    7.8328     0.012287     0.004313     8.805029    -2.539871
 195    7.8405     0.008040     0.006471    -1.840459    -7.560062
 196    7.8511     0.020909     0.023092   -21.238237     0.579629
 197    7.8546     0.012358     0.010301     2.728610   -18.102189
 198    7.8558     0.009748     0.003469   -24.067558   -11.983091
 199    7.8621     0.005918     0.008927    -2.285184    -6.100919
 200    7.8667     0.007056     0.006735   -14.361232    -0.275071
 201    7.8718     0.011118     0.008750   -25.245414   -23.322785
 202    7.8749     0.033043     0.025614    59.000388    47.108274
 203    7.8842     0.024011     0.018455   -33.275653   -38.326860
 204    7.8976     0.005575     0.022339   -20.464423     0.193204
 205    7.9044     0.014593     0.007737   -14.311789    52.900723
 206    7.9101     0.015456     0.035132   -40.459107   -62.108777
 207    7.9133     0.039735     0.019596    -1.521837    26.384552
 208    7.9284     0.007936     0.003233   -16.704640    -6.757500
 209    7.9327     0.006527     0.006351   -13.820730   -13.267200
 210    7.9358     0.010219     0.006500   -10.005983     0.169066
 211    7.9361     0.003883     0.008835    13.454451    11.812977
 212    7.9393     0.010154     0.007791     6.471071    -6.435944
 213    7.9548     0.001539     0.001489   -10.898969     1.634195
 214    7.9713     0.003366     0.006560     1.475835    15.899131
 215    7.9756     0.029239     0.016530    92.763026    79.244459
 216    7.9845     0.015818     0.008149   -25.070565   -20.228954
 217    8.0057     0.047683     0.039184    -4.527784     3.947508
 218    8.0098     0.027513     0.014764   -48.352311   -18.549734
 219    8.0115     0.017713     0.022922   -16.155334   -18.634255
 220    8.0219     0.038733     0.015912    15.009097    21.355821
 221    8.0285     0.002311     0.015220    22.972002    52.397356
 222    8.0336     0.027472     0.022912    -2.944140    -0.705687
 223    8.0396     0.047127     0.018347   -26.496111    -6.117290
 224    8.0419     0.023221     0.034152     7.788231    14.906480
 225    8.0448     0.001574     0.005476    13.299374    13.222127
 226    8.0467     0.007035     0.007831     6.562212     2.045853
 227    8.0490     0.006515     0.012204    -7.233130   -14.443126
 228    8.0537     0.003169     0.002103     7.034576     7.680676
 229    8.0607     0.035818     0.029861    37.764460    56.901826
 230    8.0626     0.050051     0.047149    31.289879    32.586488
 231    8.0680     0.003731     0.013821   -44.413791   -28.074455
 232    8.0819     0.069744     0.035022   -82.129979   -24.684816
 233    8.0871     0.057048     0.051027    37.528881    88.126201
 234    8.0913     0.039234     0.039832   -20.955200   -15.999468
 235    8.0935     0.040069     0.020193  -119.009997   -71.349012
 236    8.0970     0.008953     0.002824     7.625900     9.588978
 237    8.0977     0.002128     0.004350    -1.466233    -8.762095
 238    8.1074     0.015256     0.047752   -25.961860   -63.348449
 239    8.1140     0.046197     0.021613    -1.213429    -2.471544
 240    8.1190     0.008095     0.009111     8.878148     2.101887
 241    8.1208     0.011847     0.003370     2.795195     5.730205
 242    8.1244     0.026272     0.023390    19.898870     8.199171
 243    8.1300     0.026282     0.040433     7.461590     9.028854
 244    8.1416     0.007592     0.002750    52.288321    16.583625
 245    8.1474     0.025953     0.010738    -0.339712    13.320476
 246    8.1494     0.003854     0.001984    13.100315     7.553771
 247    8.1557     0.023570     0.015410   -14.042029    28.499218
 248    8.1637     0.017341     0.018834     6.769782   -34.392813
 249    8.1680     0.021814     0.025794    -1.914502   -12.019573
 250    8.1749     0.002441     0.002932     9.647433     9.943207
 251    8.1775     0.023340     0.070732   -12.915116   -22.600180
 252    8.1811     0.047267     0.136283    -9.448991    36.045500
 253    8.1890     0.081689     0.078668    94.309293    22.422368
 254    8.1958     0.017246     0.014671    14.697262    11.193080
 255    8.2009     0.013507     0.055604  -110.018065  -152.066240
 256    8.2031     0.005241     0.011965   -13.354087   -25.232145
 257    8.2054     0.024639     0.008588   137.723825    74.009897
 258    8.2107     0.025766     0.011944   -12.634146   -11.238493
 259    8.2185     0.008987     0.005087   -24.085638   -18.295865
 260    8.2290     0.021661     0.009424   -25.183299   -14.659495
 261    8.2367     0.011782     0.009962   -27.701749   -21.794919
 262    8.2422     0.000394     0.000086    -3.344097     0.992741
 263    8.2444     0.004619     0.004323    -0.568767    -2.204214
 264    8.2473     0.004321     0.006612     1.066974    -0.963371
 265    8.2530     0.014834     0.028808    -4.546937   -15.530030
 266    8.2572     0.006893     0.008987    10.581786     2.316023
 267    8.2649     0.011302     0.011133   -42.694734   -40.545456
 268    8.2697     0.013339     0.016004    -3.567584    -4.136644
 269    8.2760     0.015442     0.024439   -11.003556    -5.492567
 270    8.2777     0.006709     0.008330    12.733290    19.240772
 271    8.2917     0.016834     0.014678   -20.268778   -16.682723
 272    8.2999     0.005203     0.010771    -8.362490   -11.981031
 273    8.3078     0.003087     0.003904    12.910264    18.430533
 274    8.3219     0.012824     0.005221   -51.953263   -30.076909
 275    8.3278     0.013178     0.021487    40.686904    47.581754
 276    8.3447     0.006541     0.011203    -1.227158    -9.543316
 277    8.3468     0.011705     0.013080   -13.612855   -12.691812
 278    8.3551     0.004593     0.009938    22.156298    35.457219
 279    8.3620     0.002240     0.000414   -15.155580    -0.069659
 280    8.3639     0.004949     0.008370     0.187407   -10.459840
 281    8.3930     0.003576     0.002857     8.503688    15.809900
 282    8.4036     0.004556     0.011486     6.816814    12.269762
 283    8.4086     0.004776     0.002092     8.138651    -3.184239
 284    8.4110     0.006296     0.003207    -0.461623    -0.847271
 285    8.4179     0.001893     0.000452     4.228144     1.407757
 286    8.4219     0.005449     0.002936    -0.764287    -0.701977
 287    8.4267     0.004107     0.002353    -4.820128    -0.899846
 288    8.4300     0.001919     0.000422     8.540628    -3.781411
 289    8.4327     0.009083     0.009497    20.161353    13.034613
 290    8.4360     0.005951     0.008410   -13.907445   -36.236714
 291    8.4475     0.006002     0.017963    14.075759    -0.997541
 292    8.4667     0.021500     0.015941     0.221549     2.499947
 293    8.4753     0.006120     0.027586    -2.809313    79.399177
 294    8.4820     0.035497     0.021049     7.210931     1.702829
 295    8.4837     0.010497     0.046630   -25.189025    16.074843
 296    8.4868     0.004305     0.004735     6.336857    14.783309
 297    8.4901     0.007457     0.013119   -22.129548   -32.511942
 298    8.4967     0.003550     0.001147    -1.169844    -0.815815
 299    8.5022     0.006387     0.010670     6.274923    10.568206
 300    8.5121     0.042970     0.007534    21.062984    31.909250
 301    8.5233     0.009880     0.013244    16.868870    -0.392297
 302    8.5262     0.009431     0.005756     4.681972     0.830039
 303    8.5300     0.007561     0.011539    30.658509    26.466921
 304    8.5340     0.019592     0.013235    18.005684    25.050236
 305    8.5404     0.008613     0.012534     4.633931     2.404306
 306    8.5451     0.047079     0.031703    26.882057    24.302947
 307    8.5474     0.026119     0.019746   -11.200323   -12.654039
 308    8.5479     0.003816     0.002645    -6.440778    -7.406911
 309    8.5538     0.008542     0.013623   -10.753779     0.701886
 310    8.5600     0.002253     0.001692   -14.005142    -3.436988
 311    8.5647     0.006493     0.002620     1.903755    -1.286083
 312    8.5704     0.010364     0.015780   -30.450508   -30.309906
 313    8.5755     0.002078     0.008633     5.013883    -0.633553
 314    8.5793     0.003677     0.004157    -6.145472     0.430669
 315    8.5807     0.000075     0.000042    -0.152665     0.094282
 316    8.5865     0.003979     0.005606    21.592791    16.046749
 317    8.5960     0.014942     0.007466   -23.737266   -10.406813
 318    8.5968     0.014050     0.020698   -52.497018    22.259212
 319    8.6098     0.002926     0.011964   -14.189910   -33.405097
 320    8.6163     0.003628     0.014210     3.387580     7.026092
 321    8.6213     0.000096     0.005054     2.931634   -41.706956
 322    8.6241     0.000328     0.004982    -6.889980     9.118357
 323    8.6274     0.025828     0.008457     6.389168    -4.321051
 324    8.6313     0.013013     0.003667    37.167330    11.452376
 325    8.6343     0.001698     0.002172    -1.228948     1.840875
 326    8.6432     0.001417     0.001390    -4.489177     0.360309
 327    8.6444     0.006823     0.002670    54.969276    17.615383
 328    8.6460     0.017790     0.024874   -23.957829    12.392896
 329    8.6526     0.001225     0.000401    -5.044346    -2.841970
 330    8.6561     0.000279     0.000170     0.082365    -0.008528
 331    8.6626     0.037963     0.037532   -29.298412   -15.581304
 332    8.6665     0.005020     0.013688     8.778480    20.314680
 333    8.6680     0.038169     0.018221    32.071963    47.872134
 334    8.6766     0.001713     0.001337    -0.634324     2.162360
 335    8.6787     0.009358     0.006432    -0.677607    -8.201742
 336    8.6836     0.004005     0.003212    -9.889825    -8.495584
 337    8.6929     0.003416     0.014100    -0.456956    -4.742023
 338    8.6965     0.001413     0.018260     0.123258   -11.593959
 339    8.6987     0.012082     0.009334    15.501126    15.118922
 340    8.7026     0.008697     0.012979   -24.846278   -33.433292
 341    8.7051     0.037807     0.027823    57.089919    61.145434
 342    8.7074     0.009543     0.015282   -42.069823   -38.742030
 343    8.7127     0.022638     0.017033   -10.248023   -26.876900
 344    8.7167     0.013429     0.009676    14.606389    -2.462979
 345    8.7223     0.018207     0.010441    52.419963    -5.774354
 346    8.7285     0.016446     0.013421    -9.211971    17.572508
 347    8.7332     0.040795     0.025637    53.301470    40.892426
 348    8.7387     0.022581     0.012712    15.388352     2.496417
 349    8.7456     0.007692     0.007722    19.032824     1.164272
 350    8.7498     0.010092     0.004325     8.983473     6.205310
 351    8.7523     0.025800     0.019609    61.446300    60.845237
 352    8.7554     0.017356     0.012315   -28.658487   -31.704330
 353    8.7566     0.017956     0.020412    -4.649562    12.358855
 354    8.7607     0.014116     0.016765   -36.806847   -22.335746
 355    8.7622     0.000304     0.000471    -0.581742    -0.875536
 356    8.7658     0.033734     0.034222    10.693562    12.834981
 357    8.7676     0.019783     0.011030    17.770269     7.108405
 358    8.7700     0.006929     0.017719    -5.807754   -10.441845
 359    8.7752     0.007523     0.007297     1.760198     5.222495
 360    8.7761     0.027571     0.020215   -40.008512   -45.699802
 361    8.7777     0.012787     0.014097   -17.564938     4.356871
 362    8.7789     0.000210     0.000574    -0.998760    -3.776516
 363    8.7831     0.005723     0.006091     0.151757    -6.388117
 364    8.7864     0.012344     0.011480   -34.828321   -29.383251
 365    8.7873     0.016757     0.015143     1.996395     1.342550
 366    8.7943     0.014633     0.016375   -60.736619    -2.266659
 367    8.7969     0.023634     0.009291   -93.682612   -54.787780
 368    8.8032     0.023776     0.010348   -72.829109   -48.265086
 369    8.8078     0.004425     0.004934   -15.042442   -20.181075
 370    8.8101     0.019515     0.011516    -2.543299    10.482362
 371    8.8168     0.005495     0.000509     9.099194    -1.364630
 372    8.8204     0.000434     0.001910     3.318707    -1.371338
 373    8.8216     0.001430     0.007518   -12.969343   -20.348464
 374    8.8224     0.001041     0.001673    -3.963797    -4.334965
 375    8.8357     0.063582     0.039363     1.394990     3.584407
 376    8.8364     0.020814     0.014138    21.939840    18.416547
 377    8.8407     0.007469     0.007394   -18.243826     2.540478
 378    8.8446     0.009857     0.006478    23.572198    29.607705
 379    8.8465     0.007473     0.007537     4.199915     6.287088
 380    8.8518     0.008240     0.003916    -2.778426    -2.688484
 381    8.8537     0.032407     0.018755    -8.268153    -3.175414
 382    8.8575     0.040744     0.022305    24.934533    22.052722
 383    8.8605     0.031129     0.020024     4.584339     3.428721
 384    8.8616     0.012270     0.008502    20.704890    -5.556718
 385    8.8678     0.011685     0.016365     1.575590   -20.673884
 386    8.8718     0.003542     0.002116    -2.385488     0.423326
 387    8.8766     0.019726     0.016931    26.344642    14.166470
 388    8.8779     0.020598     0.024797     0.246435   -61.277120
 389    8.8833     0.012947     0.011531    20.722919    25.690304
 390    8.8902     0.003439     0.001437    14.655988     0.009477
 391    8.8945     0.006590     0.020647    28.036060    46.756831
 392    8.8962     0.012997     0.011868     1.891876     5.481592
 393    8.9057     0.000242     0.004789    -1.432439    -1.686477
 394    8.9093     0.012463     0.018143    30.809818    46.651823
 395    8.9116     0.000397     0.003057    -3.607540   -19.542383
 396    8.9134     0.040201     0.034987    -0.797437   -21.549874
 397    8.9177     0.015226     0.010360    15.853015    17.640622
 398    8.9203     0.033742     0.019291    25.882460    24.693686
 399    8.9242     0.008985     0.003863   -26.826528    -6.095065
 400    8.9315     0.075664     0.048184   -35.973383   -26.541737
 401    8.9410     0.053921     0.030416   -19.808656    -7.905283
 402    8.9459     0.004598     0.003972    23.315738   -10.185363
 403    8.9467     0.021602     0.025812    -6.579983    -7.242528
 404    8.9556     0.037362     0.016351    90.838678    60.091286
 405    8.9595     0.017422     0.022349    19.755401    40.478967
 406    8.9628     0.043605     0.033443   -55.425305   -52.898135
 407    8.9672     0.020634     0.018699   -21.080400   -16.596906
 408    8.9696     0.008718     0.003322    49.297403    31.323648
 409    8.9748     0.015993     0.009125    36.813205    35.134982
 410    8.9766     0.003999     0.001549     8.942388    16.333294
 411    8.9781     0.007512     0.000731    15.986983    -9.519554
 412    8.9839     0.002726     0.002080    13.727310     9.011370
 413    8.9900     0.004469     0.000703    20.743139    15.289514
 414    8.9935     0.030227     0.017237   -10.296838    20.049328
 415    8.9989     0.009012     0.002487     0.021689   -11.157339
 416    9.0020     0.003798     0.016064   -30.513197   -74.943282
 417    9.0105     0.011845     0.013422   -31.039878    13.234086
 418    9.0126     0.004204     0.004636    -0.483511    -3.249227
 419    9.0177     0.001326     0.000432    -2.836361    -2.259831
 420    9.0201     0.000380     0.000526     5.967414    13.197505
 421    9.0292     0.001223     0.001532     1.228520     0.950035
 422    9.0321     0.003878     0.002928    -2.552184    -2.296935
 423    9.0353     0.005929     0.004971     5.382537     3.053128
 424    9.0369     0.000302     0.000629     0.694503    -0.965262
 425    9.0451     0.003503     0.003539   -12.681483   -11.033662
 426    9.0466     0.003324     0.002570    -4.283620    -6.920825
 427    9.0546     0.019030     0.013021     5.414373     5.093099
 428    9.0607     0.001986     0.001997    -0.401383    -4.427678
 429    9.0656     0.000782     0.002465    -1.875692    -3.277598
 430    9.0738     0.001253     0.003090    -5.599508    -7.695568
 431    9.0767     0.004888     0.004600     0.357799     0.957240
 432    9.0819     0.004055     0.002238     0.762801    -0.087572
 433    9.0831     0.000791     0.000814     0.553144    -3.173608
 434    9.0876     0.000396     0.000160     0.123212     0.014264
 435    9.0897     0.005332     0.003875     3.428902     0.263927
 436    9.0938     0.001400     0.001860    -1.854986    -2.518236
 437    9.0962     0.000124     0.000077    -0.077673    -0.088194
 438    9.0996     0.018347     0.011763     4.358066     1.846106
 439    9.1027     0.001477     0.001197     1.182866     1.384693
 440    9.1071     0.009629     0.006818    -9.852543    -7.578650
 441    9.1144     0.024862     0.010059    15.476787     9.065599
 442    9.1198     0.010835     0.009916    22.339606    18.788177
 443    9.1251     0.002589     0.001257     1.496805     1.074663
 444    9.1276     0.002681     0.004939    -9.814882   -15.937077
 445    9.1301     0.003227     0.002054   -13.797854   -12.397111
 446    9.1316     0.002662     0.000518   -11.922045    -5.662143
 447    9.1350     0.010534     0.006516    -1.270944    -0.513572
 448    9.1395     0.006140     0.003502    -3.215217    -2.215731
 449    9.1409     0.007366     0.007457    -0.882553    -0.132056
 450    9.1449     0.004345     0.003287   -10.225311    -5.419660
 451    9.1489     0.024314     0.015829    -7.651874    -6.161555
 452    9.1537     0.001698     0.002805    -1.941980     7.747282
 453    9.1576     0.002305     0.000848     2.883610     2.314712
 454    9.1609     0.003470     0.006281   -11.969051   -15.901192
 455    9.1639     0.011137     0.006162    10.094202     7.706519
 456    9.1710     0.002780     0.001564   -17.132460   -13.501749
 457    9.1720     0.002869     0.001773    -3.576962    -4.284981
 458    9.1729     0.009876     0.001786   -25.614931    -9.218057
 459    9.1798     0.015115     0.009708   -16.490963   -11.007766
 460    9.1825     0.025007     0.017400     0.503964    -0.691714
 461    9.1864     0.009876     0.006780    16.748975    13.702782
 462    9.1951     0.018650     0.030512    11.360678    12.385614
 463    9.1982     0.022879     0.019788    11.036768     9.601638
 464    9.2021     0.003529     0.001977    14.029700    -8.711677
 465    9.2087     0.006831     0.003939     6.330642     2.162401
 466    9.2138     0.011371     0.005440     5.742844     7.985103
 467    9.2208     0.005593     0.004488    10.099278     5.620989
 468    9.2223     0.009530     0.003879    11.611541    21.018892
 469    9.2252     0.014081     0.008228   -16.353239   -11.507169
 470    9.2304     0.007818     0.006966     5.195854     0.625466
 471    9.2352     0.008672     0.004527    -8.273380    -2.832677
 472    9.2390     0.011991     0.013881     0.560392     7.694793
 473    9.2451     0.008836     0.007565    17.682127    18.532372
 474    9.2472     0.011330     0.008007     4.982791     3.301237
 475    9.2547     0.042790     0.030481   -19.639681   -11.376218
 476    9.2625     0.018093     0.007458   -14.177965   -18.547465
 477    9.2696     0.002171     0.001224     0.128489    -1.837730
 478    9.2719     0.005775     0.004075   -11.657193   -18.229268
 479    9.2736     0.005926     0.003800    20.604937    15.477199
 480    9.2753     0.008347     0.007232    20.858805    13.141945
 481    9.2827     0.005047     0.008251    -2.066993   -12.412561
 482    9.2847     0.007679     0.003921     9.773038     1.671295
 483    9.2865     0.012196     0.012146   -13.367426    -7.868299
 484    9.2925     0.002144     0.004295     3.284870     4.264644
 485    9.2982     0.000287     0.000912    -0.396555    -0.173477
 486    9.3010     0.013196     0.006792     7.992851     0.094153
 487    9.3050     0.002479     0.000620     5.554511    -0.502889
 488    9.3102     0.007589     0.001566     5.745522     3.678691
 489    9.3183     0.006492     0.010028     4.451955     1.693373
 490    9.3239     0.016110     0.011199    10.185851     6.458005
 491    9.3250     0.002175     0.005956     2.020460     6.397248
 492    9.3281     0.013555     0.008550   -30.117923   -18.995893
 493    9.3386     0.006644     0.003261    -7.591755    -9.051644
 494    9.3412     0.004747     0.009072    -0.164580    12.423155
 495    9.3450     0.001329     0.000543    -3.479424    -1.427173
 496    9.3475     0.004464     0.003684    -7.903455    -7.124717
 497    9.3555     0.004046     0.013421     6.570845    12.027417
 498    9.3580     0.000910     0.005176    -0.017891     9.387366
 499    9.3582     0.000301     0.004189     2.862499    12.432837
 500    9.3656     0.004699     0.002787     2.739477     1.219983
 501    9.3673     0.002151     0.001755    -7.810159    -2.873026
 502    9.3695     0.009324     0.010169    -3.233493     2.673849
 503    9.3724     0.011277     0.006887    35.768245    28.330225
 504    9.3733     0.004373     0.007902     6.577045    13.430605
 505    9.3770     0.003867     0.002458   -10.324150    -8.920692
 506    9.3893     0.003420     0.001598     2.163640     9.158907
 507    9.3918     0.002654     0.010880    -8.543835    24.889653
 508    9.3946     0.001173     0.007528     2.454378   -17.452510
 509    9.4037     0.003028     0.001080     6.830863    -0.378994
 510    9.4087     0.011631     0.006266   -27.764792    -3.761734
 511    9.4126     0.004580     0.005968   -12.284013    -5.743922
 512    9.4207     0.003548     0.006541    12.809928   -19.593033
 513    9.4264     0.013435     0.005607    19.945562     9.298308
 514    9.4321     0.003633     0.001228     7.809233    -0.524718
 515    9.4342     0.000762     0.002243    -4.806468    -0.328758
 516    9.4361     0.004144     0.003155    10.852878    -5.792323
 517    9.4395     0.001172     0.001266    -1.462544     8.724668
 518    9.4412     0.002111     0.000760    -6.400096     4.364233
 519    9.4522     0.002388     0.007913     4.069307     2.919673
 520    9.4567     0.017342     0.011609    -1.826329    -7.905231
 521    9.4587     0.000355     0.000143    -1.261335    -1.475671
 522    9.4628     0.003084     0.001450    -0.615933     0.100861
 523    9.4647     0.005538     0.003701   -16.289367    -9.147396
 524    9.4682     0.009146     0.014539    19.199297     9.149499
 525    9.4686     0.005725     0.001855   -11.049179    -6.039884
 526    9.4729     0.001411     0.001863     4.757004     1.881137
 527    9.4766     0.000768     0.000319    -5.277058    -2.521018
 528    9.4828     0.002590     0.005327    -4.060635    -7.108703
 529    9.4861     0.004525     0.003514    -9.432515    -9.998726
 530    9.4913     0.001285     0.001526    -9.069310    -2.841631
 531    9.4921     0.004358     0.001098    -6.591507    -5.111470
 532    9.4957     0.003838     0.002408   -20.988948   -13.534213
 533    9.4991     0.001348     0.001048    -3.186821    -2.884400
 534    9.5021     0.000531     0.002417    -0.104766     5.373326
 535    9.5048     0.001474     0.001587    -6.605238    -5.460646
 536    9.5083     0.002227     0.001961   -15.440069     8.553027
 537    9.5120     0.004329     0.008980    -0.942082   -10.636564
 538    9.5143     0.002485     0.000580     8.118284    -0.458994
 539    9.5180     0.002923     0.002508     4.040027     1.791248
 540    9.5216     0.003445     0.002941   -17.022982   -15.580426
 541    9.5246     0.002821     0.003119    -4.743073    -4.620407
 542    9.5287     0.022227     0.017302    -7.900411    -5.393480
 543    9.5319     0.005418     0.004237     2.172160    12.523134
 544    9.5378     0.005489     0.002526    -2.666646    -4.624802
 545    9.5406     0.003112     0.004188     2.399740     2.567404
 546    9.5444     0.000570     0.000268     1.703418     2.367196
 547    9.5518     0.003826     0.010243     5.147655    18.614511
 548    9.5557     0.002246     0.000729    10.076352    -0.482165
 549    9.5642     0.001291     0.003616    -6.511900    -5.919280
 550    9.5660     0.003505     0.003892    -0.756830    -5.402444
 551    9.5704     0.004365     0.003521   -13.743664   -18.453773
 552    9.5730     0.001525     0.000643    -3.276868    -1.816591
 553    9.5776     0.002313     0.001253     3.413439     2.950820
 554    9.5802     0.000612     0.000374     2.913634     2.044075
 555    9.5840     0.001190     0.000900     0.012180     0.995633
 556    9.5884     0.001861     0.004145    -1.233692     3.524183
 557    9.5938     0.002892     0.001510    -0.511843     6.426306
 558    9.5964     0.001027     0.001129    -0.114047     2.294205
 559    9.5997     0.000717     0.001034    -7.210232     3.814125
 560    9.6006     0.000137     0.000008    -2.232272     0.143027
 561    9.6064     0.004433     0.004963    -4.585353    -6.157392
 562    9.6093     0.001456     0.001477    -8.190149    -9.426048
 563    9.6129     0.000775     0.000610     2.988023     2.259743
 564    9.6153     0.001160     0.000931    -1.401847     2.453074
 565    9.6217     0.004455     0.000995    16.103876     1.402352
 566    9.6228     0.000987     0.001128    -3.704109     3.718649
 567    9.6239     0.000816     0.001613     2.890566    -5.002048
 568    9.6326     0.000798     0.000239    -5.377308    -4.247210
 569    9.6347     0.004095     0.002923    -2.188331    -2.137663
 570    9.6360     0.000368     0.000586    -0.129419     0.608603
 571    9.6402     0.002716     0.001368     6.478699     6.605107
 572    9.6448     0.006367     0.002132     8.836385     1.131072
 573    9.6489     0.003572     0.004544   -10.807694    -5.262124
 574    9.6503     0.003860     0.003662    -1.578198    -1.347324
 575    9.6547     0.004080     0.001039    -1.151694    -3.393508
 576    9.6615     0.004004     0.001843    10.772807     5.940258
 577    9.6648     0.003857     0.000543     7.081044     2.569257
 578    9.6730     0.003414     0.001106    -3.144479    -0.022826
 579    9.6777     0.002173     0.001922    -3.990894    -3.472036
 580    9.6809     0.000501     0.000378    -1.987656    -1.349434
 581    9.6830     0.002626     0.003079    -3.193935    -3.927871
 582    9.6850     0.001363     0.000246     9.580585     3.726954
 583    9.6880     0.003579     0.003789    -5.814505    -3.878952
 584    9.6940     0.001480     0.003147     0.827435    -4.884985
 585    9.6993     0.000095     0.000546    -1.111235    -4.213574
 586    9.7060     0.000053     0.001843    -0.519834    -3.951338
 587    9.7081     0.005335     0.003205    -2.657829     0.474234
 588    9.7107     0.000405     0.000581    -0.679814    -1.307532
 589    9.7186     0.000966     0.000784    -1.748614     3.994317
 590    9.7254     0.001368     0.001012    -5.441952     4.253225
 591    9.7268     0.000503     0.001151    -3.429612     4.771705
 592    9.7293     0.000661     0.000662     0.456397    -0.339078
 593    9.7313     0.000678     0.000857     3.137065     4.649073
 594    9.7366     0.002698     0.000162   -12.213100    -1.742161
 595    9.7430     0.001667     0.002985    -2.132506    16.808719
 596    9.7443     0.000212     0.001269     0.252241     1.756127
 597    9.7474     0.000469     0.000516     0.863686     0.796787
 598    9.7507     0.001035     0.000687     1.012820    -1.126349
 599    9.7535     0.000433     0.000234     2.871417     3.400994
 600    9.7537     0.001536     0.000642     1.700920     1.346065
 601    9.7558     0.000959     0.001104    -0.441497    -2.636523
 602    9.7581     0.002074     0.003283    -0.727803    -1.247235
 603    9.7644     0.002909     0.000500    -1.210516     0.653108
 604    9.7650     0.000670     0.001870     5.999383     5.194930
 605    9.7674     0.001065     0.000903    -9.790130    -8.268113
 606    9.7689     0.002833     0.000469     5.272040     0.405541
 607    9.7739     0.001295     0.002103    -5.095643    12.111276
 608    9.7775     0.000448     0.001488    -0.293102     0.053291
 609    9.7783     0.000270     0.001031     2.449081    -0.197721
 610    9.7803     0.000568     0.000675     1.846131     3.993975
 611    9.7836     0.001111     0.001062    -3.600635    -1.747429
 612    9.7857     0.001587     0.000101     2.942463     0.379907
 613    9.7903     0.001821     0.005108     3.743272    14.693348
 614    9.7955     0.003025     0.007059    -6.759795   -15.230548
 615    9.7966     0.001997     0.001231     0.380282     4.309570
 616    9.8004     0.000733     0.000794    -1.273052    -2.134590
 617    9.8025     0.002653     0.001759    -2.170136     9.611122
 618    9.8047     0.000846     0.000103    -0.687214     1.572763
 619    9.8082     0.000639     0.000352    -4.166371    -2.794714
 620    9.8127     0.002706     0.000418     3.255292     1.316867
 621    9.8135     0.001582     0.001923    -2.715163    -1.282661
 622    9.8174     0.001735     0.002097     2.635611     7.582540
 623    9.8197     0.001383     0.001119    -0.020379    -0.226702
 624    9.8206     0.000854     0.001911    -3.565975    -1.078451
 625    9.8207     0.001203     0.000723     5.458466    -5.152420
 626    9.8265     0.001539     0.005329    -6.384911    -5.137011
 627    9.8278     0.002079     0.001477    -2.835033    -0.330851
 628    9.8283     0.000503     0.000498     1.517095     1.102936
 629    9.8326     0.003213     0.002540     1.271415     7.740672
 630    9.8360     0.001873     0.001338    -7.063101    -5.463715
 631    9.8391     0.001021     0.000129     2.783394     1.017453
 632    9.8453     0.002233     0.000911    -3.686142     5.854602
 633    9.8484     0.001722     0.000191   -10.662062    -4.964049
 634    9.8512     0.001224     0.000647     4.393986     3.592881
 635    9.8558     0.003023     0.000165    10.790526     2.161372
 636    9.8585     0.000526     0.000351     2.158344     2.531609
 637    9.8608     0.000119     0.002001    -0.652114    -3.498511
 638    9.8659     0.001001     0.001415    -1.536114     0.894358
 639    9.8700     0.005409     0.002307     8.862588     1.799831
 640    9.8717     0.003872     0.007536     9.883058    10.659782
 641    9.8754     0.001454     0.001333    -0.581452     4.279065
 642    9.8803     0.005469     0.005751    11.738184     8.389468
 643    9.8814     0.000271     0.002872     1.936487     8.129378
 644    9.8825     0.000914     0.000388     1.053848     0.341787
 645    9.8878     0.001480     0.000840    -0.277071     9.938600
 646    9.8913     0.003342     0.002219     0.195701     1.953273
 647    9.8919     0.010570     0.008404   -10.184412    -9.849447
 648    9.8953     0.000020     0.000070    -0.050497    -0.157440
 649    9.8981     0.000744     0.006324     7.422095   -21.876278
 650    9.9011     0.000645     0.000128     5.289760     1.222214
 651    9.9061     0.001358     0.000208    -0.692976     0.250612
 652    9.9067     0.002120     0.000967     0.277908     1.631967
 653    9.9112     0.000062     0.000096     0.206429    -0.302010
 654    9.9127     0.000452     0.002956     1.091542    -1.418790
 655    9.9153     0.003617     0.003641    10.261920    12.923485
 656    9.9162     0.000384     0.000039     3.368282     0.916508
 657    9.9180     0.004015     0.002794    21.866226    16.076479
 658    9.9201     0.001255     0.001070     2.972055     2.062012
 659    9.9261     0.002410     0.003411    13.329445    21.827053
 660    9.9271     0.000877     0.000225    -4.322542    -2.422237
 661    9.9306     0.000662     0.000139     6.658309    -0.281487
 662    9.9333     0.001529     0.001745    -6.309315     2.289138
 663    9.9367     0.004495     0.001419     5.581787    -3.371273
 664    9.9387     0.000303     0.000099    -3.852951    -1.806236
 665    9.9421     0.000758     0.000980    -3.560198     0.416192
 666    9.9495     0.004351     0.000758    -4.487600    -5.534275
 667    9.9525     0.002542     0.002292    -8.231010   -12.318922
 668    9.9582     0.000928     0.002015    -3.707424     0.661270
 669    9.9637     0.002118     0.001386    -5.271195    -4.573566
 670    9.9663     0.001557     0.001307    -0.455088     0.631299
 671    9.9712     0.004243     0.001547    -3.621826    -8.199497
 672    9.9762     0.002246     0.002444    -1.127177    -6.263652
 673    9.9801     0.000478     0.001289    -0.708253     2.202867
 674    9.9848     0.003086     0.001692     5.586420    -8.219344
 675    9.9872     0.000574     0.000334     4.652677    -1.910842
 676    9.9910     0.002476     0.008146    15.996107    26.300616
 677    9.9978     0.006431     0.004998   -12.534764   -11.349708
 678    9.9986     0.001072     0.000455     2.553981    -4.391366
