           2           1   1.45908306896545     
           3           1  8.503864352513111E-003
           3           2   1.40143918577277     
           4           1  9.201078334797165E-002
           4           2  4.359522858715974E-003
           4           3   1.39360236703272     
           5           1  4.907262417667650E-003
           5           2  9.311511651065832E-002
           5           3  9.238355988589773E-003
           5           4   1.27929313732973     
           6           1   1.39166895101438     
           6           2  7.476287647799032E-003
           6           3  7.785021455906620E-002
           6           4  8.412076244451760E-003
           6           5   1.41255200820253     
           7           1  1.127338498342390E-002
           7           2  2.441869463341893E-002
           7           3  2.288406159183849E-002
           7           4  3.184083715506878E-002
           7           5   1.06138312022344     
           7           6  5.528512025108672E-002
           8           1  2.889207417561847E-003
           8           3  4.091664239213656E-003
           8           4  1.111701252790033E-002
           8           5  3.265435835051871E-003
           8           6  1.057195254607715E-002
           8           7   1.06138277978765     
           9           2  4.148838779890703E-003
           9           3  3.295530749210130E-003
           9           4  2.947454485812171E-003
           9           5  1.057194378471927E-002
           9           6  7.161576352935523E-003
           9           7  5.528481800492704E-002
           9           8   1.41255234640280     
          10           1  3.294859602995657E-003
          10           3  5.485637449511016E-003
          10           5  2.889215930297567E-003
          10           7  1.127340419552163E-002
          10           8  4.907245878820211E-003
          10           9   1.39166905312523     
          11           2  2.223464666396408E-003
          11           6  4.148840945484632E-003
          11           7  2.441857723256450E-002
          11           8  9.311503186793500E-002
          11           9  7.476247530892079E-003
          11          10   1.45908272631000     
          12           1  5.485625312904535E-003
          12           3  8.997330148258955E-003
          12           4  9.266203790337045E-003
          12           5  4.091660405175150E-003
          12           6  3.295527523800786E-003
          12           7  2.288394965538994E-002
          12           8  9.238317565253968E-003
          12           9  7.785029874018738E-002
          12          10  8.503814561556878E-003
          12          11   1.40143978712957     
          13           3  9.266203214330736E-003
          13           4  7.191021467029282E-003
          13           5  1.111702194950656E-002
          13           6  2.947476369031104E-003
          13           7  3.184095219564069E-002
          13           8   1.27929347485030     
          13           9  8.412076785696027E-003
          13          10  9.201112901433496E-002
          13          11  4.359559175356769E-003
          13          12   1.39360247386127     
          14           1  2.538617091927334E-002
          14           2  9.454383129004627E-003
          14           3  5.344154718423666E-002
          14           4   1.05046974619667     
          14           5  2.020104614427802E-002
          14           6  2.019686303665209E-002
          14           7  9.284674674379760E-003
          14           8  2.020096499564393E-002
          14           9  2.019680476773737E-002
          14          10  2.538614839096294E-002
          14          11  9.454383886264800E-003
          14          12  5.344143329514432E-002
          14          13   1.05046792326608     
          15           4  9.224556834240994E-003
          15           5  8.885945455414379E-003
          15           8  8.885905110173713E-003
          15          13  9.224713873112422E-003
          15          14  0.951873553594513     
          16           3  2.217565377929151E-003
          16           4  6.771008102872829E-003
          16          12  2.217265611562417E-003
          16          13  6.772064007828342E-003
          16          14  9.256138789091130E-003
          16          15   1.29326978029827     
          17          14  9.099044845547367E-003
          17          15  3.403622272165514E-003
          17          16   1.54152920351554     
          18          15  6.295837098966239E-002
          18          16  3.317182154621991E-003
          18          17   1.28816060476485     
          19          15  2.692737528369574E-003
          19          16  3.118752467139691E-002
          19          17  1.226275132537918E-002
          19          18   1.24357658860278     
          20          15  3.552663152681741E-002
          20          16  3.817669461395194E-002
          20          17  4.730547304844669E-002
          20          18  8.998726072276721E-002
          20          19   1.51272869327760     
          21          15  3.045143257755924E-002
          21          16  2.521564335399313E-003
          21          17  9.252730717587216E-003
          21          18  2.559892156272494E-002
          21          19  0.128322474220411     
          21          20   1.50955364147247     
          22          14  1.117385260693662E-002
          22          15  4.191353422636881E-003
          22          16  6.457998323094362E-002
          22          17  4.473995382636273E-003
          22          18   1.20588466708317     
          22          19  2.588814698788981E-002
          22          20  8.800159510909926E-002
          22          21   1.24174239451024     
          23           3  2.638229322195837E-003
          23           4  1.001361895290320E-002
          23          12  2.638288504574880E-003
          23          13  1.001284574351331E-002
          23          14  8.569991043954853E-003
          23          15   1.49939420634796     
          23          16  4.442282007443995E-003
          23          17  0.107212521465391     
          23          18  4.270728081328488E-003
          23          19  9.203665888717972E-003
          23          20  4.530684596357951E-002
          23          21  1.340162565418259E-002
          23          22   1.29247541125870     
          24           1  0.972533206715004     
          24           3  1.090170135060777E-002
          24           5  1.012913896553318E-002
          25           2  0.972528102971726     
          25           4  1.026301457599980E-002
          25           6  1.089324529220467E-002
          26           1  1.037473188965088E-002
          26           3  0.966294456436430     
          26           5  9.318010206442212E-003
          26          15  2.917251019751752E-003
          27           2  1.031359011839724E-002
          27           4  9.412532012176015E-003
          27           6  0.967686537068521     
          27           7  3.978534952361233E-003
          28           7  3.978635360614406E-003
          28           9  0.967686458810743     
          28          11  1.031360814288880E-002
          28          13  9.412527321923417E-003
          29           8  1.012913434792723E-002
          29          10  0.972533249674181     
          29          12  1.090168056979577E-002
          30           9  1.089324027599343E-002
          30          11  0.972528063728512     
          30          13  1.026303491355989E-002
          31           8  9.318000535771446E-003
          31          10  1.037474513274240E-002
          31          12  0.966294663031221     
          31          15  2.917245549312554E-003
          32          16  0.969500935860866     
          32          18  1.150296805882893E-002
          32          23  8.165713922701238E-003
          33          15  1.148589380621431E-002
          33          17  0.967242100742036     
          33          22  1.019719190555863E-002
          34          16  1.058368137420815E-002
          34          18  1.033467822008164E-002
          34          23  0.964426289082621     
