 NM
 UV
 MMASS
   499.653800000001     
 LFAKTOR
  0.5
 RFAKTOR
  1.0
 WIDTH
  0.20
 SHIFT
  0.00
 DATXY
   1    3.4918     0.738883     0.300888   -16.172779    -7.204989
   2    4.0132     0.272495     0.138111    27.854171     6.076471
   3    4.1243     0.045847     0.048847    -2.827568   -10.186838
   4    4.1363     0.269301     0.130513  -185.057781  -152.015222
   5    4.2628     0.166467     0.071963   104.426815    64.732384
   6    4.3058     0.120479     0.053326   115.445514    56.868679
   7    4.5220     0.159154     0.097507    22.812189    15.224010
   8    4.8392     0.002928     0.001545     2.159204     1.759344
   9    4.8538     0.002015     0.002316     2.732749     1.080479
  10    4.9134     0.001630     0.000328    -1.456450    -0.666209
  11    5.0393     0.001545     0.017214     3.762379     7.620214
  12    5.1398     0.096437     0.045353   -15.783141   -18.537865
  13    5.2786     0.077585     0.021033    46.402928     5.908124
  14    5.3141     0.037960     0.035000    61.834774    61.161068
  15    5.3611     0.018547     0.021612    15.986794    18.237204
  16    5.4648     0.063326     0.030643   -74.914448   -40.252339
  17    5.5531     0.225319     0.100632   -38.983732   -25.639884
  18    5.5883     0.135457     0.056167     6.368345     9.446343
  19    5.6953     0.105571     0.050320   -90.167520   -71.094302
  20    5.7154     0.072921     0.035882   -64.994831   -39.256323
  21    5.7264     0.004851     0.002321    -6.909162    -4.915800
  22    5.7632     0.030351     0.022043    -0.437443   -23.636947
  23    5.7803     0.031892     0.020283     3.064279    -1.331137
  24    5.8044     0.012669     0.004415    11.874295     5.752333
  25    5.8399     0.009074     0.012512    -8.630135    -5.115744
  26    5.8932     0.039261     0.018914    -3.538857     1.025402
  27    5.9154     0.023270     0.014087    -0.748624    -1.455469
  28    6.0527     0.017744     0.012930    29.713684    22.206399
  29    6.0933     0.025538     0.023450   -18.967270   -11.208710
  30    6.1483     0.018362     0.011317   -12.013190   -13.332986
  31    6.1667     0.014335     0.003515    18.683079     7.939402
  32    6.2089     0.004553     0.009971     8.889572    10.655532
  33    6.2852     0.004312     0.002677    -2.489455    -0.483298
  34    6.3080     0.003296     0.006236     6.899741    11.060114
  35    6.3488     0.071406     0.037059   -12.347297   -13.910741
  36    6.3844     0.021899     0.017984   -62.972878   -58.424996
  37    6.3954     0.007636     0.009688     6.493870     8.333915
  38    6.4848     0.007913     0.002957   -16.692535   -12.053659
  39    6.5124     0.020652     0.017323    38.853298    53.547355
  40    6.5144     0.003435     0.001056    -4.699257    -5.091603
  41    6.5407     0.022183     0.017805   -21.098040   -17.265816
  42    6.5670     0.004213     0.006672    10.109992    16.143226
  43    6.5996     0.068746     0.055841   -82.528484   -30.846072
  44    6.6388     0.002995     0.005967    -1.333037    -9.573194
  45    6.6492     0.032446     0.041878    14.737303    -4.769873
  46    6.6691     0.053758     0.026305    32.701004    20.799173
  47    6.6903     0.006267     0.002282    -1.000274     8.963102
  48    6.7173     0.387975     0.259663   -32.536499   -27.370442
  49    6.7600     0.564849     0.346226  -197.778017  -143.692590
  50    6.8481     0.165406     0.108728   -69.527933     1.447240
  51    6.8745     0.025989     0.079332   -82.455759   -82.964637
  52    6.8904     0.026935     0.016888    55.176160    21.892782
  53    6.9028     0.004458     0.016213    27.896973    34.369188
  54    6.9216     0.123636     0.114164   -72.474670    32.642629
  55    6.9298     0.087007     0.067750   105.043004   -51.375993
  56    6.9439     0.058852     0.032764   114.457324    69.668911
  57    6.9589     0.006376     0.011058    39.085694    38.346248
  58    6.9681     0.271756     0.200173    -6.144902   -19.111927
  59    6.9936     0.028050     0.007818   -76.090958   -23.890154
  60    7.0246     0.486769     0.277017   -63.541469   -55.093154
  61    7.0459     0.026977     0.042765    32.045440   -70.893669
  62    7.0847     0.014101     0.014772     8.207508    20.009656
  63    7.1181     0.178345     0.073223    -4.814565    -4.581197
  64    7.1420     0.110629     0.047360    -6.440433    -0.557725
  65    7.1775     0.059066     0.036738   -22.860567     7.604454
  66    7.1909     0.060160     0.027449  -236.028984   -92.535359
  67    7.1990     0.017550     0.008235    -9.800520     7.918678
  68    7.2172     0.135462     0.087102   120.873766    87.976279
  69    7.2503     0.120235     0.065284   162.443608   119.423975
  70    7.2639     0.232251     0.124759  -414.194241  -308.222462
  71    7.2957     0.247388     0.165254  -213.188855  -137.988410
  72    7.3191     0.250816     0.159509   372.398840   308.981579
  73    7.3227     0.066620     0.037526    63.584375   127.385905
  74    7.3376     0.122804     0.063675  -139.202776  -121.865175
  75    7.3510     0.231444     0.138476    24.351183    43.914081
  76    7.3763     0.046876     0.032687    43.455652    10.800877
  77    7.3921     0.208083     0.094429  -199.038335  -134.031069
  78    7.4008     0.063772     0.046591   -50.625723   -45.521289
  79    7.4091     0.047643     0.050710   -63.911015   -62.059355
  80    7.4183     0.230616     0.123996  -237.852021  -185.343167
  81    7.4248     0.051342     0.043612     3.806335    64.031057
  82    7.4425     0.154109     0.035601   526.537443   250.076506
  83    7.4572     0.065711     0.034527  -101.127602   -64.311189
  84    7.4804     0.025855     0.014462    53.628538    38.819499
  85    7.4816     0.054371     0.033769   -72.429355   -62.116067
  86    7.5009     0.034398     0.021664    44.759019    24.921020
  87    7.5072     0.097512     0.034286    65.527120    -1.195333
  88    7.5110     0.034916     0.027475    83.814675    56.842017
  89    7.5206     0.009763     0.006631    35.502012    16.654371
  90    7.5314     0.048893     0.029135   -95.865636   -81.135608
  91    7.5370     0.032005     0.019375    63.430694    31.382105
  92    7.5453     0.018312     0.014030    10.256251    14.442488
  93    7.5511     0.034305     0.028302    43.083442    34.122197
  94    7.5590     0.079362     0.045652  -106.520546   -69.151446
  95    7.5721     0.022062     0.028369   -16.194370   -41.487496
  96    7.5767     0.015608     0.005072    93.745244    64.853173
  97    7.5805     0.015312     0.009197    28.818608    -5.400274
  98    7.5854     0.134382     0.084020   101.475369    59.787458
  99    7.5950     0.020456     0.031912    96.845412   120.959176
 100    7.6017     0.013042     0.010900     4.346607    12.814124
 101    7.6117     0.018512     0.007535     9.067769     8.308636
 102    7.6254     0.033747     0.014188    26.320439    16.060920
 103    7.6326     0.078904     0.061698    46.223876    41.618878
 104    7.6369     0.040916     0.020378   172.055556   128.049790
 105    7.6486     0.090701     0.040351   -82.959101   -62.623993
 106    7.6729     0.022921     0.020202   -31.234349   -21.927088
 107    7.6746     0.051295     0.031453    47.388036    45.754325
 108    7.6819     0.114473     0.075343    85.205515    69.964554
 109    7.7053     0.036996     0.021180    80.262936    48.956728
 110    7.7155     0.061274     0.036869   103.432539    81.934714
 111    7.7300     0.032009     0.023612     9.629393    27.825256
 112    7.7350     0.064710     0.028631  -110.513865   -72.123901
 113    7.7472     0.051657     0.060839    24.984584    31.526163
 114    7.7512     0.048030     0.004106    81.376517     6.106557
 115    7.7609     0.031174     0.043639    28.188877    33.097315
 116    7.7817     0.081500     0.103924    25.295249    37.989302
 117    7.7998     0.007479     0.026386     1.402419    47.756205
 118    7.8066     0.033767     0.058994     6.964107    70.688472
 119    7.8242     0.064022     0.060196    39.160647    38.190554
 120    7.8301     0.063690     0.020151  -116.374523   -68.373230
 121    7.8454     0.049262     0.031623    29.367048    24.993623
 122    7.8534     0.004652     0.006997    -8.014760   -22.252921
 123    7.8738     0.093753     0.125477   118.559855   118.388751
 124    7.8804     0.027243     0.061256   -55.640771   -34.707961
 125    7.8960     0.029123     0.024888   -77.522194   -53.613121
 126    7.9030     0.074459     0.055951    61.617994    70.087225
 127    7.9130     0.008897     0.000721   -13.562257     6.515715
 128    7.9200     0.123786     0.082426   -48.675512   -38.204865
 129    7.9290     0.025045     0.043522    16.945010    33.179326
 130    7.9489     0.009624     0.001627   -10.723877     6.740875
 131    7.9522     0.002791     0.089151     7.735565   -99.821453
 132    7.9564     0.004983     0.051422    12.579702    34.394788
 133    7.9699     0.031014     0.055586   -10.719845    45.646171
 134    7.9806     0.023110     0.079327    36.151813   -32.575107
 135    7.9866     0.002150     0.014171     1.681601    -1.648114
 136    7.9937     0.008673     0.070572   -62.010761   -89.336474
 137    8.0054     0.020794     0.070406   -16.476092  -100.712477
 138    8.0152     0.038820     0.040872  -117.065770  -100.448728
 139    8.0220     0.018936     0.097680     9.378891    50.703186
 140    8.0491     0.002274     0.012402   -24.465237     7.677662
 141    8.0591     0.005178     0.015266   -64.075480   -41.514312
 142    8.0684     0.004482     0.013299    29.276165    61.232388
 143    8.0827     0.005464     0.036104   -17.867593   -26.867415
 144    8.0907     0.082486     0.032734    88.990870    54.760825
 145    8.1231     0.070346     0.056956    12.956843    68.878451
 146    8.1343     0.061060     0.067054    60.176790    45.243271
 147    8.1620     0.025695     0.015957    -7.739838    -5.548874
 148    8.1654     0.014448     0.067415    -0.849832    26.586495
 149    8.1745     0.047846     0.016046    67.511826    31.372338
 150    8.1953     0.016375     0.033114   -35.658920   -49.654872
 151    8.2068     0.031170     0.028101   -12.823093    -1.621412
 152    8.2203     0.004568     0.018110   -12.145450   -34.988090
 153    8.2418     0.005028     0.004034   -15.288106   -12.477496
 154    8.2528     0.017786     0.026108   -11.664369   -13.014677
 155    8.2592     0.007516     0.017032     5.163631    12.666143
 156    8.2762     0.008430     0.022141    -9.706798    -9.361366
 157    8.2877     0.012472     0.011246     1.447471    -3.164667
 158    8.3012     0.028881     0.022846    -2.836469     0.606238
 159    8.3179     0.001112     0.002293    -7.034251     3.769186
 160    8.3316     0.000898     0.001379    -5.992199    -2.336987
 161    8.3366     0.006772     0.016128     4.985649     8.346297
 162    8.3390     0.004709     0.003670   -29.250212   -17.860108
 163    8.3471     0.022973     0.019510   -36.947994   -34.926616
 164    8.3536     0.007374     0.012392     4.572450    13.470016
 165    8.3575     0.012407     0.020240   -15.936591   -32.568318
 166    8.3692     0.003925     0.007515    -6.950538    -9.806177
 167    8.3738     0.008683     0.021236    14.472467    24.079027
 168    8.3832     0.000919     0.002977     4.559136     7.442677
 169    8.3920     0.004265     0.017944     8.978767    -1.422545
 170    8.4015     0.004860     0.002538    13.997164     0.553158
 171    8.4036     0.001477     0.008349    -3.793903     9.369800
 172    8.4103     0.005732     0.019893    -9.083566   -18.375692
 173    8.4117     0.002790     0.000161    14.402788     2.435916
 174    8.4165     0.003620     0.005083     3.694410     4.050424
 175    8.4271     0.003858     0.004712    -4.657337    -4.288404
 176    8.4291     0.016693     0.013279     1.017883   -17.083866
 177    8.4373     0.010431     0.006114   -13.641776   -10.066085
 178    8.4443     0.007025     0.003995    -3.510827    -1.752384
 179    8.4503     0.009656     0.006667    -2.328592    -1.825914
 180    8.4620     0.006000     0.001793    -1.773804    -1.978763
 181    8.4714     0.022469     0.023704    -9.389137   -19.402405
 182    8.4743     0.014953     0.018767    26.202911    11.904746
 183    8.4777     0.029225     0.020634    28.823860    26.295645
 184    8.5034     0.007138     0.006683    -2.299951   -12.063400
 185    8.5185     0.016005     0.008009   -10.631870    -8.740571
 186    8.5253     0.004381     0.006480    -8.784684   -17.608371
 187    8.5360     0.002998     0.002303    -3.770340    -3.630852
 188    8.5486     0.012291     0.004740    -8.613050    -0.685517
 189    8.5636     0.003344     0.006053     4.509174     0.700146
 190    8.5674     0.005048     0.006901    -1.569284    -2.283968
 191    8.5733     0.006121     0.003006     4.219873     6.057255
 192    8.5919     0.003086     0.005084    -4.717188     3.716151
 193    8.6204     0.000729     0.005593     1.566317     5.134291
 194    8.6294     0.003728     0.005826    -7.069161    -6.957105
 195    8.6501     0.000534     0.000860     0.628468     1.475389
 196    8.6673     0.004209     0.013865    -0.170798     4.074348
 197    8.6748     0.009199     0.010058     1.237905     1.913494
 198    8.6873     0.014585     0.014699   -12.453365    -8.186799
 199    8.6924     0.001680     0.003593    -0.269148     0.680048
 200    8.6943     0.000397     0.005752    -1.619709    -2.080003
 201    8.7045     0.005001     0.010581    -6.224052    -2.102651
 202    8.7095     0.003193     0.010795    -3.176069    -7.172222
 203    8.7156     0.008617     0.020698     6.797800    18.356385
 204    8.7197     0.001002     0.003767    -2.109903   -11.525926
 205    8.7245     0.003514     0.003621     3.266589     6.488697
 206    8.7301     0.005657     0.006155    -3.277790    -8.721504
 207    8.7405     0.001946     0.005970     2.044778     2.183740
 208    8.7482     0.004058     0.002883     3.996153    -1.609367
 209    8.7563     0.002662     0.007732     5.111242    -1.822752
 210    8.7670     0.007171     0.000627    22.669489     3.168459
 211    8.7692     0.004846     0.009724    -2.805436    -4.953215
 212    8.7721     0.006444     0.009278    -9.329113   -12.957907
 213    8.7891     0.000548     0.001276    -1.881648     1.190831
 214    8.7971     0.004503     0.005960     5.490413     6.974681
 215    8.8018     0.004767     0.002324    -4.957010    -3.652491
 216    8.8098     0.004814     0.001627    -4.561469    -1.827835
 217    8.8154     0.020879     0.024317   -31.326110   -35.537617
 218    8.8266     0.000165     0.000517     0.892147    -3.179825
 219    8.8365     0.002829     0.003318     1.820106    -1.528012
 220    8.8397     0.005748     0.004475    11.204724     6.268396
 221    8.8478     0.000718     0.000592     3.286727     2.167726
 222    8.8610     0.005232     0.003874    -7.882918    -5.718708
 223    8.8670     0.003857     0.002118    -5.139070    -7.848194
 224    8.8779     0.014961     0.016362    -9.593910    -5.251418
 225    8.8803     0.006759     0.013301   -24.402727   -20.680045
 226    8.8921     0.013169     0.008028    20.484312    12.468119
 227    8.8976     0.016397     0.046299    12.754486    20.289669
 228    8.9027     0.021954     0.022361   -24.758694   -22.740538
 229    8.9132     0.004184     0.001608     6.514901     3.857428
 230    8.9260     0.011368     0.005214     6.788090     4.768931
 231    8.9375     0.008487     0.002929     4.656786    -4.139450
 232    8.9413     0.006211     0.016507   -15.530908   -32.443034
 233    8.9471     0.012329     0.005850   -35.147975   -31.257776
 234    8.9593     0.002358     0.004149    -1.672387   -18.486602
 235    8.9751     0.006251     0.002072    -7.400224    -4.947151
 236    8.9791     0.000535     0.000779    -1.558544    -2.752422
 237    8.9860     0.001195     0.002311     2.193175     5.694990
 238    8.9984     0.007846     0.008026     9.349814     7.358386
 239    9.0008     0.011692     0.005146     1.426477     6.201252
 240    9.0128     0.001867     0.002392    -3.050495    -1.440567
 241    9.0156     0.012634     0.004379    -4.874470    -1.493913
 242    9.0201     0.006624     0.002898    -2.229304    -1.084339
 243    9.0276     0.002021     0.000379    -5.747688    -2.193295
 244    9.0312     0.006126     0.004286   -11.859449    -9.646315
 245    9.0426     0.014710     0.005071     4.536695     8.388035
 246    9.0519     0.013978     0.024796    -0.595634   -10.643930
 247    9.0645     0.008096     0.006365    12.705032     8.355707
 248    9.0699     0.005929     0.008439   -28.182178    13.840569
 249    9.0940     0.040693     0.030342   -42.175408   -36.152117
 250    9.1105     0.005688     0.010578     5.146451    -3.325014
 251    9.1295     0.011235     0.011954    19.757074    19.199428
 252    9.1346     0.002777     0.006361    -7.115390   -12.833116
 253    9.1376     0.001376     0.002355    11.177655    -2.409841
 254    9.1546     0.026528     0.011143    -9.891349    -8.558648
 255    9.1582     0.013156     0.005741   -17.446825   -12.734996
 256    9.1691     0.013739     0.011678   -44.201945   -42.540628
 257    9.1706     0.002144     0.002605     8.307305     8.541755
 258    9.1732     0.001653     0.000803     1.120839     6.119873
 259    9.1843     0.010722     0.007153     8.904767     4.815050
 260    9.1851     0.002886     0.000103    -1.893388    -0.816105
 261    9.1913     0.001195     0.002433    -4.070057    -4.940496
 262    9.1975     0.008598     0.011103    24.502416    23.713585
 263    9.2013     0.002956     0.003291    -0.369577    -0.261389
 264    9.2061     0.002552     0.004253    -6.151057    -7.738926
 265    9.2158     0.001692     0.000726    -0.368431    -1.850771
 266    9.2263     0.002045     0.000912     8.261056     2.410187
 267    9.2289     0.002045     0.006535     4.281222     2.002608
 268    9.2388     0.001082     0.001069     1.653521     4.002019
 269    9.2442     0.007636     0.003568    -0.312729     0.974173
 270    9.2519     0.002858     0.003473     6.177355     4.729797
 271    9.2578     0.001926     0.001829     5.518121     5.428716
 272    9.2586     0.007353     0.004374    -6.637577    -4.721734
 273    9.2667     0.006890     0.004958    15.306742    11.795407
 274    9.2740     0.003745     0.001185    -5.834332    -3.100137
 275    9.2777     0.002377     0.001560    -0.451470     0.082706
 276    9.2832     0.005311     0.002016   -14.467842    -7.678516
 277    9.2880     0.004693     0.006887    -2.087396    -3.897347
 278    9.2934     0.003956     0.002490     0.810495     0.912960
 279    9.3028     0.001615     0.000787     0.298215     1.615215
 280    9.3087     0.002596     0.003510    -4.788065    -6.064025
 281    9.3158     0.002600     0.002052     3.831139     3.714288
 282    9.3265     0.005677     0.002424     0.314456     1.018203
 283    9.3415     0.007961     0.003390     1.190021    -1.201592
 284    9.3474     0.004150     0.005654     2.504163    -2.040640
 285    9.3519     0.007472     0.011758     2.343096     1.957589
 286    9.3621     0.001474     0.001601     2.292177     2.035520
 287    9.3691     0.002653     0.001535    -5.768216    -1.771441
 288    9.3742     0.014725     0.008738    18.724098    14.760571
 289    9.3793     0.031251     0.019303    20.886180     7.308965
 290    9.3920     0.005190     0.004177   -15.221431   -15.049164
 291    9.3935     0.008612     0.005626    -4.016569    -0.025076
 292    9.3971     0.003503     0.000396    -6.368305    -2.533099
 293    9.4133     0.000586     0.005605    -5.222303   -10.643720
 294    9.4159     0.003667     0.000409    -0.915908     0.295536
 295    9.4232     0.003685     0.004782     0.392499     4.265923
 296    9.4365     0.002228     0.001774     0.803243     0.392411
 297    9.4456     0.003048     0.005492     1.211759     1.346208
 298    9.4478     0.006378     0.010099    -0.370345     0.732768
 299    9.4603     0.000728     0.000167     2.282325     0.942212
 300    9.4616     0.002858     0.001569     5.593925     3.477252
 301    9.4732     0.001238     0.003367    -4.885673     4.200000
 302    9.4815     0.001488     0.004380    -3.223867    -5.804925
 303    9.4980     0.005334     0.004493     7.346871     4.433071
 304    9.5115     0.002797     0.001554     2.969395     2.471614
 305    9.5150     0.001309     0.000223    -1.729396    -1.236120
 306    9.5387     0.000153     0.001217     0.118257    -0.768442
 307    9.5452     0.001878     0.002070     1.521409     3.698302
 308    9.5605     0.009360     0.003230     0.886884    -2.158855
 309    9.5734     0.000482     0.001405    -1.652964     1.758760
 310    9.5767     0.003907     0.005456     1.005986     5.891031
 311    9.5791     0.002147     0.001834    -2.140879    -2.423968
 312    9.5823     0.001695     0.004097     8.935778    13.421043
 313    9.5846     0.001552     0.000249     0.289655    -0.168982
 314    9.5962     0.002617     0.003516     3.947554     5.089295
 315    9.6006     0.000847     0.002208    -0.616554     4.204425
 316    9.6039     0.001764     0.002461     2.153834     5.139133
 317    9.6159     0.001849     0.003650    -1.640017    -1.868683
 318    9.6236     0.000219     0.000444    -0.784805    -0.509183
 319    9.6265     0.003064     0.004509    -0.740402     0.816058
 320    9.6286     0.009658     0.004364    12.433941    -0.316116
 321    9.6367     0.005767     0.002996    -0.102472     0.222556
 322    9.6473     0.002054     0.003052    -6.106182    -4.129788
 323    9.6507     0.001772     0.000330    -5.646212    -0.351861
 324    9.6646     0.000643     0.002647     0.220296    -1.192983
 325    9.6687     0.000145     0.000437    -2.101556     0.779173
 326    9.6812     0.000932     0.001778    -3.769760     0.965782
 327    9.6898     0.002906     0.004547    -3.923691    -6.323659
 328    9.6985     0.002287     0.002048     1.124954     2.378813
 329    9.7087     0.003903     0.006559     2.048679    -3.116016
 330    9.7099     0.011006     0.001567   -10.690373    -3.741356
 331    9.7180     0.000332     0.001825     0.165724     0.598730
 332    9.7201     0.002431     0.001220    -8.109232    -8.148538
 333    9.7356     0.014678     0.005108   -31.773898    -6.237460
 334    9.7384     0.006727     0.003727    10.211403     8.565105
 335    9.7465     0.004863     0.007372     4.768829     6.305095
 336    9.7577     0.001750     0.003246     2.958344     3.161130
 337    9.7623     0.002508     0.001983    -6.915201    -4.979198
 338    9.7655     0.011919     0.010501    -1.953696    -1.391770
 339    9.7715     0.005115     0.000425    -0.256396    -0.685522
 340    9.7810     0.004681     0.001350     5.845373     2.813917
 341    9.7864     0.005967     0.007367     5.108636     4.969233
 342    9.7892     0.001466     0.001695     3.912538    -0.632673
 343    9.7980     0.001553     0.004418    -1.120221    -3.278611
 344    9.8021     0.008326     0.002140     6.255000     2.138282
 345    9.8041     0.002945     0.000494     0.950321    -0.035703
 346    9.8134     0.000773     0.000064     1.242678     0.971248
 347    9.8209     0.005133     0.001426    -6.824039    -0.584745
 348    9.8287     0.002052     0.002271     5.271081     2.959576
 349    9.8375     0.003456     0.004234     1.786868     2.657419
 350    9.8433     0.002116     0.004228     7.621807     9.695529
 351    9.8494     0.006495     0.004766     5.900874     0.789438
 352    9.8512     0.002859     0.001314    -6.930666    -0.606461
 353    9.8569     0.001336     0.003677     2.944728     1.352439
 354    9.8669     0.004019     0.000491     4.889526     1.728969
 355    9.8753     0.003866     0.001412     0.865350     3.933030
 356    9.8868     0.006154     0.004401     4.988276    -6.707986
 357    9.9038     0.000721     0.002231     2.604914     5.730328
 358    9.9067     0.001789     0.001398     2.466150     0.049588
 359    9.9225     0.002763     0.001309     3.535582     2.459324
 360    9.9239     0.002455     0.000750    -2.589562    -0.869423
 361    9.9285     0.000104     0.000570    -1.236103     3.799613
 362    9.9353     0.006183     0.003032   -10.809856    -1.889520
 363    9.9404     0.015968     0.017099    10.689656    14.132936
 364    9.9566     0.000066     0.001434    -0.937042    -4.548081
 365    9.9653     0.005419     0.010285    -0.875096     1.856401
 366    9.9715     0.002265     0.000557     0.405005    -0.195415
 367    9.9761     0.006150     0.002096     6.014833     0.774924
 368    9.9826     0.000462     0.008129     0.041151     1.155370
 369    9.9875     0.012520     0.009265     7.072586   -10.857528
 370    9.9913     0.003470     0.001010     3.265208     0.533845
