$coord
         14.756957030859          1.580985295764          0.166141751008     o 
         12.597448830181          0.670370189468          0.057264586270     c 
         11.983161920290         -2.036426842131         -0.395816641874     c 
         13.553441851198         -3.755277551260         -0.716381636179     o 
          9.224010274704         -2.235430595614         -0.373065827713     c 
          7.570844774775         -4.224122613024         -0.639723012392     c 
          4.973062496305         -3.713030221309         -0.495214434594     c 
          3.973169768631         -1.321420183082         -0.121541196589     c 
          1.227162690322         -0.973458454754         -0.096496216188     c 
          0.080864973920          0.931933628254         -1.522584565386     c 
         -2.502897237352          1.240609653469         -1.514818600925     c 
         -4.039001581303         -0.347874373713         -0.061065745115     c 
         -6.647751306849         -0.030741640732         -0.035623542366     n 
         -8.241077950612         -2.130031923493          0.177625587772     c 
        -10.452421822140         -1.981357673054          1.611145952780     c 
        -12.024261194269         -4.055253103955          1.809207967506     c 
        -11.421111160977         -6.297026221986          0.592958764243     c 
         -9.227827624397         -6.452795391747         -0.833186931896     c 
         -7.642938386250         -4.390479510633         -1.047641028379     c 
         -7.697599661683          2.387873999137         -0.227955070767     c 
         -9.913334777160          2.770068448204         -1.610879826386     c 
        -10.951852494634          5.158074323082         -1.783785596351     c 
         -9.805644589854          7.192023008812         -0.592969941105     c 
         -7.604362111202          6.821817524411          0.780329092124     c 
         -6.550777813783          4.441696833593          0.970284417900     c 
         -2.900730819581         -2.268067405018          1.358531233248     c 
         -0.317778831872         -2.577275821796          1.323631078384     c 
          5.658337510210          0.763996195838          0.207455646204     c 
          5.072897149477          3.313724935504          0.773184561411     c 
          6.965206110630          5.068030888155          1.062957619597     c 
          9.548715478094          4.464272701300          0.847826302618     c 
         10.174334322736          1.996343530324          0.346917451324     c 
          8.225606824476          0.201542160646          0.053630493659     c 
          8.234351216542         -6.126441899380         -0.958607618134     h 
          3.682386482118         -5.275484539516         -0.747597724874     h 
          1.233439822536          2.127625621128         -2.706310977083     h 
         -3.361025087492          2.687882392123         -2.668813080470     h 
        -10.906661243259         -0.245907874690          2.583395350936     h 
        -13.722326571520         -3.927265563099          2.932970166466     h 
        -12.654226039816         -7.913453156607          0.754102610850     h 
         -8.757042397009         -8.187637650596         -1.798264367001     h 
         -5.953336715433         -4.501591550624         -2.186355179538     h 
        -10.789325215238          1.192615179362         -2.563812681503     h 
        -12.657883198617          5.437073300930         -2.867401986842     h 
        -10.623551818985          9.054941055330         -0.734459754554     h 
         -6.711771838582          8.395104598951          1.724279895932     h 
         -4.858165170175          4.148045193224          2.071376468043     h 
         -4.059091023900         -3.484576899236          2.516369690802     h 
          0.537901740437         -4.037477175679          2.462047790575     h 
          3.128141218041          3.878112938277          1.012027939337     h 
          6.470531693961          7.002031815025          1.491262575720     h 
         10.976734121098          5.899855524269          1.093556996405     h 
$end
