 NM
 UV
 MMASS
   482.601060000000     
 LFAKTOR
  0.5
 RFAKTOR
  1.0
 WIDTH
  0.20
 SHIFT
  0.00
 DATXY
   1    4.8582     0.017965     0.017526   -22.063658   -22.659594
   2    4.9076     0.014662     0.013455     0.388683    -1.949110
   3    5.1321     0.000194     0.000182     0.136347     0.134931
   4    5.1501     0.000170     0.000192    -0.205078    -0.130669
   5    5.3307     0.323052     0.162490    88.151873    62.514914
   6    5.6875     0.044096     0.025696     7.465435    -0.373743
   7    5.7770     0.001224     0.001649    -2.114007    -1.844360
   8    5.9039     0.005839     0.001836     5.534457     2.518999
   9    5.9989     0.055429     0.023873    16.481901    -0.784451
  10    6.1456     0.050004     0.051172    13.047581     3.694969
  11    6.2185     0.019273     0.013736    -4.507681    -3.788962
  12    6.2625     0.013727     0.009778    -5.096805    -3.224023
  13    6.2864     0.023906     0.011158     5.673152     5.225030
  14    6.3185     0.014770     0.017471    -3.370694     2.726731
  15    6.3817     0.044239     0.049148    -4.894585   -11.269655
  16    6.4606     0.019846     0.011336   -29.569616   -39.096782
  17    6.5365     0.021325     0.011736   -32.102217   -21.050991
  18    6.5822     0.030065     0.018051   -24.747966   -24.895104
  19    6.6100     0.133411     0.084133  -137.602210  -105.776314
  20    6.6646     0.133470     0.071450    86.623702    63.135378
  21    6.6921     0.302959     0.185420  -307.530965  -232.700006
  22    6.7270     0.286552     0.178153    68.382521    58.107769
  23    6.7419     0.055467     0.023041    88.551021    54.297350
  24    6.7593     0.013072     0.015233   -14.181157   -20.034159
  25    6.7997     0.063917     0.036814   -54.399266   -40.610722
  26    6.8031     0.035312     0.033513    73.597176    84.876949
  27    6.8308     0.022365     0.008690    24.016608    17.087429
  28    6.8469     0.007320     0.006417    -1.693731    -2.679855
  29    6.8503     0.012682     0.013834    -2.927667    -3.817607
  30    6.8784     0.043844     0.020289   -99.997687   -79.959944
  31    6.8889     0.255761     0.145665   200.717882   155.491431
  32    6.9366     0.067295     0.044568    30.639210    27.942820
  33    6.9590     0.181063     0.103619    91.264475    57.044057
  34    6.9922     0.065012     0.045301    31.696289    27.630100
  35    7.0031     0.050865     0.033083   123.058806    94.683373
  36    7.0243     0.057874     0.048981  -118.544693  -102.478334
  37    7.0395     0.281103     0.181291   226.127644   188.785623
  38    7.0709     0.148391     0.087702   273.303276   208.987276
  39    7.0884     0.028194     0.023744     3.264559     5.157702
  40    7.1304     0.024978     0.016943    28.897804    27.048580
  41    7.1604     0.351685     0.228651   -62.355788   -35.768121
  42    7.1744     0.249901     0.175641   -95.077018   -59.074456
  43    7.2070     0.301703     0.186523   -36.672501   -13.509852
  44    7.2357     0.080080     0.041535    58.656972    92.099916
  45    7.2510     0.122501     0.109030    64.102094    62.633373
  46    7.2802     0.046869     0.038179     6.103181    11.828219
  47    7.2848     0.438048     0.359748  -112.430562   -72.281089
  48    7.3089     0.002700     0.002060     8.083247     6.241811
  49    7.3310     0.039024     0.019440    25.114639    19.362016
  50    7.3497     0.057636     0.054373    21.590834    22.358973
  51    7.3584     0.070994     0.048535    95.930629    90.641890
  52    7.3800     0.063154     0.045282   -22.278241   -23.221588
  53    7.3995     0.138315     0.076811   -45.913364   -38.530284
  54    7.4149     0.112469     0.079059   156.788810   136.469231
  55    7.4393     0.064181     0.048229   -40.707011   -36.551564
  56    7.4848     0.327954     0.184088  -321.427831  -238.958492
  57    7.4864     0.001392     0.001478     1.229014    -1.380195
  58    7.5130     0.086530     0.063101   -83.722219   -63.708070
  59    7.5359     0.017950     0.014698    10.853165    10.633721
  60    7.5510     0.025928     0.023760   -11.088479   -13.762494
  61    7.5660     0.007593     0.012348    -1.007643    -3.096067
  62    7.5864     0.065151     0.045318    50.333576    42.392093
  63    7.5994     0.117228     0.119436   -40.950249  -112.021787
  64    7.6061     0.064458     0.059766    -6.648720   -13.702566
  65    7.6319     0.237718     0.161739   -85.059084   -71.978426
  66    7.6381     0.026402     0.020650   -41.467351   -39.144943
  67    7.6551     0.068245     0.047307   -22.142544   -10.454345
  68    7.6665     0.035546     0.077982     4.265433    -3.793265
  69    7.6956     0.163411     0.097264     9.793952  -108.084376
  70    7.7099     0.006151     0.014441    -9.319405   -14.948527
  71    7.7199     0.259680     0.215632    47.851173    59.432716
  72    7.7809     0.163175     0.099780    19.041683    20.480909
  73    7.8017     0.038449     0.016699   -29.390891   -16.569746
  74    7.8051     0.081200     0.049269   -61.998062   -50.790318
  75    7.8439     0.038464     0.033925    -6.485441     6.993533
  76    7.8486     0.004125     0.012056   -10.653639   -10.287784
  77    7.8704     0.011072     0.012920    21.419581    22.287870
  78    7.8850     0.029472     0.020254   -18.799626   -10.628039
  79    7.8950     0.011070     0.166447    53.685608    73.198354
  80    7.9134     0.007993     0.013306   -17.890308     1.473332
  81    7.9298     0.056956     0.069470     5.225797   -18.381887
  82    7.9422     0.002507     0.058657   -29.313238   -50.104616
  83    7.9596     0.030371     0.027590    21.723765    24.157590
  84    7.9599     0.058789     0.028637   -78.249671   -27.587642
  85    7.9836     0.005766     0.039596    13.811337    35.646381
  86    8.0020     0.012017     0.011024     0.376628    -2.542844
  87    8.0152     0.022504     0.024211   -43.538140   -44.663651
  88    8.0521     0.021861     0.028538   -20.543467   -19.739652
  89    8.0636     0.000475     0.003377    -3.396428    -5.312748
  90    8.0712     0.003102     0.000405    -3.279908    -1.533549
  91    8.0749     0.084857     0.048343   -23.841568   -29.421518
  92    8.1394     0.021659     0.017259    29.441850    26.820009
  93    8.1595     0.005071     0.007990    -1.431530    -0.435094
  94    8.1992     0.006563     0.030251    18.882666    30.917562
  95    8.2179     0.000082     0.003122     0.498062     6.870969
  96    8.2271     0.001563     0.009858    -1.000168     7.254934
  97    8.2492     0.002123     0.019283     1.832657    -9.557129
  98    8.2598     0.006736     0.005552    20.737145     0.624337
  99    8.2853     0.005663     0.001718    -3.163722    -2.472914
 100    8.3213     0.008534     0.029608    -8.223678     2.972618
 101    8.3309     0.015728     0.012594     4.769404    10.210323
 102    8.3608     0.003900     0.005353     0.643962    -0.487907
 103    8.3771     0.003192     0.018403     1.530397    -0.528907
 104    8.3832     0.011883     0.018645     5.912571     2.939563
 105    8.3940     0.000996     0.002096     1.255818    -0.316858
 106    8.3951     0.001620     0.001235    12.400753     4.774266
 107    8.4064     0.009251     0.007371    21.510931    26.164455
 108    8.4211     0.007556     0.029716    10.487365    -8.997146
 109    8.4291     0.009168     0.012640     3.106489    -0.846642
 110    8.4309     0.005599     0.015760    15.375506    17.878203
 111    8.4611     0.011275     0.007814    -9.538707   -10.533900
 112    8.4657     0.003023     0.002507     1.193985     1.412608
 113    8.4749     0.018346     0.009466     7.684098     4.153684
 114    8.4979     0.006141     0.005317    11.171202     9.827377
 115    8.5041     0.003736     0.001054    -0.337880     0.358836
 116    8.5166     0.000715     0.004980     1.305911     7.608783
 117    8.5219     0.000071     0.000382    -0.961336    -1.008383
 118    8.5439     0.001782     0.007002    -3.775869    -0.911981
 119    8.5723     0.002088     0.001503    -0.271048     0.762615
 120    8.5762     0.003539     0.002921    -7.456596    -5.087731
 121    8.6180     0.000601     0.003682     2.252682     5.586059
 122    8.6458     0.001605     0.001202     1.656292    -0.099188
 123    8.6505     0.000613     0.001740    -0.019097     2.385749
 124    8.6676     0.005332     0.002003     3.114326     0.231471
 125    8.7226     0.004440     0.003308   -11.290929   -10.257395
 126    8.7306     0.000771     0.002288     0.861497     2.394049
 127    8.7361     0.004304     0.004916    10.302739     5.426474
 128    8.7511     0.001799     0.003052    -1.912431     3.084804
 129    8.7629     0.004162     0.003141     3.029968     6.372593
 130    8.7792     0.001581     0.002368    -0.074949    -0.486136
 131    8.7845     0.007286     0.006944    -6.617013    -7.682056
 132    8.8081     0.004356     0.003813     1.440725     1.745207
 133    8.8362     0.026618     0.017150     7.748026     6.014015
 134    8.8592     0.005175     0.004412    -1.159579    -0.768503
 135    8.8807     0.001998     0.001150    -2.661489    -9.048286
 136    8.8977     0.007073     0.003192   -13.777547    -6.803640
 137    8.9047     0.001347     0.001231    -1.248742     3.643650
 138    8.9154     0.001249     0.001316     4.000833     5.257222
 139    8.9388     0.003442     0.003382   -15.114771   -13.046171
 140    8.9619     0.002153     0.003703    -6.665264    -7.218465
 141    8.9797     0.009932     0.006467    25.119861    15.555059
 142    8.9879     0.000630     0.000026     0.717298     0.158541
 143    8.9994     0.009111     0.005754    -1.740204    -4.111508
 144    9.0039     0.000585     0.000145    -1.766767    -3.966219
 145    9.0110     0.002301     0.002148    -7.378959    -3.476976
 146    9.0432     0.000174     0.001598    -0.062247     2.037969
 147    9.0552     0.003408     0.001861    -4.312895    -1.025191
 148    9.0572     0.005767     0.006914    11.417322    13.618688
 149    9.0698     0.013818     0.016283     5.969020     4.007110
 150    9.0747     0.014285     0.006248   -19.400605   -12.894002
 151    9.1065     0.000387     0.002110     4.913432    10.217889
 152    9.1144     0.001736     0.001167    -2.220307     0.289495
 153    9.1229     0.004500     0.012240   -18.182696   -27.988732
 154    9.1288     0.005652     0.016193   -22.815597   -34.935889
 155    9.1333     0.005588     0.019924   -24.267997   -32.560350
 156    9.1349     0.000478     0.005146     4.993678    -7.663313
 157    9.1474     0.012953     0.045394   -19.400551   -34.921770
 158    9.1613     0.021315     0.047125    -1.664661    16.698725
 159    9.1862     0.001942     0.007600     0.435607    -4.441226
 160    9.1927     0.015165     0.075205    27.567894    65.780483
 161    9.2076     0.015740     0.014856    -8.957330     2.294772
 162    9.2211     0.001912     0.005830    -3.674220   -31.054720
 163    9.2291     0.008660     0.003180    -0.841880   -13.554742
 164    9.2356     0.000159     0.000338     0.668879    -4.056442
 165    9.2372     0.007101     0.004332     5.360753    -3.201591
 166    9.2378     0.013783     0.014709    29.210345    31.611384
 167    9.2727     0.002038     0.009169    -5.063265   -12.222820
 168    9.2882     0.003675     0.002803     4.118930   -17.743364
 169    9.2988     0.001143     0.002684     4.160303     8.613946
 170    9.3053     0.015674     0.020209    37.526550    34.989113
 171    9.3337     0.002947     0.001258    -2.881249    -6.145957
 172    9.3425     0.000224     0.000658     0.387459     0.364088
 173    9.3548     0.004749     0.006305    10.586346     8.957596
 174    9.3702     0.004187     0.017769     5.514454     2.954804
 175    9.3844     0.001351     0.005368    -7.170687   -18.244937
 176    9.3893     0.005887     0.004463   -14.239858     8.724092
 177    9.4001     0.006683     0.007939   -21.209537   -26.640973
 178    9.4072     0.001219     0.003514     0.447690     0.912653
 179    9.4091     0.005981     0.036426     7.360428    -8.153003
 180    9.4194     0.001783     0.002247     0.728306    -1.350332
 181    9.4333     0.033869     0.053152   -17.061657    -5.709785
 182    9.4459     0.008781     0.037782     1.727670   -13.003151
 183    9.4588     0.016595     0.013745   -10.807036   -11.284707
 184    9.4686     0.001941     0.006669     0.513922     9.023413
 185    9.4785     0.007591     0.003606    -5.423628     0.870840
 186    9.4923     0.022622     0.070361   107.758113   177.937997
 187    9.5029     0.002543     0.002935     1.877959     2.162691
 188    9.5064     0.002393     0.000329   -13.114190     2.081901
 189    9.5126     0.002555     0.012256     9.010232    35.753901
 190    9.5181     0.014184     0.047761    38.736322    50.274047
 191    9.5294     0.001443     0.005868     1.456511     4.557625
 192    9.5380     0.007789     0.023057    32.626001    50.995522
 193    9.5403     0.000499     0.004793     7.863207    26.957203
 194    9.5672     0.004773     0.027714    30.224638    49.311841
 195    9.5823     0.011870     0.047217   -87.998205  -130.090994
 196    9.5869     0.013202     0.037429   -86.657516  -150.270156
 197    9.5914     0.003619     0.009013   -17.283054   -63.547611
 198    9.5957     0.002727     0.005317     0.205563   -38.708645
 199    9.6094     0.001630     0.009451     2.331292     4.463705
 200    9.6344     0.000185     0.010496    -3.965081   -29.633759
 201    9.6433     0.004723     0.024985    43.028585    95.100616
 202    9.6443     0.000858     0.004589     7.504220    20.428100
 203    9.6532     0.000224     0.000688    -2.798080    -0.210127
 204    9.6603     0.004825     0.005888    11.957896    13.647379
 205    9.6764     0.001498     0.001441     4.529031     4.112095
 206    9.6775     0.000096     0.000476    -0.858205    -1.872170
 207    9.6856     0.001606     0.002038     2.236618     2.056023
 208    9.6893     0.001801     0.001085    -2.129578     2.534887
 209    9.6996     0.003926     0.007515   -13.180880     0.112028
 210    9.7137     0.001220     0.000220     3.656227     2.688882
 211    9.7252     0.008134     0.002883     4.132824    -0.155895
 212    9.7415     0.008918     0.006963   -19.130900   -21.308448
 213    9.7528     0.001584     0.001242    -1.908627    -3.158011
 214    9.7590     0.001249     0.003404     8.277198    10.406899
 215    9.7731     0.001628     0.000350     0.626787     0.046869
 216    9.7774     0.021306     0.031307   -23.533169   -27.455589
 217    9.7929     0.002009     0.004184    -0.894492     5.167041
 218    9.8036     0.001057     0.000861     1.175179     2.428390
 219    9.8070     0.003716     0.001872     2.359799     2.896626
 220    9.8228     0.009567     0.018138   -11.154354   -13.494042
 221    9.8321     0.003418     0.008184    10.652364    16.615091
 222    9.8406     0.001356     0.001192    -5.300998    -3.308935
 223    9.8664     0.003083     0.002334     0.234362     1.301716
 224    9.8696     0.003038     0.005558    13.355569    17.714068
 225    9.8801     0.001119     0.015280    -2.849182   -10.535678
 226    9.8820     0.002454     0.000987     5.474024    -1.868667
 227    9.9016     0.003795     0.004064    -0.072742     0.539408
 228    9.9249     0.006018     0.000961    -3.539145    -0.170654
 229    9.9303     0.002255     0.006155    -0.061403     6.230326
 230    9.9435     0.008291     0.005199     1.545653    -0.457911
 231    9.9486     0.009500     0.003729    -7.539776    -4.850563
 232    9.9911     0.001685     0.008349    -1.914266   -26.765677
 233    9.9962     0.002400     0.002495     7.989045     4.543796
