$coord
        -16.747694722296         -2.415745780566         -0.826423799041     f 
        -14.511381767110         -1.261230803575         -0.427270417256     c 
        -12.304774236894         -2.537520691212         -0.835347633722     c 
         -9.998107157995         -1.287791509218         -0.389014009650     c 
         -7.803757535733         -2.556949795985         -0.586753689189     n 
         -5.674303372738         -1.344709557349         -0.201577299262     c 
         -3.357605764794         -2.856771061675         -0.156980917932     c 
         -1.421771791812         -2.347733019883          1.561502229251     c 
          0.762334952798         -3.768046058797          1.542108394243     c 
          1.061286941122         -5.725489320561         -0.194811567185     c 
          3.333269236215         -7.116016116130         -0.256766054622     n 
          3.353617234794         -9.700074177239          0.286884931803     c 
          1.190751744406        -10.995780921460          1.021486135577     c 
          1.279715806886        -13.557746663043          1.565149729857     c 
          3.532490239419        -14.863797348820          1.406713194421     c 
          5.719696032117        -13.586365826435          0.729261534360     c 
          5.640716399684        -11.031587137264          0.187249608141     c 
          7.896874945249         -9.887390946759         -0.412175717783     o 
          7.840106904716         -7.347471222778         -0.962265571094     c 
         10.110275597309         -6.228442225682         -1.612812266083     c 
         10.198713047269         -3.686565820871         -2.249716135619     c 
          7.997283786179         -2.287528744963         -2.258495045748     c 
          5.718382299690         -3.399483560770         -1.597493415526     c 
          5.603456130900         -5.930737962086         -0.906446171138     c 
         -0.896948622098         -6.288791851618         -1.862214564531     c 
         -3.089641926769         -4.878629408540         -1.827135091230     c 
         -5.674281079772          1.344888729649          0.201609578321     c 
         -3.357555739074          2.856909181140          0.156982955907     c 
         -3.089510560929          4.878741510679          1.827154960723     c 
         -0.896778031057          6.288844790318          1.862211744457     c 
          1.061419282468          5.725495296342          0.194780253676     c 
          3.333455098326          7.115939497968          0.256740202257     n 
          3.353900700244          9.699987190169         -0.286948141229     c 
          1.191104259269         10.995733990513         -1.021680710984     c 
          1.280160651889         13.557689195362         -1.565379916450     c 
          3.532960256932         14.863685301558         -1.406848939237     c 
          5.720101264174         13.586210256299         -0.729267999064     c 
          5.641028347307         11.031444176937         -0.187211802480     c 
          7.897121116569          9.887201932353          0.412374559198     o 
          7.840276397617          7.347264740955          0.962378117712     c 
         10.110398912285          6.228164101586          1.612962030080     c 
         10.198756948786          3.686269399696          2.249807891703     c 
          7.997294201360          2.287284214116          2.258474605835     c 
          5.718441315781          3.399307335783          1.597418479154     c 
          5.603593442967          5.930586045082          0.906449952708     c 
          0.762380710013          3.768089227284         -1.542165845584     c 
         -1.421770190446          2.347843322127         -1.561546101918     c 
         -7.803711820521          2.557163146547          0.586801462347     n 
         -9.998084076036          1.288042676300          0.389065340027     c 
        -12.304728994215          2.537811881118          0.835399373061     c 
        -14.511359241931          1.261563602705          0.427313734028     c 
        -16.747651435917          2.416125342377          0.826448450583     f 
        -12.310468096257         -4.476146344762         -1.459820516728     h 
         -1.650266469751         -0.867161272398          2.945517363444     h 
          2.253106742796         -3.379561269721          2.879416375561     h 
         -0.575944561999         -9.992846890832          1.184514074623     h 
         -0.431595946421        -14.516752643101          2.122568859168     h 
          3.612946867123        -16.857788130064          1.821720129285     h 
          7.517791460330        -14.540697740530          0.620380770361     h 
         11.788734517334         -7.385396494529         -1.618973636303     h 
         11.978384481392         -2.828085122621         -2.749571944385     h 
          8.033728139954         -0.315241035693         -2.772779734748     h 
          4.010637302387         -2.288802871346         -1.627904870169     h 
         -0.676793113443         -7.820640905596         -3.191951504291     h 
         -4.607938248340         -5.290598806569         -3.123926760608     h 
         -4.607777438234          5.290742495680          3.123971278267     h 
         -0.676557575748          7.820678157630          3.191955972535     h 
         -0.575611191955          9.992841345318         -1.184763483478     h 
         -0.431094679310         14.516726630710         -2.122917168200     h 
          3.613494707082         16.857660276878         -1.821917187850     h 
          7.518216961204         14.540496488918         -0.620322333884     h 
         11.788883199591          7.385081604540          1.619206432937     h 
         11.978399523352          2.827725204968          2.749658850812     h 
          8.033680154379          0.314967745619          2.772651328783     h 
          4.010673145507          2.288660332230          1.627727475201     h 
          2.253116222162          3.379583816741         -2.879508586399     h 
         -1.650328331412          0.867291300240         -2.945572436568     h 
        -12.310390766622          4.476438015389          1.459870944432     h 
$end
