$coord
          0.587503782499          7.513568248671          0.020892924883     n 
          0.420890833384          5.349838024225          0.021605556988     c 
          0.215263276498          2.687392611467          0.021830136741     c 
          2.420360101330          1.210894739700          0.072213039931     c 
          4.923297733906          2.385031619955          0.145438215965     c 
          5.503295774219          4.237099334062          1.930409814716     c 
          7.866998927632          5.317089033863          2.009118195802     c 
          9.732630242800          4.615392969235          0.270744851683     c 
         12.103792349487          5.721439020384          0.331365332374     n 
         12.410870823579          8.216891202523          1.191460007409     c 
         14.465667625141          8.846064209123          2.713983475680     c 
         14.784125924209         11.304120130376          3.537871215889     c 
         13.060439871273         13.158606976539          2.870309069852     c 
         11.014556009490         12.540121770537          1.357556952478     c 
         10.687993980458         10.090385074988          0.512380880672     c 
         14.251141932110          4.373522547283         -0.461848654375     c 
         16.125358560583          5.582213243744         -1.863134389767     c 
         18.251432288493          4.267693218170         -2.620262388315     c 
         18.533300502438          1.738125052821         -2.005766295370     c 
         16.672788337234          0.529267612291         -0.615107813184     c 
         14.547230961851          1.831840616072          0.164355514210     c 
          9.142489325402          2.769209620005         -1.528891998836     c 
          6.790933423695          1.661244479793         -1.570524786680     c 
          2.180891938982         -1.431658700553          0.074370272221     c 
          4.369867985222         -2.928586353840          0.390605213049     c 
          6.135372756415         -4.134333335615          0.762885572193     n 
         -0.196462046526         -2.609561536748          0.016186949156     c 
         -0.411733294761         -5.363207853008          0.011073079195     c 
         -2.034901094778         -6.591825491073          1.688506024352     c 
         -2.224400820426         -9.184115334552          1.702825215145     c 
         -0.829826113339        -10.650551016460         -0.001214825813     c 
         -1.037187676034        -13.258227474418         -0.007845564663     n 
         -3.299069464210        -14.440870600845          0.732571870545     c 
         -5.629317020868        -13.470466233705         -0.020657223434     c 
         -7.839802632769        -14.655070116981          0.709395777275     c 
         -7.760336522338        -16.822232371657          2.176943770487     c 
         -5.446878160932        -17.800390349073          2.916477850511     c 
         -3.226682513160        -16.620856455628          2.208610085397     c 
          1.010853821667        -14.781174193650         -0.748500006450     c 
          3.464308394555        -14.191705166085          0.007870364009     c 
          5.460563087452        -15.710977972802         -0.719564280179     c 
          5.041364086292        -17.837494000463         -2.188843039422     c 
          2.603470831122        -18.437016596021         -2.932278774307     c 
          0.596923720090        -16.921118665815         -2.226975054972     c 
          0.779126351699         -9.413920757921         -1.698522494836     c 
          0.998604657677         -6.824050813401         -1.672598749284     c 
         -2.363268867898         -1.078267723258         -0.037511197380     c 
         -4.758693151018         -2.215859069401         -0.354257292450     c 
         -6.692543316690         -3.128026239712         -0.725321229166     n 
         -2.190883270780          1.569256190585         -0.030096919880     c 
         -4.483674735351          3.115033359066         -0.106079394944     c 
         -4.775621541295          5.020404178330         -1.904784212145     c 
         -6.948545922480          6.445379199479         -1.993916623693     c 
         -8.898959198327          6.046323795617         -0.253002275976     c 
        -11.078630404630          7.495076082718         -0.331840155161     n 
        -13.410894262832          6.487257819502          0.439565010882     c 
        -14.058467115307          4.000593110610         -0.143383104082     c 
        -16.363672813261          3.034064725936          0.614027116621     c 
        -18.059632173077          4.529009493041          1.935258416933     c 
        -17.428951037709          7.005453034469          2.505615598733     c 
        -15.120026284137          7.982811794928          1.774577913837     c 
        -10.992126100724         10.006392277174         -1.197845114464     c 
         -9.013652456303         11.596369182840         -0.493056891060     c 
         -8.950615865471         14.065938538299         -1.341257961090     c 
        -10.856393044134         14.986342178158         -2.883183466050     c 
        -12.831977365181         13.414607475850         -3.578111987482     c 
        -12.903808148126         10.937970660640         -2.751385536643     c 
         -8.592883224422          4.150161335515          1.564788342972     c 
         -6.436483410187          2.698409835283          1.616718797281     c 
          4.107823248984          4.780156578904          3.317970881175     h 
          8.294217335081          6.707591818366          3.438903835142     h 
         15.802286145516          7.397404498888          3.244828814244     h 
         16.380859148560         11.769411762604          4.721216496433     h 
         13.311360000097         15.075343411107          3.522328595340     h 
          9.667348755352         13.975406659841          0.817838673165     h 
          9.099781964202          9.615461637522         -0.679647549258     h 
         15.900026850517          7.551256102376         -2.352428394203     h 
         19.689507683491          5.222775159158         -3.709343679162     h 
         20.194132739747          0.715382000278         -2.603972191131     h 
         16.881296598884         -1.439269739807         -0.117428757501     h 
         13.108029994729          0.889575906461          1.264346951529     h 
         10.542415060103          2.222628908965         -2.907998699655     h 
          6.366227523775          0.266515517532         -3.000376581195     h 
         -3.099794606846         -5.502229221485          3.047931559778     h 
         -3.448022913394        -10.099679904857          3.053571832033     h 
         -5.695383000195        -11.790362712012         -1.179111070711     h 
         -9.634096747036        -13.885361463951          0.114186984999     h 
         -9.491259924715        -17.744172574509          2.739004097719     h 
         -5.368175014436        -19.485844635381          4.065105811350     h 
         -1.423355860359        -17.376837224975          2.794976958183     h 
          3.794032394634        -12.544084189437          1.167895593404     h 
          7.353040524944        -15.234988536333         -0.121147656644     h 
          6.605435961713        -19.021736134925         -2.748444030126     h 
          2.260759788554        -20.088480008568         -4.081897354329     h 
         -1.302402166449        -17.382056242002         -2.816085158285     h 
          1.844429211176        -10.504212581454         -3.053706615141     h 
          2.222187953579         -5.909120075374         -3.027137930334     h 
         -3.313672139541          5.334554567587         -3.294629566744     h 
         -7.160756298240          7.873827264836         -3.434358138739     h 
        -12.751023212854          2.836741654555         -1.194532661231     h 
        -16.842523613786          1.104701593847          0.150616661864     h 
        -19.861657742519          3.768451080996          2.515275221200     h 
        -18.736435933811          8.182421842820          3.540865548606     h 
        -14.624120382993          9.909100532469          2.233320562931     h 
         -7.533539511782         10.886051766639          0.720869811935     h 
         -7.408409675880         15.280165963739         -0.781263663151     h 
        -10.802779228620         16.917827873268         -3.537871815461     h 
        -14.321601415522         14.116029188854         -4.784536029192     h 
        -14.437171209486          9.708583739880         -3.303186900141     h 
        -10.057815765332          3.834745689697          2.948632531342     h 
         -6.227402777825          1.266087592888          3.057146136122     h 
$end
